trial,predatorType,subID,sim_playerStep,sim_attack,k
1,0,0,"[5, 7, 7, 7, 7, 6, 7, 7, 7, 5]","[1, 0, 0, 0, 0, 0, 1, 0, 0, 0]",1
1,0,1,"[8, 8, 8, 8, 8, 8, 8, 8, 8, 8]","[1, 0, 1, 0, 0, 1, 1, 0, 0, 1]",1
1,0,2,"[5, 5, 6, 5, 5, 5, 8, 5, 5, 8]","[0, 0, 0, 0, 0, 1, 1, 1, 0, 1]",1
1,0,3,"[6, 5, 5, 6, 4, 7, 6, 7, 4, 4]","[0, 0, 0, 0, 0, 0, 0, 0, 0, 0]",1
1,0,4,"[3, 4, 5, 3, 5, 4, 2, 5, 5, 4]","[0, 0, 1, 0, 0, 0, 0, 1, 1, 0]",1
1,0,5,"[2, 8, 4, 2, 5, 6, 4, 4, 5, 4]","[0, 1, 0, 0, 0, 1, 0, 0, 1, 0]",1
1,0,6,"[4, 6, 5, 5, 8, 5, 4, 8, 5, 5]","[0, 0, 0, 0, 0, 0, 1, 0, 0, 0]",1
1,0,7,"[4, 7, 9, 7, 7, 7, 8, 8, 7, 7]","[0, 1, 0, 0, 0, 0, 0, 1, 0, 0]",1
1,0,8,"[5, 6, 5, 5, 6, 7, 5, 5, 6, 5]","[1, 0, 0, 0, 1, 0, 0, 0, 1, 0]",1
1,0,9,"[5, 5, 6, 2, 4, 5, 4, 4, 4, 4]","[0, 0, 0, 0, 0, 0, 1, 0, 0, 0]",1
1,0,10,"[6, 4, 3, 4, 4, 5, 5, 4, 3, 4]","[0, 0, 0, 0, 0, 0, 0, 0, 0, 0]",1
1,0,11,"[3, 3, 8, 3, 6, 2, 4, 4, 4, 3]","[0, 0, 0, 0, 0, 0, 1, 1, 0, 0]",1
1,0,12,"[5, 5, 5, 4, 6, 5, 4, 5, 6, 5]","[1, 0, 1, 0, 0, 0, 1, 0, 0, 0]",1
1,0,13,"[6, 5, 5, 5, 5, 6, 2, 5, 6, 5]","[0, 1, 0, 0, 0, 0, 1, 1, 1, 0]",1
1,0,14,"[4, 5, 4, 5, 9, 9, 9, 3, 2, 4]","[0, 0, 0, 0, 0, 0, 1, 0, 0, 0]",1
1,0,15,"[6, 4, 3, 3, 5, 4, 3, 4, 2, 2]","[0, 0, 0, 0, 0, 0, 0, 0, 0, 0]",1
1,0,16,"[6, 8, 8, 4, 8, 5, 7, 7, 7, 5]","[0, 0, 0, 0, 0, 0, 0, 0, 0, 0]",1
1,0,17,"[8, 7, 7, 8, 5, 6, 5, 5, 7, 8]","[0, 0, 0, 1, 0, 0, 0, 0, 0, 0]",1
1,0,18,"[5, 9, 6, 6, 6, 7, 8, 8, 8, 5]","[0, 0, 0, 0, 0, 0, 0, 1, 0, 0]",1
1,0,19,"[3, 5, 3, 3, 5, 2, 3, 1, 2, 3]","[0, 0, 0, 0, 0, 0, 0, 0, 0, 0]",1
1,0,20,"[3, 4, 4, 3, 6, 4, 3, 5, 7, 5]","[0, 0, 0, 0, 0, 0, 1, 0, 0, 0]",1
1,0,21,"[6, 4, 4, 9, 6, 6, 3, 7, 9, 9]","[0, 0, 0, 1, 0, 1, 0, 0, 0, 0]",1
1,0,22,"[5, 5, 5, 5, 4, 5, 5, 5, 5, 5]","[0, 0, 0, 0, 0, 0, 0, 1, 0, 0]",1
1,0,23,"[6, 5, 4, 4, 4, 4, 2, 4, 4, 4]","[0, 1, 0, 0, 0, 1, 1, 0, 1, 0]",1
1,0,24,"[6, 7, 5, 7, 3, 2, 1, 5, 3, 7]","[0, 0, 0, 0, 0, 0, 0, 0, 0, 0]",1
1,0,25,"[5, 4, 5, 5, 6, 5, 5, 5, 5, 5]","[0, 0, 0, 0, 0, 0, 0, 0, 0, 0]",1
1,0,26,"[8, 5, 8, 9, 9, 8, 8, 9, 8, 6]","[0, 0, 0, 0, 1, 1, 0, 0, 0, 0]",1
1,0,27,"[6, 7, 6, 6, 6, 5, 6, 6, 7, 5]","[0, 0, 0, 0, 0, 1, 0, 1, 0, 0]",1
1,0,28,"[5, 5, 5, 6, 5, 6, 4, 9, 4, 5]","[0, 0, 0, 0, 0, 0, 0, 1, 0, 0]",1
1,0,29,"[9, 9, 9, 9, 9, 9, 9, 9, 9, 9]","[0, 0, 1, 1, 0, 1, 1, 0, 0, 0]",1
1,0,30,"[7, 6, 7, 5, 7, 7, 6, 7, 7, 7]","[1, 0, 0, 0, 0, 0, 0, 0, 1, 0]",1
1,0,31,"[2, 6, 7, 5, 6, 6, 6, 6, 7, 6]","[0, 0, 0, 0, 0, 0, 0, 1, 0, 0]",1
1,0,32,"[6, 4, 4, 3, 4, 4, 4, 5, 3, 4]","[0, 0, 0, 0, 1, 0, 0, 1, 0, 1]",1
1,0,33,"[3, 3, 3, 3, 5, 3, 3, 3, 4, 3]","[0, 0, 0, 0, 0, 0, 0, 0, 1, 0]",1
1,0,34,"[6, 4, 7, 6, 7, 7, 7, 6, 6, 8]","[0, 0, 0, 0, 0, 1, 0, 0, 0, 0]",1
1,0,35,"[4, 4, 4, 3, 4, 2, 4, 3, 4, 4]","[0, 0, 1, 1, 0, 0, 0, 0, 0, 1]",1
1,0,36,"[7, 9, 9, 4, 9, 5, 9, 8, 9, 7]","[0, 0, 1, 0, 0, 1, 1, 0, 1, 1]",1
1,0,37,"[8, 5, 5, 4, 4, 4, 5, 4, 5, 8]","[1, 0, 0, 1, 0, 0, 0, 0, 0, 0]",1
1,0,38,"[7, 5, 5, 5, 1, 5, 6, 5, 6, 5]","[0, 0, 0, 0, 0, 0, 0, 0, 1, 0]",1
1,0,39,"[3, 1, 3, 3, 3, 2, 3, 3, 2, 2]","[0, 1, 1, 0, 1, 0, 0, 0, 1, 0]",1
1,0,40,"[3, 3, 3, 3, 3, 3, 4, 3, 8, 3]","[0, 0, 0, 0, 0, 0, 1, 0, 0, 0]",1
1,0,41,"[5, 5, 5, 5, 4, 7, 5, 5, 4, 6]","[0, 0, 0, 0, 0, 1, 0, 0, 0, 0]",1
1,0,42,"[3, 5, 2, 8, 3, 3, 3, 5, 2, 3]","[0, 0, 0, 1, 0, 0, 0, 0, 0, 0]",1
1,0,43,"[8, 4, 4, 5, 5, 6, 6, 6, 5, 6]","[0, 0, 0, 1, 0, 0, 0, 0, 0, 0]",1
1,0,44,"[4, 4, 4, 5, 2, 2, 4, 3, 3, 4]","[0, 0, 0, 0, 0, 1, 0, 0, 0, 0]",1
1,0,45,"[5, 2, 6, 5, 5, 7, 2, 2, 5, 9]","[0, 0, 0, 0, 1, 0, 0, 0, 0, 0]",1
1,0,46,"[2, 1, 3, 3, 2, 3, 5, 3, 2, 2]","[0, 0, 0, 0, 0, 0, 0, 0, 0, 0]",1
1,0,47,"[6, 6, 7, 6, 7, 7, 7, 6, 7, 7]","[0, 1, 1, 1, 0, 0, 1, 0, 1, 0]",1
1,0,48,"[4, 4, 4, 4, 4, 4, 4, 4, 4, 5]","[0, 0, 0, 0, 0, 0, 0, 0, 1, 0]",1
1,0,49,"[2, 4, 4, 3, 4, 5, 4, 4, 4, 4]","[0, 0, 0, 0, 0, 0, 0, 1, 0, 0]",1
1,0,50,"[7, 7, 9, 6, 7, 7, 7, 6, 7, 5]","[0, 0, 0, 0, 0, 0, 0, 0, 0, 0]",1
1,0,51,"[6, 6, 4, 6, 6, 6, 6, 6, 7, 6]","[0, 0, 0, 0, 1, 0, 0, 0, 1, 1]",1
1,0,52,"[1, 4, 6, 4, 5, 4, 3, 3, 2, 1]","[0, 0, 1, 0, 0, 0, 1, 0, 0, 1]",1
1,0,53,"[5, 4, 4, 4, 8, 5, 4, 4, 5, 3]","[0, 0, 0, 0, 1, 0, 0, 1, 1, 0]",1
1,0,54,"[7, 7, 7, 6, 2, 9, 8, 4, 7, 8]","[0, 0, 0, 0, 1, 0, 1, 0, 0, 1]",1
1,0,55,"[6, 3, 6, 6, 6, 6, 5, 7, 6, 7]","[0, 0, 0, 0, 0, 0, 0, 0, 0, 1]",1
1,0,56,"[5, 5, 4, 2, 4, 4, 5, 4, 3, 4]","[0, 1, 0, 0, 0, 0, 0, 0, 0, 0]",1
1,0,57,"[2, 6, 4, 6, 4, 1, 3, 5, 3, 6]","[0, 0, 0, 1, 0, 0, 0, 0, 0, 1]",1
1,0,58,"[4, 2, 3, 5, 4, 4, 4, 3, 5, 5]","[0, 0, 0, 0, 1, 0, 0, 0, 0, 0]",1
1,0,59,"[3, 3, 3, 3, 4, 4, 3, 4, 4, 3]","[0, 0, 0, 0, 0, 1, 0, 0, 0, 1]",1
1,0,60,"[2, 5, 2, 4, 4, 4, 3, 2, 2, 2]","[0, 0, 0, 0, 0, 0, 0, 0, 0, 0]",1
1,0,61,"[8, 4, 5, 2, 4, 3, 4, 4, 5, 4]","[0, 0, 0, 0, 0, 0, 1, 0, 0, 0]",1
1,0,62,"[8, 7, 7, 8, 8, 8, 5, 8, 6, 8]","[1, 0, 0, 1, 0, 0, 0, 0, 0, 0]",1
1,0,63,"[4, 4, 5, 2, 4, 2, 4, 4, 4, 3]","[0, 0, 0, 0, 0, 0, 0, 0, 0, 0]",1
1,0,64,"[7, 7, 7, 8, 7, 7, 6, 8, 8, 7]","[0, 0, 1, 0, 0, 0, 0, 0, 0, 1]",1
1,0,65,"[3, 3, 2, 3, 3, 6, 2, 4, 2, 2]","[0, 0, 0, 0, 0, 0, 0, 0, 0, 0]",1
1,0,66,"[4, 5, 5, 6, 5, 5, 5, 6, 6, 5]","[0, 0, 1, 0, 0, 0, 1, 0, 0, 0]",1
1,0,67,"[4, 3, 4, 3, 5, 7, 4, 4, 5, 2]","[1, 0, 0, 0, 0, 0, 0, 0, 0, 0]",1
1,0,68,"[6, 4, 5, 5, 4, 4, 4, 6, 5, 5]","[0, 0, 0, 0, 0, 0, 1, 0, 1, 0]",1
1,0,69,"[9, 4, 4, 5, 4, 6, 4, 5, 5, 2]","[0, 0, 0, 0, 0, 0, 0, 0, 0, 0]",1
1,0,70,"[6, 5, 5, 6, 6, 5, 6, 5, 6, 2]","[0, 1, 1, 0, 1, 0, 1, 0, 0, 0]",1
1,0,71,"[5, 5, 5, 4, 5, 5, 5, 5, 5, 5]","[0, 0, 0, 1, 0, 0, 0, 1, 0, 0]",1
1,0,72,"[5, 5, 5, 5, 4, 9, 5, 5, 5, 5]","[0, 0, 0, 0, 0, 1, 1, 0, 0, 0]",1
1,0,73,"[6, 8, 6, 3, 3, 4, 4, 3, 4, 7]","[0, 1, 0, 0, 0, 0, 0, 1, 0, 1]",1
1,0,74,"[3, 4, 3, 4, 3, 4, 4, 1, 2, 3]","[0, 0, 0, 0, 0, 0, 0, 0, 0, 1]",1
1,0,75,"[8, 5, 8, 8, 9, 2, 9, 9, 9, 9]","[0, 0, 1, 1, 1, 0, 1, 0, 1, 0]",1
1,0,76,"[4, 4, 2, 5, 4, 5, 5, 1, 4, 5]","[0, 0, 0, 0, 0, 1, 0, 0, 0, 0]",1
1,0,77,"[9, 8, 9, 8, 4, 9, 8, 7, 9, 9]","[1, 0, 0, 1, 1, 0, 0, 0, 0, 1]",1
1,0,78,"[5, 3, 4, 5, 4, 4, 4, 4, 4, 4]","[1, 0, 0, 0, 0, 0, 0, 0, 0, 1]",1
1,0,79,"[5, 6, 3, 7, 4, 5, 5, 7, 4, 5]","[0, 0, 0, 1, 0, 1, 0, 0, 0, 0]",1
1,0,80,"[3, 5, 2, 9, 8, 7, 6, 6, 6, 7]","[0, 0, 0, 0, 0, 0, 1, 0, 0, 0]",1
1,0,81,"[3, 5, 6, 5, 5, 4, 4, 5, 6, 2]","[0, 1, 1, 0, 0, 0, 0, 0, 0, 0]",1
1,0,82,"[4, 5, 5, 3, 6, 5, 6, 5, 6, 7]","[0, 0, 0, 0, 1, 0, 0, 1, 0, 0]",1
1,0,83,"[8, 8, 7, 5, 8, 5, 6, 3, 6, 5]","[0, 1, 1, 0, 0, 0, 0, 0, 0, 1]",1
1,0,84,"[6, 4, 4, 5, 5, 5, 4, 2, 6, 5]","[1, 0, 0, 1, 0, 0, 0, 0, 0, 0]",1
1,0,85,"[6, 6, 6, 6, 7, 5, 6, 6, 6, 6]","[0, 0, 0, 0, 0, 1, 1, 0, 0, 0]",1
1,0,86,"[9, 9, 9, 9, 9, 9, 9, 9, 9, 9]","[0, 1, 1, 1, 0, 0, 1, 1, 1, 1]",1
1,0,87,"[5, 4, 5, 3, 7, 5, 8, 4, 5, 4]","[0, 0, 0, 0, 0, 0, 0, 0, 0, 0]",1
1,0,88,"[6, 6, 6, 6, 6, 7, 6, 6, 6, 6]","[0, 1, 0, 0, 0, 0, 0, 0, 0, 1]",1
1,0,89,"[3, 4, 5, 3, 4, 3, 3, 3, 3, 3]","[0, 0, 0, 0, 0, 0, 0, 0, 0, 0]",1
1,0,90,"[6, 5, 2, 4, 3, 6, 8, 5, 5, 5]","[0, 0, 0, 0, 1, 0, 0, 0, 0, 0]",1
1,0,91,"[6, 9, 6, 5, 3, 4, 3, 4, 6, 5]","[1, 1, 1, 0, 0, 1, 0, 0, 0, 0]",1
1,0,92,"[6, 1, 7, 6, 4, 4, 6, 5, 6, 5]","[1, 0, 0, 0, 0, 0, 0, 1, 0, 0]",1
1,0,93,"[1, 5, 6, 2, 3, 2, 1, 2, 5, 4]","[0, 0, 0, 0, 0, 0, 0, 0, 0, 0]",1
1,0,94,"[6, 5, 6, 5, 4, 3, 5, 6, 5, 5]","[0, 0, 0, 0, 0, 0, 0, 0, 0, 0]",1
1,0,95,"[3, 4, 4, 4, 4, 3, 3, 1, 3, 3]","[0, 0, 0, 0, 0, 0, 0, 0, 0, 0]",1
1,0,96,"[3, 6, 6, 6, 5, 5, 4, 6, 6, 5]","[0, 0, 0, 0, 0, 0, 0, 0, 0, 0]",1
1,0,97,"[6, 7, 5, 6, 2, 5, 3, 7, 6, 4]","[0, 0, 0, 0, 0, 0, 0, 0, 0, 0]",1
1,0,98,"[9, 9, 9, 9, 9, 9, 9, 9, 9, 9]","[0, 1, 0, 0, 0, 0, 0, 0, 0, 0]",1
1,0,99,"[3, 5, 4, 5, 8, 5, 4, 4, 5, 4]","[0, 1, 0, 0, 1, 0, 0, 1, 0, 0]",1
1,0,100,"[7, 7, 7, 7, 7, 7, 7, 8, 8, 1]","[0, 0, 0, 0, 0, 0, 0, 0, 1, 0]",1
1,0,101,"[8, 8, 8, 8, 6, 8, 2, 8, 8, 9]","[0, 0, 0, 0, 0, 0, 0, 0, 0, 0]",1
1,0,102,"[5, 3, 5, 5, 8, 5, 3, 4, 1, 8]","[0, 0, 0, 0, 0, 0, 0, 0, 0, 0]",1
1,0,103,"[7, 7, 7, 7, 6, 7, 6, 7, 8, 7]","[0, 0, 1, 0, 0, 0, 0, 1, 1, 0]",1
1,0,104,"[7, 7, 3, 7, 6, 7, 7, 7, 9, 9]","[0, 0, 0, 0, 0, 0, 0, 0, 0, 0]",1
1,0,105,"[7, 8, 8, 6, 7, 6, 6, 8, 6, 8]","[1, 0, 1, 0, 0, 1, 0, 0, 1, 0]",1
1,0,106,"[8, 4, 5, 6, 4, 4, 4, 3, 5, 4]","[0, 0, 0, 0, 0, 0, 0, 0, 0, 0]",1
1,0,107,"[3, 3, 4, 5, 3, 4, 3, 3, 3, 3]","[0, 0, 0, 0, 0, 0, 0, 0, 1, 1]",1
1,0,108,"[9, 4, 5, 8, 9, 4, 6, 6, 7, 8]","[1, 0, 0, 0, 0, 0, 1, 1, 1, 1]",1
1,0,109,"[6, 6, 6, 6, 6, 4, 5, 5, 5, 5]","[0, 0, 0, 0, 0, 0, 0, 0, 0, 0]",1
1,0,110,"[6, 7, 6, 6, 7, 6, 6, 4, 6, 4]","[0, 0, 1, 0, 1, 0, 1, 1, 0, 0]",1
1,0,111,"[6, 7, 7, 4, 7, 7, 7, 1, 6, 7]","[0, 1, 0, 0, 0, 0, 1, 0, 0, 1]",1
1,0,112,"[6, 6, 5, 6, 7, 7, 6, 6, 6, 6]","[0, 1, 0, 0, 0, 0, 0, 1, 0, 0]",1
1,0,113,"[7, 4, 5, 8, 4, 3, 3, 7, 3, 4]","[0, 0, 0, 0, 0, 0, 0, 0, 0, 0]",1
1,0,114,"[4, 6, 4, 3, 4, 4, 4, 2, 4, 4]","[0, 1, 0, 0, 1, 1, 0, 1, 1, 0]",1
1,0,115,"[9, 9, 9, 9, 9, 9, 9, 9, 9, 9]","[0, 1, 0, 0, 1, 0, 1, 1, 1, 1]",1
1,0,116,"[9, 9, 9, 9, 9, 9, 9, 9, 9, 9]","[1, 0, 0, 1, 1, 1, 0, 1, 0, 1]",1
1,0,117,"[3, 4, 3, 4, 3, 2, 3, 4, 2, 3]","[0, 0, 0, 0, 0, 0, 0, 0, 1, 0]",1
1,0,118,"[7, 2, 7, 7, 7, 7, 4, 7, 6, 8]","[0, 1, 0, 1, 0, 0, 0, 0, 1, 0]",1
1,0,119,"[5, 5, 5, 5, 4, 5, 4, 5, 5, 5]","[1, 0, 0, 1, 0, 1, 1, 0, 0, 0]",1
1,0,120,"[4, 4, 2, 5, 4, 7, 5, 4, 4, 6]","[1, 0, 0, 0, 0, 0, 0, 0, 0, 0]",1
1,0,121,"[4, 4, 4, 4, 4, 4, 3, 5, 4, 4]","[1, 0, 0, 0, 1, 0, 0, 0, 0, 1]",1
1,0,122,"[7, 6, 4, 6, 6, 6, 8, 6, 6, 6]","[0, 0, 1, 0, 1, 0, 1, 0, 0, 0]",1
1,0,123,"[6, 5, 5, 7, 5, 5, 6, 6, 5, 8]","[0, 1, 0, 0, 0, 0, 0, 0, 0, 1]",1
1,0,124,"[5, 2, 1, 5, 9, 5, 9, 3, 9, 5]","[0, 1, 0, 1, 0, 1, 1, 0, 0, 1]",1
1,0,125,"[7, 5, 5, 1, 4, 5, 5, 5, 6, 5]","[1, 0, 0, 0, 0, 0, 1, 1, 0, 1]",1
1,0,126,"[3, 3, 4, 4, 4, 3, 4, 4, 4, 3]","[0, 0, 0, 0, 0, 0, 1, 0, 0, 0]",1
1,0,127,"[5, 5, 5, 5, 5, 5, 5, 6, 5, 5]","[0, 0, 0, 0, 0, 0, 0, 0, 0, 0]",1
1,0,128,"[6, 6, 7, 7, 6, 6, 6, 5, 7, 5]","[1, 0, 0, 0, 1, 1, 0, 0, 0, 0]",1
1,0,129,"[8, 5, 4, 4, 5, 7, 4, 7, 4, 4]","[1, 0, 0, 1, 1, 1, 0, 0, 0, 0]",1
1,0,130,"[7, 8, 9, 7, 6, 7, 7, 6, 7, 7]","[0, 1, 1, 0, 0, 1, 0, 1, 1, 0]",1
1,0,131,"[2, 9, 8, 8, 8, 8, 9, 7, 8, 9]","[0, 0, 1, 1, 0, 0, 0, 0, 0, 0]",1
1,0,132,"[5, 4, 6, 2, 6, 4, 4, 4, 6, 7]","[0, 1, 0, 0, 0, 0, 0, 0, 1, 0]",1
1,0,133,"[3, 3, 2, 2, 2, 2, 2, 1, 6, 2]","[0, 0, 0, 1, 1, 0, 1, 0, 0, 1]",1
1,0,134,"[7, 6, 7, 7, 6, 6, 6, 7, 7, 6]","[0, 0, 0, 0, 0, 0, 0, 0, 0, 0]",1
1,0,135,"[5, 6, 7, 8, 7, 8, 6, 4, 5, 5]","[0, 1, 0, 0, 0, 1, 1, 0, 0, 0]",1
1,0,136,"[5, 5, 3, 9, 6, 5, 6, 5, 4, 6]","[0, 0, 0, 1, 1, 0, 1, 0, 0, 0]",1
1,0,137,"[4, 4, 4, 5, 5, 5, 5, 5, 7, 7]","[0, 0, 0, 1, 0, 0, 0, 0, 0, 1]",1
1,0,138,"[6, 4, 5, 4, 5, 4, 4, 3, 4, 4]","[0, 0, 1, 0, 0, 1, 0, 0, 1, 1]",1
1,0,139,"[5, 4, 6, 4, 4, 4, 5, 4, 4, 3]","[0, 0, 0, 0, 0, 0, 0, 0, 0, 0]",1
1,0,140,"[5, 4, 5, 5, 7, 4, 5, 2, 5, 4]","[0, 0, 1, 0, 0, 0, 0, 0, 0, 0]",1
1,0,141,"[4, 6, 3, 4, 1, 4, 7, 2, 4, 4]","[0, 0, 0, 0, 0, 1, 0, 0, 0, 1]",1
1,0,142,"[4, 7, 6, 5, 7, 4, 3, 6, 3, 1]","[1, 0, 0, 0, 0, 0, 0, 0, 0, 1]",1
1,0,143,"[5, 5, 5, 5, 5, 5, 5, 4, 4, 5]","[0, 1, 0, 1, 1, 0, 0, 1, 1, 0]",1
1,0,144,"[9, 9, 9, 9, 3, 9, 8, 8, 8, 8]","[0, 0, 0, 0, 0, 0, 1, 1, 1, 1]",1
1,0,145,"[6, 6, 6, 7, 7, 7, 6, 2, 7, 5]","[0, 0, 0, 0, 0, 0, 0, 0, 0, 0]",1
1,0,146,"[6, 6, 7, 7, 6, 6, 6, 6, 6, 6]","[0, 0, 1, 0, 0, 0, 0, 1, 0, 0]",1
1,0,147,"[5, 5, 5, 6, 6, 6, 5, 4, 3, 5]","[0, 0, 0, 0, 0, 1, 0, 0, 0, 0]",1
1,0,148,"[6, 6, 6, 5, 6, 6, 6, 5, 9, 5]","[0, 0, 0, 0, 0, 0, 0, 0, 0, 0]",1
1,0,149,"[5, 4, 4, 4, 1, 5, 4, 3, 6, 5]","[0, 1, 0, 1, 0, 0, 1, 0, 0, 0]",1
1,0,150,"[5, 4, 4, 6, 4, 4, 5, 4, 4, 5]","[0, 0, 1, 1, 0, 0, 1, 0, 0, 0]",1
1,0,151,"[4, 4, 4, 4, 9, 4, 3, 4, 4, 4]","[0, 0, 0, 1, 1, 0, 0, 0, 0, 1]",1
1,0,152,"[5, 4, 5, 2, 5, 7, 5, 1, 5, 5]","[0, 0, 0, 1, 0, 1, 1, 0, 0, 0]",1
1,0,153,"[7, 6, 4, 6, 5, 6, 7, 5, 5, 6]","[0, 0, 0, 0, 0, 0, 0, 0, 0, 0]",1
1,0,154,"[5, 4, 5, 5, 4, 5, 5, 6, 4, 6]","[0, 0, 0, 0, 0, 0, 0, 0, 0, 0]",1
1,0,155,"[9, 9, 9, 8, 9, 9, 6, 9, 5, 9]","[0, 0, 1, 0, 0, 0, 0, 1, 0, 1]",1
1,0,156,"[4, 4, 4, 4, 2, 6, 4, 4, 4, 4]","[0, 0, 0, 0, 0, 0, 0, 0, 0, 0]",1
1,0,157,"[5, 5, 5, 5, 5, 6, 5, 3, 5, 5]","[0, 0, 0, 0, 0, 0, 0, 0, 1, 0]",1
1,0,158,"[6, 5, 7, 8, 5, 4, 5, 5, 5, 5]","[0, 0, 0, 0, 1, 0, 0, 0, 0, 0]",1
1,0,159,"[5, 5, 5, 5, 5, 5, 6, 4, 5, 5]","[0, 0, 1, 0, 0, 0, 1, 0, 0, 0]",1
1,0,160,"[5, 6, 5, 9, 9, 5, 5, 9, 5, 6]","[0, 1, 0, 0, 1, 0, 0, 1, 0, 0]",1
1,0,161,"[3, 3, 3, 6, 3, 3, 3, 4, 4, 4]","[0, 0, 0, 1, 0, 0, 0, 0, 0, 0]",1
1,0,162,"[9, 9, 9, 4, 9, 9, 9, 9, 7, 9]","[0, 0, 1, 0, 0, 0, 0, 1, 0, 0]",1
1,0,163,"[8, 3, 3, 3, 8, 3, 8, 3, 3, 3]","[0, 0, 0, 0, 0, 0, 0, 0, 0, 0]",1
1,0,164,"[9, 9, 9, 9, 9, 9, 9, 9, 9, 9]","[0, 1, 0, 0, 0, 0, 0, 1, 1, 0]",1
1,0,165,"[6, 6, 7, 6, 7, 7, 7, 7, 7, 6]","[0, 1, 0, 0, 1, 1, 1, 0, 0, 0]",1
1,0,166,"[5, 4, 4, 5, 5, 5, 4, 4, 5, 3]","[1, 0, 0, 0, 0, 0, 0, 0, 1, 0]",1
1,0,167,"[9, 9, 9, 9, 9, 8, 9, 9, 9, 9]","[1, 0, 1, 0, 0, 0, 0, 0, 0, 0]",1
1,0,168,"[7, 8, 7, 6, 6, 5, 8, 7, 9, 6]","[0, 1, 0, 0, 1, 0, 0, 1, 1, 1]",1
1,0,169,"[5, 8, 4, 6, 6, 6, 7, 6, 5, 6]","[0, 0, 0, 0, 0, 0, 0, 0, 0, 0]",1
1,0,170,"[8, 9, 9, 9, 9, 9, 9, 9, 9, 9]","[0, 0, 0, 0, 1, 1, 0, 0, 0, 0]",1
1,0,171,"[7, 4, 5, 6, 7, 9, 6, 5, 9, 6]","[0, 1, 1, 1, 0, 0, 1, 0, 0, 0]",1
1,0,172,"[7, 5, 8, 6, 8, 8, 5, 8, 8, 8]","[0, 0, 1, 0, 0, 0, 0, 1, 1, 0]",1
1,0,173,"[8, 8, 8, 8, 8, 8, 3, 9, 7, 8]","[0, 0, 0, 1, 0, 0, 0, 0, 0, 0]",1
1,0,174,"[8, 7, 7, 6, 7, 7, 7, 7, 7, 7]","[1, 1, 0, 1, 0, 1, 1, 0, 0, 0]",1
1,0,175,"[2, 1, 2, 2, 2, 9, 3, 2, 2, 2]","[0, 0, 0, 0, 0, 1, 0, 0, 0, 0]",1
1,0,176,"[1, 8, 5, 8, 7, 4, 6, 7, 7, 8]","[0, 0, 0, 0, 0, 1, 0, 1, 0, 1]",1
1,0,177,"[4, 4, 4, 8, 5, 4, 5, 5, 4, 1]","[0, 1, 1, 0, 0, 0, 0, 0, 0, 1]",1
1,0,178,"[8, 9, 5, 3, 8, 7, 7, 8, 9, 7]","[0, 1, 0, 1, 0, 0, 0, 1, 1, 1]",1
1,0,179,"[8, 6, 5, 8, 8, 9, 3, 7, 9, 5]","[0, 0, 0, 0, 0, 1, 0, 0, 1, 0]",1
1,0,180,"[3, 4, 6, 4, 2, 3, 3, 8, 9, 3]","[0, 0, 0, 0, 0, 0, 1, 0, 1, 0]",1
1,0,181,"[5, 5, 5, 6, 8, 5, 4, 4, 3, 5]","[0, 0, 0, 0, 0, 0, 0, 0, 0, 0]",1
1,0,182,"[8, 9, 9, 9, 5, 3, 9, 4, 9, 9]","[1, 1, 1, 1, 0, 0, 0, 1, 1, 1]",1
1,0,183,"[6, 3, 5, 6, 5, 6, 4, 6, 5, 6]","[0, 1, 0, 0, 0, 0, 0, 0, 0, 0]",1
1,0,184,"[8, 5, 5, 7, 7, 7, 7, 7, 7, 6]","[1, 0, 0, 0, 0, 0, 0, 0, 0, 0]",1
1,0,185,"[4, 7, 6, 9, 6, 5, 7, 7, 2, 5]","[0, 0, 0, 0, 0, 0, 0, 1, 0, 0]",1
1,0,186,"[8, 5, 9, 7, 9, 9, 9, 8, 9, 9]","[1, 0, 1, 0, 0, 0, 0, 1, 0, 0]",1
1,0,187,"[7, 5, 6, 1, 4, 7, 6, 7, 2, 7]","[0, 0, 0, 0, 0, 1, 1, 0, 1, 0]",1
1,0,188,"[8, 9, 9, 8, 8, 9, 9, 8, 9, 9]","[1, 0, 0, 0, 0, 1, 0, 0, 1, 0]",1
1,0,189,"[5, 4, 5, 5, 4, 5, 5, 5, 5, 6]","[0, 0, 0, 0, 0, 0, 0, 0, 0, 0]",1
1,0,190,"[4, 3, 3, 6, 2, 4, 1, 5, 6, 4]","[0, 0, 0, 1, 0, 0, 0, 1, 0, 0]",1
1,0,191,"[9, 9, 9, 8, 7, 4, 8, 8, 8, 8]","[1, 0, 0, 0, 0, 0, 0, 1, 0, 0]",1
1,0,192,"[5, 5, 5, 5, 6, 4, 6, 5, 5, 5]","[1, 1, 0, 0, 0, 0, 0, 0, 0, 0]",1
1,0,193,"[9, 9, 9, 9, 9, 8, 9, 8, 9, 9]","[0, 1, 1, 1, 0, 0, 1, 1, 1, 0]",1
1,0,194,"[8, 8, 4, 8, 4, 2, 4, 6, 5, 6]","[0, 0, 0, 0, 1, 0, 0, 0, 0, 0]",1
1,0,195,"[5, 8, 2, 1, 4, 4, 2, 6, 2, 4]","[0, 1, 0, 1, 0, 0, 1, 0, 0, 0]",1
1,0,196,"[2, 3, 3, 2, 4, 1, 4, 2, 3, 2]","[1, 0, 0, 0, 0, 0, 0, 0, 1, 0]",1
1,0,197,"[5, 6, 7, 4, 5, 1, 8, 5, 4, 5]","[0, 0, 1, 0, 1, 0, 1, 0, 1, 0]",1
1,0,198,"[2, 1, 5, 5, 4, 4, 3, 5, 6, 6]","[0, 0, 0, 0, 0, 0, 0, 0, 1, 0]",1
1,0,199,"[5, 5, 5, 5, 5, 5, 5, 4, 5, 6]","[0, 0, 0, 1, 0, 0, 0, 0, 0, 1]",1
1,0,200,"[4, 3, 9, 4, 4, 4, 4, 4, 5, 2]","[0, 0, 1, 0, 0, 1, 0, 0, 0, 0]",1
1,0,201,"[9, 7, 9, 9, 7, 6, 8, 7, 8, 9]","[0, 0, 0, 0, 0, 0, 0, 0, 1, 0]",1
1,0,202,"[7, 7, 8, 7, 7, 7, 1, 7, 6, 7]","[1, 1, 0, 0, 0, 0, 0, 0, 0, 0]",1
1,0,203,"[5, 5, 5, 5, 5, 4, 3, 5, 1, 4]","[0, 0, 0, 0, 0, 1, 0, 0, 0, 0]",1
1,0,204,"[4, 4, 4, 5, 4, 4, 4, 9, 4, 3]","[0, 0, 0, 0, 0, 0, 1, 0, 0, 0]",1
1,0,205,"[6, 5, 5, 5, 4, 6, 5, 5, 5, 5]","[0, 0, 0, 0, 0, 0, 0, 1, 0, 0]",1
1,0,206,"[8, 8, 2, 8, 8, 7, 8, 6, 8, 8]","[0, 1, 0, 0, 1, 0, 1, 0, 0, 0]",1
1,0,207,"[2, 4, 3, 3, 4, 2, 4, 7, 5, 4]","[0, 0, 0, 0, 0, 0, 0, 0, 0, 0]",1
1,0,208,"[9, 1, 9, 9, 9, 9, 9, 9, 9, 9]","[0, 0, 1, 0, 0, 0, 0, 0, 0, 1]",1
1,0,209,"[6, 8, 5, 6, 6, 5, 8, 8, 6, 7]","[0, 0, 0, 0, 0, 0, 1, 0, 1, 1]",1
1,1,0,"[5, 7, 5, 5, 6, 5, 6, 4, 5, 6]","[0, 0, 0, 0, 0, 0, 1, 0, 0, 0]",1
1,1,1,"[3, 5, 4, 5, 5, 3, 1, 5, 4, 4]","[0, 0, 0, 0, 1, 0, 0, 0, 1, 1]",1
1,1,2,"[1, 2, 4, 2, 5, 2, 3, 2, 3, 2]","[0, 0, 0, 0, 0, 0, 0, 0, 0, 0]",1
1,1,3,"[6, 4, 4, 4, 5, 7, 4, 6, 5, 6]","[0, 0, 0, 0, 0, 0, 0, 1, 0, 1]",1
1,1,4,"[3, 3, 3, 2, 2, 4, 5, 3, 4, 2]","[0, 0, 0, 0, 0, 0, 0, 1, 0, 0]",1
1,1,5,"[3, 1, 3, 3, 2, 2, 4, 3, 3, 3]","[0, 0, 0, 1, 0, 1, 0, 0, 0, 0]",1
1,1,6,"[1, 2, 6, 5, 3, 3, 2, 2, 3, 2]","[0, 0, 0, 0, 0, 0, 0, 0, 0, 0]",1
1,1,7,"[5, 4, 5, 4, 5, 4, 4, 4, 4, 5]","[0, 0, 0, 0, 0, 0, 0, 1, 0, 0]",1
1,1,8,"[2, 2, 2, 2, 2, 1, 2, 2, 3, 2]","[0, 1, 0, 0, 0, 1, 0, 0, 1, 1]",1
1,1,9,"[3, 4, 5, 5, 5, 5, 3, 3, 3, 5]","[0, 0, 0, 0, 0, 0, 0, 0, 0, 1]",1
1,1,10,"[5, 4, 4, 5, 5, 4, 5, 4, 4, 6]","[0, 0, 0, 0, 0, 0, 0, 0, 1, 0]",1
1,1,11,"[2, 1, 2, 2, 2, 1, 1, 3, 2, 7]","[0, 0, 0, 0, 0, 0, 0, 1, 0, 1]",1
1,1,12,"[4, 5, 4, 4, 4, 4, 5, 4, 4, 6]","[1, 0, 1, 0, 0, 0, 0, 1, 0, 0]",1
1,1,13,"[5, 4, 1, 6, 8, 5, 4, 5, 5, 5]","[1, 0, 0, 0, 0, 0, 0, 1, 0, 0]",1
1,1,14,"[4, 4, 4, 4, 4, 4, 3, 4, 3, 4]","[0, 0, 0, 1, 0, 0, 0, 0, 0, 0]",1
1,1,15,"[4, 5, 5, 5, 5, 5, 4, 6, 5, 5]","[1, 0, 0, 0, 0, 1, 1, 0, 0, 1]",1
1,1,16,"[7, 1, 6, 6, 5, 5, 5, 5, 5, 8]","[1, 0, 1, 0, 0, 0, 0, 0, 0, 0]",1
1,1,17,"[5, 4, 4, 5, 4, 3, 5, 5, 4, 3]","[1, 0, 0, 0, 0, 0, 0, 0, 0, 0]",1
1,1,18,"[5, 4, 5, 4, 5, 5, 4, 3, 5, 4]","[0, 0, 0, 0, 1, 0, 0, 0, 0, 0]",1
1,1,19,"[1, 3, 2, 2, 2, 2, 3, 2, 1, 2]","[0, 0, 0, 0, 0, 0, 0, 0, 0, 0]",1
1,1,20,"[3, 4, 4, 2, 5, 3, 4, 5, 5, 6]","[1, 1, 0, 0, 0, 0, 0, 1, 1, 0]",1
1,1,21,"[4, 5, 5, 6, 6, 5, 5, 5, 5, 8]","[0, 0, 0, 0, 1, 0, 0, 0, 0, 1]",1
1,1,22,"[4, 3, 3, 4, 5, 4, 4, 5, 6, 4]","[0, 0, 0, 0, 1, 0, 0, 0, 1, 0]",1
1,1,23,"[6, 3, 3, 2, 3, 4, 3, 4, 4, 3]","[1, 0, 1, 0, 0, 1, 1, 0, 1, 0]",1
1,1,24,"[5, 5, 5, 3, 4, 4, 2, 1, 4, 3]","[0, 1, 0, 0, 1, 1, 0, 0, 1, 0]",1
1,1,25,"[5, 4, 5, 5, 4, 4, 4, 4, 4, 3]","[0, 0, 0, 0, 0, 0, 0, 0, 0, 0]",1
1,1,26,"[5, 6, 6, 9, 9, 9, 9, 9, 9, 8]","[0, 0, 0, 0, 1, 0, 1, 0, 0, 1]",1
1,1,27,"[3, 1, 3, 8, 2, 3, 3, 3, 2, 3]","[0, 0, 0, 1, 0, 0, 0, 0, 0, 1]",1
1,1,28,"[3, 3, 3, 4, 3, 2, 3, 3, 3, 8]","[0, 0, 0, 0, 1, 0, 1, 0, 1, 0]",1
1,1,29,"[9, 9, 9, 9, 9, 9, 9, 3, 9, 9]","[1, 0, 0, 0, 1, 1, 0, 0, 0, 0]",1
1,1,30,"[4, 4, 2, 4, 5, 2, 3, 5, 5, 5]","[0, 0, 0, 0, 0, 0, 0, 0, 0, 0]",1
1,1,31,"[4, 5, 5, 5, 2, 4, 6, 4, 4, 5]","[0, 1, 1, 1, 0, 0, 1, 0, 1, 1]",1
1,1,32,"[2, 2, 7, 3, 4, 3, 3, 4, 2, 3]","[0, 0, 0, 0, 0, 0, 0, 1, 0, 0]",1
1,1,33,"[3, 3, 3, 3, 3, 3, 2, 4, 5, 3]","[0, 0, 0, 0, 0, 0, 0, 0, 0, 0]",1
1,1,34,"[5, 7, 6, 5, 5, 7, 5, 5, 4, 5]","[0, 0, 1, 0, 0, 1, 1, 1, 1, 0]",1
1,1,35,"[1, 2, 2, 1, 2, 2, 2, 2, 5, 2]","[0, 0, 0, 0, 0, 0, 0, 0, 0, 0]",1
1,1,36,"[5, 4, 8, 4, 4, 3, 1, 4, 3, 5]","[0, 0, 1, 0, 0, 0, 0, 0, 0, 0]",1
1,1,37,"[4, 3, 4, 7, 4, 4, 5, 4, 3, 4]","[0, 0, 0, 0, 0, 0, 0, 0, 0, 0]",1
1,1,38,"[2, 5, 9, 4, 4, 5, 3, 3, 6, 4]","[0, 0, 1, 0, 1, 0, 0, 0, 0, 0]",1
1,1,39,"[2, 1, 1, 1, 1, 1, 1, 1, 2, 1]","[1, 0, 0, 0, 0, 0, 0, 0, 0, 1]",1
1,1,40,"[3, 3, 3, 2, 3, 3, 3, 3, 3, 3]","[0, 0, 0, 0, 0, 0, 0, 0, 0, 0]",1
1,1,41,"[3, 3, 5, 5, 3, 5, 3, 3, 2, 3]","[0, 0, 0, 1, 0, 0, 0, 0, 1, 0]",1
1,1,42,"[5, 6, 1, 3, 4, 1, 3, 2, 4, 2]","[0, 0, 0, 0, 0, 0, 0, 0, 0, 0]",1
1,1,43,"[7, 4, 1, 6, 4, 6, 4, 5, 6, 6]","[0, 0, 0, 0, 1, 0, 0, 0, 1, 1]",1
1,1,44,"[4, 7, 6, 4, 4, 3, 4, 4, 4, 4]","[0, 0, 0, 0, 0, 0, 0, 0, 0, 0]",1
1,1,45,"[5, 5, 5, 5, 5, 5, 4, 4, 4, 4]","[0, 1, 1, 0, 1, 0, 1, 0, 0, 1]",1
1,1,46,"[3, 2, 3, 3, 3, 3, 3, 3, 3, 3]","[0, 1, 1, 0, 0, 0, 0, 0, 1, 0]",1
1,1,47,"[4, 4, 4, 4, 1, 4, 2, 4, 4, 4]","[0, 0, 0, 0, 0, 0, 0, 1, 0, 0]",1
1,1,48,"[3, 2, 3, 3, 3, 3, 3, 3, 9, 3]","[0, 0, 0, 1, 1, 0, 0, 0, 1, 0]",1
1,1,49,"[4, 7, 3, 4, 7, 4, 3, 6, 5, 4]","[0, 1, 0, 1, 0, 0, 0, 0, 0, 0]",1
1,1,50,"[3, 3, 2, 4, 7, 4, 3, 4, 4, 3]","[1, 0, 0, 0, 0, 0, 0, 0, 0, 0]",1
1,1,51,"[5, 5, 4, 4, 5, 4, 5, 5, 5, 7]","[0, 0, 0, 0, 0, 1, 1, 1, 0, 1]",1
1,1,52,"[3, 2, 3, 3, 3, 2, 2, 2, 3, 5]","[0, 0, 0, 0, 0, 0, 1, 0, 1, 1]",1
1,1,53,"[9, 9, 8, 8, 3, 9, 9, 9, 9, 7]","[1, 0, 1, 1, 0, 1, 1, 1, 1, 0]",1
1,1,54,"[4, 4, 1, 4, 2, 3, 4, 2, 3, 2]","[0, 1, 1, 1, 0, 0, 0, 1, 0, 0]",1
1,1,55,"[5, 5, 5, 6, 6, 5, 5, 5, 5, 5]","[1, 1, 0, 1, 0, 0, 1, 0, 0, 0]",1
1,1,56,"[4, 3, 5, 3, 5, 5, 4, 4, 5, 4]","[1, 0, 1, 1, 0, 0, 0, 0, 0, 1]",1
1,1,57,"[4, 4, 6, 4, 4, 5, 4, 5, 5, 4]","[0, 0, 1, 0, 0, 1, 0, 0, 0, 1]",1
1,1,58,"[2, 1, 8, 3, 5, 3, 2, 1, 2, 2]","[0, 1, 0, 0, 1, 1, 1, 0, 0, 0]",1
1,1,59,"[5, 5, 4, 9, 2, 2, 3, 5, 3, 1]","[1, 1, 0, 1, 0, 0, 0, 0, 0, 0]",1
1,1,60,"[4, 4, 5, 2, 3, 4, 3, 7, 5, 1]","[0, 1, 0, 0, 1, 1, 0, 0, 0, 1]",1
1,1,61,"[4, 4, 4, 4, 4, 4, 4, 4, 8, 4]","[0, 1, 0, 0, 0, 0, 0, 1, 0, 0]",1
1,1,62,"[8, 7, 7, 8, 8, 8, 9, 9, 8, 9]","[0, 0, 0, 0, 0, 0, 1, 0, 0, 0]",1
1,1,63,"[5, 5, 4, 5, 5, 5, 4, 4, 4, 5]","[0, 0, 1, 0, 0, 0, 0, 0, 0, 0]",1
1,1,64,"[8, 4, 7, 8, 7, 8, 3, 4, 6, 8]","[1, 0, 1, 0, 0, 1, 0, 0, 1, 1]",1
1,1,65,"[5, 5, 5, 2, 2, 3, 3, 3, 4, 1]","[0, 0, 0, 0, 0, 0, 0, 0, 1, 0]",1
1,1,66,"[3, 6, 2, 5, 6, 4, 5, 6, 3, 6]","[0, 1, 0, 0, 0, 0, 1, 0, 1, 0]",1
1,1,67,"[3, 3, 1, 2, 5, 1, 1, 4, 6, 2]","[0, 0, 0, 0, 0, 0, 0, 0, 0, 0]",1
1,1,68,"[5, 1, 3, 3, 3, 5, 3, 6, 3, 5]","[0, 0, 1, 0, 0, 0, 0, 0, 0, 0]",1
1,1,69,"[5, 3, 3, 5, 4, 4, 6, 3, 3, 5]","[0, 0, 0, 0, 0, 0, 1, 0, 0, 0]",1
1,1,70,"[5, 6, 5, 6, 5, 5, 6, 6, 6, 8]","[1, 1, 0, 0, 0, 1, 0, 0, 0, 0]",1
1,1,71,"[5, 5, 5, 5, 5, 5, 5, 6, 5, 5]","[0, 1, 0, 1, 0, 0, 1, 1, 0, 1]",1
1,1,72,"[4, 4, 4, 4, 4, 5, 3, 4, 4, 4]","[1, 1, 1, 1, 0, 1, 0, 0, 1, 0]",1
1,1,73,"[6, 6, 6, 6, 6, 6, 4, 6, 6, 5]","[1, 1, 1, 1, 1, 0, 0, 0, 0, 1]",1
1,1,74,"[2, 4, 3, 2, 4, 4, 3, 3, 3, 3]","[0, 1, 0, 1, 1, 0, 0, 0, 1, 1]",1
1,1,75,"[3, 4, 3, 4, 3, 4, 4, 4, 4, 3]","[0, 0, 1, 0, 1, 0, 1, 0, 1, 0]",1
1,1,76,"[1, 3, 2, 8, 7, 1, 7, 3, 1, 1]","[0, 0, 1, 0, 0, 0, 0, 0, 1, 0]",1
1,1,77,"[4, 3, 4, 2, 5, 5, 4, 8, 4, 4]","[0, 0, 0, 0, 0, 0, 0, 1, 0, 0]",1
1,1,78,"[4, 5, 3, 4, 5, 5, 5, 5, 4, 8]","[1, 1, 1, 0, 0, 1, 0, 0, 0, 0]",1
1,1,79,"[6, 6, 8, 5, 4, 6, 6, 6, 6, 4]","[1, 0, 0, 0, 0, 0, 0, 0, 0, 0]",1
1,1,80,"[7, 7, 6, 9, 8, 6, 7, 7, 7, 7]","[1, 0, 1, 1, 1, 0, 1, 0, 0, 0]",1
1,1,81,"[5, 4, 3, 2, 4, 8, 7, 4, 3, 3]","[0, 0, 0, 0, 0, 1, 0, 1, 0, 0]",1
1,1,82,"[5, 5, 3, 3, 4, 6, 6, 5, 5, 4]","[1, 1, 0, 1, 0, 1, 0, 0, 0, 0]",1
1,1,83,"[7, 7, 7, 8, 7, 2, 6, 6, 6, 7]","[0, 1, 1, 1, 1, 1, 0, 1, 0, 0]",1
1,1,84,"[1, 1, 1, 1, 1, 1, 1, 1, 1, 8]","[0, 0, 0, 0, 0, 0, 0, 1, 0, 1]",1
1,1,85,"[7, 7, 6, 5, 7, 7, 7, 7, 7, 7]","[0, 0, 1, 0, 0, 0, 0, 1, 0, 0]",1
1,1,86,"[7, 6, 6, 6, 6, 7, 6, 1, 6, 7]","[0, 0, 0, 1, 1, 0, 0, 1, 0, 1]",1
1,1,87,"[2, 5, 7, 5, 3, 2, 5, 5, 2, 5]","[0, 0, 1, 0, 0, 0, 0, 1, 0, 0]",1
1,1,88,"[3, 3, 2, 2, 3, 3, 4, 3, 1, 3]","[0, 0, 0, 0, 0, 0, 0, 1, 0, 0]",1
1,1,89,"[5, 6, 6, 6, 5, 8, 6, 6, 6, 6]","[1, 1, 1, 1, 1, 1, 0, 1, 1, 1]",1
1,1,90,"[4, 6, 5, 7, 6, 6, 5, 6, 6, 5]","[1, 0, 0, 1, 1, 1, 0, 0, 0, 0]",1
1,1,91,"[2, 3, 3, 3, 3, 3, 3, 8, 3, 8]","[0, 0, 0, 0, 0, 0, 0, 0, 0, 0]",1
1,1,92,"[3, 4, 5, 8, 3, 7, 3, 6, 4, 5]","[0, 0, 0, 0, 0, 1, 0, 0, 0, 1]",1
1,1,93,"[1, 2, 1, 1, 4, 2, 2, 2, 4, 2]","[1, 0, 0, 0, 1, 1, 0, 0, 1, 0]",1
1,1,94,"[8, 5, 3, 7, 3, 5, 5, 3, 2, 3]","[1, 1, 0, 0, 0, 1, 1, 0, 0, 0]",1
1,1,95,"[4, 4, 3, 5, 2, 4, 3, 4, 4, 3]","[0, 0, 0, 0, 0, 1, 0, 0, 0, 0]",1
1,1,96,"[3, 6, 7, 3, 4, 3, 3, 5, 2, 3]","[0, 1, 1, 0, 1, 0, 0, 0, 0, 0]",1
1,1,97,"[2, 2, 5, 3, 2, 5, 5, 8, 3, 4]","[0, 0, 0, 0, 0, 0, 0, 0, 0, 0]",1
1,1,98,"[2, 3, 3, 2, 3, 2, 6, 2, 2, 3]","[0, 0, 0, 1, 0, 0, 0, 0, 0, 0]",1
1,1,99,"[5, 5, 5, 2, 2, 5, 5, 5, 5, 5]","[0, 0, 0, 0, 1, 0, 0, 0, 0, 0]",1
1,1,100,"[3, 3, 3, 2, 2, 1, 2, 6, 2, 4]","[0, 0, 1, 0, 0, 0, 0, 0, 0, 0]",1
1,1,101,"[4, 4, 6, 3, 4, 4, 5, 5, 4, 4]","[0, 0, 0, 0, 0, 1, 0, 0, 0, 0]",1
1,1,102,"[4, 5, 3, 4, 4, 3, 1, 3, 3, 2]","[1, 0, 0, 0, 1, 0, 0, 1, 0, 0]",1
1,1,103,"[3, 3, 1, 2, 3, 3, 3, 3, 3, 3]","[0, 0, 0, 0, 0, 0, 0, 0, 1, 0]",1
1,1,104,"[5, 2, 5, 5, 4, 5, 4, 5, 5, 9]","[0, 1, 1, 0, 1, 1, 1, 0, 0, 1]",1
1,1,105,"[5, 5, 5, 3, 7, 4, 5, 5, 5, 4]","[0, 0, 0, 0, 1, 0, 1, 1, 0, 1]",1
1,1,106,"[5, 4, 5, 6, 6, 5, 6, 6, 4, 5]","[1, 0, 1, 0, 1, 0, 1, 1, 1, 0]",1
1,1,107,"[4, 4, 3, 5, 4, 3, 4, 2, 5, 4]","[1, 0, 0, 0, 0, 0, 0, 0, 0, 0]",1
1,1,108,"[5, 5, 1, 5, 4, 5, 6, 5, 1, 5]","[0, 0, 0, 0, 0, 0, 0, 0, 0, 0]",1
1,1,109,"[4, 4, 3, 4, 6, 4, 4, 5, 5, 4]","[0, 0, 0, 0, 0, 0, 0, 0, 0, 0]",1
1,1,110,"[6, 5, 6, 5, 6, 4, 5, 5, 3, 5]","[0, 1, 0, 1, 0, 1, 0, 0, 0, 0]",1
1,1,111,"[4, 3, 3, 2, 4, 4, 2, 5, 4, 2]","[1, 0, 0, 0, 0, 1, 0, 0, 1, 1]",1
1,1,112,"[5, 6, 6, 4, 9, 5, 5, 5, 5, 6]","[0, 0, 1, 1, 0, 1, 0, 0, 0, 1]",1
1,1,113,"[7, 7, 4, 7, 6, 7, 5, 4, 6, 5]","[0, 0, 0, 0, 0, 1, 0, 0, 0, 1]",1
1,1,114,"[4, 5, 3, 2, 2, 2, 4, 4, 4, 5]","[0, 0, 0, 0, 0, 0, 0, 0, 0, 1]",1
1,1,115,"[5, 6, 5, 5, 6, 6, 5, 5, 5, 5]","[1, 0, 1, 0, 1, 0, 0, 0, 0, 0]",1
1,1,116,"[4, 5, 4, 4, 2, 6, 4, 6, 6, 5]","[0, 0, 0, 1, 0, 1, 0, 0, 0, 0]",1
1,1,117,"[6, 7, 5, 7, 7, 5, 6, 6, 7, 6]","[0, 0, 0, 0, 0, 1, 1, 0, 1, 0]",1
1,1,118,"[7, 6, 7, 7, 6, 8, 7, 7, 7, 3]","[0, 0, 1, 1, 0, 0, 1, 1, 0, 0]",1
1,1,119,"[5, 5, 5, 5, 5, 4, 6, 4, 5, 5]","[1, 0, 1, 1, 0, 0, 1, 1, 0, 1]",1
1,1,120,"[6, 4, 5, 7, 8, 6, 5, 6, 6, 6]","[0, 0, 0, 1, 1, 1, 1, 0, 1, 1]",1
1,1,121,"[5, 5, 5, 4, 4, 5, 5, 5, 5, 5]","[0, 1, 1, 0, 1, 0, 0, 1, 0, 0]",1
1,1,122,"[3, 3, 3, 3, 3, 4, 4, 3, 3, 3]","[0, 0, 0, 1, 0, 0, 0, 0, 0, 1]",1
1,1,123,"[3, 5, 5, 4, 6, 4, 5, 4, 4, 7]","[0, 0, 0, 0, 1, 0, 0, 0, 0, 0]",1
1,1,124,"[3, 5, 5, 3, 6, 4, 3, 2, 3, 3]","[1, 0, 1, 0, 1, 0, 1, 0, 1, 1]",1
1,1,125,"[5, 5, 6, 5, 5, 5, 5, 5, 5, 5]","[0, 0, 0, 1, 0, 0, 1, 0, 0, 0]",1
1,1,126,"[3, 3, 3, 3, 4, 4, 4, 4, 3, 2]","[1, 0, 0, 0, 1, 0, 0, 0, 0, 0]",1
1,1,127,"[3, 4, 4, 4, 4, 5, 4, 3, 5, 5]","[0, 1, 0, 0, 1, 0, 0, 0, 0, 0]",1
1,1,128,"[6, 3, 5, 3, 3, 6, 7, 6, 5, 4]","[0, 0, 0, 0, 0, 1, 1, 0, 1, 0]",1
1,1,129,"[4, 5, 4, 4, 4, 3, 6, 4, 4, 3]","[0, 0, 0, 0, 0, 0, 1, 0, 0, 0]",1
1,1,130,"[5, 5, 5, 6, 5, 5, 5, 5, 5, 5]","[0, 1, 1, 1, 0, 0, 0, 1, 0, 0]",1
1,1,131,"[1, 1, 1, 3, 1, 1, 1, 7, 1, 1]","[1, 0, 0, 1, 1, 0, 0, 1, 0, 0]",1
1,1,132,"[4, 3, 3, 3, 2, 5, 3, 5, 2, 5]","[1, 0, 0, 0, 0, 0, 0, 0, 0, 0]",1
1,1,133,"[4, 4, 4, 5, 4, 4, 4, 4, 3, 4]","[0, 0, 0, 0, 0, 1, 0, 1, 0, 1]",1
1,1,134,"[4, 4, 3, 2, 4, 3, 4, 3, 3, 3]","[1, 0, 0, 0, 0, 1, 0, 0, 1, 1]",1
1,1,135,"[5, 4, 4, 3, 4, 5, 5, 4, 4, 4]","[0, 0, 0, 0, 0, 0, 0, 1, 0, 1]",1
1,1,136,"[6, 5, 6, 6, 6, 5, 4, 5, 5, 6]","[1, 0, 1, 0, 1, 0, 0, 0, 0, 1]",1
1,1,137,"[2, 4, 2, 2, 5, 2, 1, 4, 3, 2]","[0, 0, 0, 0, 0, 1, 0, 1, 0, 0]",1
1,1,138,"[4, 4, 4, 4, 4, 1, 4, 5, 4, 5]","[1, 0, 1, 0, 0, 0, 0, 0, 1, 0]",1
1,1,139,"[4, 3, 3, 3, 4, 4, 3, 3, 3, 3]","[0, 0, 1, 0, 1, 0, 0, 1, 0, 0]",1
1,1,140,"[5, 6, 5, 6, 3, 5, 4, 4, 6, 5]","[0, 0, 0, 1, 1, 0, 0, 0, 0, 0]",1
1,1,141,"[2, 4, 5, 3, 4, 7, 2, 4, 4, 4]","[0, 1, 0, 0, 0, 0, 0, 0, 0, 1]",1
1,1,142,"[1, 5, 6, 2, 1, 7, 6, 5, 1, 7]","[0, 0, 0, 0, 0, 1, 1, 0, 0, 0]",1
1,1,143,"[3, 2, 2, 3, 3, 3, 3, 2, 2, 3]","[1, 0, 0, 0, 0, 0, 0, 0, 0, 0]",1
1,1,144,"[5, 5, 5, 5, 3, 5, 5, 5, 7, 4]","[1, 0, 1, 0, 0, 0, 1, 0, 0, 1]",1
1,1,145,"[5, 5, 6, 3, 5, 5, 5, 3, 5, 4]","[1, 0, 0, 0, 0, 0, 0, 0, 0, 0]",1
1,1,146,"[7, 7, 7, 7, 7, 6, 7, 8, 5, 7]","[0, 0, 0, 1, 0, 0, 1, 0, 0, 1]",1
1,1,147,"[3, 4, 6, 9, 3, 4, 3, 4, 3, 4]","[1, 1, 0, 1, 0, 0, 0, 0, 1, 0]",1
1,1,148,"[5, 3, 4, 3, 4, 4, 7, 4, 1, 4]","[0, 0, 0, 0, 0, 0, 1, 0, 0, 0]",1
1,1,149,"[3, 3, 3, 2, 2, 4, 2, 2, 2, 4]","[1, 0, 0, 0, 1, 1, 1, 0, 0, 1]",1
1,1,150,"[5, 5, 4, 6, 5, 4, 5, 6, 5, 4]","[1, 0, 1, 1, 0, 0, 1, 0, 0, 1]",1
1,1,151,"[1, 1, 3, 1, 1, 5, 3, 3, 4, 3]","[0, 0, 0, 0, 0, 0, 0, 0, 0, 0]",1
1,1,152,"[3, 2, 3, 4, 3, 3, 3, 3, 3, 3]","[0, 0, 0, 0, 1, 0, 0, 0, 0, 0]",1
1,1,153,"[5, 4, 7, 6, 7, 3, 1, 4, 4, 2]","[0, 0, 0, 0, 0, 0, 0, 0, 0, 0]",1
1,1,154,"[4, 1, 3, 7, 3, 2, 3, 3, 3, 5]","[0, 0, 0, 0, 0, 0, 0, 0, 0, 1]",1
1,1,155,"[4, 5, 4, 3, 6, 2, 4, 5, 4, 7]","[0, 0, 0, 0, 0, 0, 1, 0, 1, 1]",1
1,1,156,"[3, 3, 4, 5, 3, 4, 4, 6, 4, 4]","[0, 0, 0, 0, 0, 0, 1, 1, 0, 0]",1
1,1,157,"[4, 4, 3, 3, 3, 4, 4, 3, 3, 3]","[1, 0, 0, 0, 0, 0, 0, 0, 1, 0]",1
1,1,158,"[7, 2, 6, 1, 5, 2, 4, 5, 7, 5]","[0, 0, 0, 0, 0, 0, 0, 0, 1, 0]",1
1,1,159,"[2, 2, 2, 4, 2, 2, 2, 3, 2, 2]","[0, 1, 0, 0, 0, 0, 1, 0, 0, 0]",1
1,1,160,"[5, 4, 2, 5, 5, 1, 7, 4, 2, 6]","[0, 0, 0, 0, 0, 0, 0, 1, 0, 1]",1
1,1,161,"[4, 4, 3, 1, 7, 3, 4, 3, 4, 3]","[0, 0, 0, 0, 1, 0, 0, 0, 0, 1]",1
1,1,162,"[2, 7, 4, 6, 4, 3, 3, 6, 3, 1]","[0, 0, 0, 0, 0, 0, 0, 0, 0, 0]",1
1,1,163,"[6, 2, 3, 4, 6, 5, 3, 5, 2, 6]","[0, 0, 0, 0, 0, 0, 0, 0, 0, 1]",1
1,1,164,"[7, 8, 8, 8, 6, 8, 8, 7, 7, 8]","[0, 1, 0, 0, 0, 0, 0, 1, 0, 1]",1
1,1,165,"[3, 3, 4, 8, 3, 3, 3, 4, 4, 2]","[0, 1, 0, 0, 0, 0, 0, 0, 0, 0]",1
1,1,166,"[3, 5, 3, 3, 2, 3, 4, 2, 3, 4]","[0, 0, 0, 0, 0, 0, 0, 1, 0, 0]",1
1,1,167,"[9, 9, 8, 8, 9, 9, 9, 9, 1, 9]","[0, 1, 0, 1, 1, 1, 0, 0, 0, 0]",1
1,1,168,"[3, 4, 5, 5, 3, 5, 5, 4, 6, 3]","[1, 0, 0, 1, 0, 1, 0, 0, 1, 1]",1
1,1,169,"[7, 8, 7, 5, 6, 4, 7, 4, 5, 6]","[1, 1, 1, 1, 1, 0, 1, 1, 1, 1]",1
1,1,170,"[5, 5, 5, 3, 5, 5, 3, 5, 3, 3]","[0, 0, 1, 0, 1, 0, 0, 0, 0, 0]",1
1,1,171,"[5, 4, 4, 6, 4, 5, 6, 2, 5, 5]","[1, 1, 1, 1, 1, 1, 0, 0, 1, 1]",1
1,1,172,"[4, 5, 3, 4, 4, 4, 4, 4, 5, 4]","[0, 0, 0, 1, 1, 0, 1, 1, 1, 0]",1
1,1,173,"[2, 4, 2, 6, 5, 6, 2, 7, 4, 7]","[0, 0, 0, 0, 0, 0, 0, 1, 1, 1]",1
1,1,174,"[4, 5, 6, 5, 6, 4, 4, 5, 5, 6]","[0, 0, 0, 0, 0, 0, 0, 1, 1, 1]",1
1,1,175,"[5, 5, 5, 5, 2, 5, 4, 6, 5, 5]","[0, 0, 0, 0, 0, 1, 0, 0, 1, 1]",1
1,1,176,"[4, 5, 5, 4, 5, 4, 3, 5, 5, 7]","[1, 0, 1, 0, 0, 0, 0, 0, 1, 0]",1
1,1,177,"[5, 5, 4, 5, 5, 5, 4, 4, 5, 1]","[0, 0, 1, 0, 0, 0, 0, 1, 0, 0]",1
1,1,178,"[4, 5, 5, 6, 4, 4, 5, 5, 4, 5]","[1, 0, 1, 1, 0, 0, 0, 0, 0, 0]",1
1,1,179,"[7, 7, 3, 8, 8, 4, 5, 4, 8, 3]","[0, 1, 0, 0, 0, 0, 0, 0, 0, 0]",1
1,1,180,"[4, 4, 4, 4, 5, 4, 5, 4, 4, 4]","[0, 0, 0, 0, 0, 0, 0, 1, 0, 0]",1
1,1,181,"[5, 5, 2, 2, 4, 5, 4, 1, 3, 4]","[1, 0, 1, 0, 0, 0, 1, 1, 1, 0]",1
1,1,182,"[4, 6, 7, 5, 4, 5, 5, 4, 5, 5]","[0, 1, 0, 1, 0, 0, 0, 0, 0, 1]",1
1,1,183,"[5, 5, 5, 8, 6, 6, 5, 4, 4, 5]","[0, 0, 0, 0, 0, 1, 0, 0, 0, 0]",1
1,1,184,"[3, 2, 3, 4, 3, 2, 2, 3, 3, 2]","[0, 0, 0, 0, 0, 0, 0, 0, 0, 0]",1
1,1,185,"[7, 6, 4, 5, 7, 7, 8, 4, 2, 5]","[1, 1, 1, 0, 1, 0, 1, 0, 0, 0]",1
1,1,186,"[5, 7, 5, 4, 3, 4, 4, 4, 4, 3]","[1, 0, 1, 1, 1, 1, 0, 1, 1, 0]",1
1,1,187,"[4, 3, 4, 2, 4, 3, 4, 3, 5, 3]","[1, 0, 0, 0, 0, 1, 1, 0, 0, 0]",1
1,1,188,"[6, 6, 6, 5, 6, 6, 5, 5, 5, 7]","[0, 1, 0, 1, 0, 0, 1, 1, 0, 0]",1
1,1,189,"[2, 2, 3, 1, 2, 2, 2, 2, 7, 7]","[0, 0, 0, 0, 0, 0, 0, 0, 0, 0]",1
1,1,190,"[2, 2, 4, 2, 4, 4, 4, 2, 1, 3]","[0, 0, 1, 0, 0, 0, 0, 0, 0, 1]",1
1,1,191,"[8, 1, 2, 2, 2, 2, 2, 2, 1, 3]","[0, 0, 1, 0, 0, 0, 1, 0, 0, 1]",1
1,1,192,"[9, 9, 9, 9, 9, 9, 8, 9, 9, 1]","[1, 1, 0, 0, 1, 0, 1, 1, 0, 0]",1
1,1,193,"[6, 6, 3, 6, 7, 6, 6, 6, 7, 6]","[1, 1, 0, 1, 0, 0, 0, 1, 0, 0]",1
1,1,194,"[3, 2, 3, 3, 2, 6, 6, 4, 3, 2]","[0, 0, 0, 0, 1, 0, 0, 1, 1, 0]",1
1,1,195,"[1, 2, 3, 2, 4, 3, 2, 1, 1, 7]","[0, 0, 0, 0, 0, 0, 0, 0, 0, 1]",1
1,1,196,"[4, 3, 3, 3, 3, 3, 4, 3, 2, 4]","[0, 0, 0, 0, 0, 0, 0, 0, 0, 0]",1
1,1,197,"[5, 5, 6, 6, 6, 6, 6, 5, 7, 6]","[0, 0, 0, 0, 0, 0, 0, 0, 1, 1]",1
1,1,198,"[3, 2, 6, 4, 4, 3, 1, 5, 5, 4]","[0, 0, 0, 0, 0, 0, 0, 0, 1, 0]",1
1,1,199,"[5, 5, 5, 5, 4, 5, 5, 4, 5, 3]","[0, 0, 0, 1, 0, 0, 0, 0, 1, 0]",1
1,1,200,"[2, 1, 2, 2, 2, 3, 2, 2, 2, 2]","[0, 0, 0, 1, 0, 0, 0, 0, 0, 1]",1
1,1,201,"[4, 3, 4, 4, 3, 4, 3, 3, 4, 3]","[0, 0, 0, 0, 0, 0, 0, 1, 0, 1]",1
1,1,202,"[4, 4, 2, 3, 9, 5, 1, 4, 5, 4]","[0, 1, 0, 0, 0, 1, 0, 0, 0, 0]",1
1,1,203,"[3, 4, 3, 2, 3, 3, 3, 2, 3, 2]","[0, 0, 0, 0, 0, 0, 0, 1, 0, 0]",1
1,1,204,"[3, 2, 3, 3, 3, 3, 3, 3, 3, 3]","[0, 0, 0, 0, 0, 0, 0, 0, 0, 0]",1
1,1,205,"[9, 9, 9, 9, 9, 9, 8, 9, 8, 9]","[1, 1, 1, 1, 0, 1, 1, 0, 1, 0]",1
1,1,206,"[7, 3, 9, 3, 5, 3, 3, 3, 4, 3]","[0, 0, 0, 0, 0, 0, 0, 0, 0, 0]",1
1,1,207,"[4, 4, 4, 5, 4, 4, 4, 4, 4, 5]","[1, 0, 0, 1, 0, 1, 0, 0, 1, 1]",1
1,1,208,"[5, 4, 4, 4, 6, 4, 4, 6, 8, 8]","[0, 1, 1, 0, 0, 0, 0, 0, 0, 1]",1
1,1,209,"[5, 4, 2, 6, 4, 5, 6, 5, 4, 5]","[0, 0, 0, 0, 0, 0, 0, 0, 0, 0]",1
2,0,0,"[8, 8, 8, 8, 6, 5, 8, 8, 7, 8]","[0, 0, 0, 1, 0, 0, 0, 0, 0, 1]",1
2,0,1,"[5, 5, 5, 6, 5, 5, 8, 8, 6, 5]","[0, 0, 0, 0, 1, 1, 0, 0, 1, 0]",1
2,0,2,"[7, 5, 6, 5, 8, 2, 5, 8, 1, 5]","[0, 0, 1, 0, 0, 0, 0, 0, 0, 1]",1
2,0,3,"[4, 7, 9, 6, 7, 4, 7, 7, 3, 6]","[0, 0, 0, 0, 0, 0, 0, 0, 0, 0]",1
2,0,4,"[5, 3, 5, 5, 3, 3, 4, 4, 3, 3]","[1, 0, 0, 0, 1, 0, 1, 1, 0, 0]",1
2,0,5,"[4, 7, 5, 5, 3, 3, 5, 5, 4, 4]","[0, 0, 0, 0, 0, 0, 0, 0, 0, 0]",1
2,0,6,"[6, 5, 5, 5, 5, 5, 5, 5, 7, 5]","[1, 0, 0, 1, 0, 0, 0, 0, 0, 0]",1
2,0,7,"[7, 4, 7, 7, 8, 7, 6, 8, 5, 8]","[0, 0, 0, 0, 0, 1, 1, 0, 0, 1]",1
2,0,8,"[7, 7, 8, 7, 7, 7, 7, 7, 7, 7]","[0, 0, 1, 0, 0, 0, 0, 0, 1, 0]",1
2,0,9,"[5, 5, 4, 1, 5, 3, 5, 5, 3, 3]","[1, 0, 0, 0, 1, 0, 0, 0, 0, 1]",1
2,0,10,"[3, 4, 4, 3, 5, 5, 5, 3, 4, 2]","[0, 0, 0, 0, 0, 0, 0, 0, 0, 0]",1
2,0,11,"[7, 7, 7, 6, 7, 7, 7, 7, 4, 7]","[0, 0, 0, 0, 0, 0, 0, 0, 0, 0]",1
2,0,12,"[6, 6, 6, 6, 6, 7, 6, 6, 7, 6]","[0, 0, 0, 1, 1, 0, 0, 0, 1, 0]",1
2,0,13,"[6, 5, 5, 6, 7, 7, 6, 7, 7, 6]","[0, 1, 0, 0, 0, 0, 1, 0, 1, 0]",1
2,0,14,"[3, 5, 1, 2, 3, 7, 3, 3, 7, 5]","[1, 0, 0, 0, 0, 0, 0, 0, 0, 1]",1
2,0,15,"[5, 5, 7, 5, 5, 4, 5, 5, 5, 5]","[0, 0, 1, 0, 1, 1, 0, 1, 0, 0]",1
2,0,16,"[8, 7, 4, 4, 4, 7, 8, 4, 8, 4]","[0, 0, 0, 0, 0, 0, 0, 0, 1, 0]",1
2,0,17,"[8, 5, 6, 6, 5, 1, 8, 4, 7, 5]","[1, 0, 0, 1, 0, 0, 1, 0, 1, 0]",1
2,0,18,"[2, 7, 5, 3, 3, 4, 1, 4, 4, 4]","[0, 1, 0, 0, 0, 0, 0, 0, 0, 0]",1
2,0,19,"[3, 2, 1, 2, 2, 2, 2, 1, 1, 6]","[0, 1, 0, 0, 0, 0, 0, 0, 0, 0]",1
2,0,20,"[4, 8, 5, 5, 7, 5, 5, 4, 5, 5]","[0, 0, 0, 0, 1, 0, 0, 0, 0, 0]",1
2,0,21,"[6, 9, 3, 8, 7, 2, 4, 4, 5, 4]","[0, 1, 0, 0, 0, 0, 0, 0, 0, 0]",1
2,0,22,"[4, 5, 5, 5, 5, 6, 6, 5, 5, 5]","[0, 0, 0, 0, 0, 0, 1, 1, 0, 0]",1
2,0,23,"[3, 4, 4, 5, 4, 5, 3, 3, 4, 4]","[0, 0, 0, 0, 0, 0, 0, 0, 0, 0]",1
2,0,24,"[4, 3, 1, 6, 2, 4, 1, 5, 3, 3]","[0, 0, 0, 0, 0, 0, 0, 0, 0, 0]",1
2,0,25,"[5, 5, 5, 6, 5, 5, 5, 5, 5, 6]","[0, 0, 1, 0, 0, 0, 0, 0, 0, 1]",1
2,0,26,"[9, 9, 9, 6, 7, 2, 3, 9, 9, 9]","[0, 0, 0, 0, 0, 0, 0, 1, 0, 0]",1
2,0,27,"[5, 5, 6, 6, 4, 6, 6, 5, 6, 7]","[0, 0, 0, 0, 0, 0, 0, 0, 0, 0]",1
2,0,28,"[6, 6, 6, 6, 6, 6, 6, 6, 6, 6]","[0, 0, 0, 0, 0, 1, 0, 0, 0, 0]",1
2,0,29,"[9, 9, 9, 9, 9, 9, 9, 9, 9, 9]","[0, 1, 0, 1, 0, 0, 0, 1, 1, 0]",1
2,0,30,"[8, 7, 7, 7, 7, 7, 8, 1, 1, 6]","[0, 1, 0, 1, 0, 0, 1, 0, 0, 1]",1
2,0,31,"[8, 6, 5, 5, 5, 5, 5, 5, 8, 5]","[0, 1, 1, 0, 0, 0, 0, 1, 0, 0]",1
2,0,32,"[5, 6, 5, 3, 8, 5, 5, 5, 5, 4]","[0, 0, 0, 0, 0, 1, 0, 0, 0, 0]",1
2,0,33,"[5, 4, 3, 3, 2, 3, 4, 3, 3, 3]","[0, 0, 0, 0, 0, 0, 0, 0, 0, 1]",1
2,0,34,"[5, 7, 7, 7, 7, 5, 7, 8, 6, 6]","[0, 1, 1, 0, 0, 0, 0, 1, 0, 0]",1
2,0,35,"[4, 4, 4, 4, 8, 6, 4, 6, 4, 7]","[0, 0, 0, 0, 0, 0, 0, 0, 0, 0]",1
2,0,36,"[3, 7, 8, 6, 8, 3, 9, 8, 8, 9]","[0, 1, 0, 0, 0, 0, 1, 0, 0, 1]",1
2,0,37,"[6, 4, 4, 4, 6, 6, 7, 6, 6, 5]","[0, 0, 1, 0, 0, 0, 0, 0, 0, 0]",1
2,0,38,"[4, 5, 5, 5, 5, 7, 4, 5, 5, 5]","[0, 1, 0, 0, 0, 0, 0, 0, 0, 0]",1
2,0,39,"[4, 5, 1, 3, 1, 3, 2, 1, 3, 2]","[0, 0, 0, 0, 0, 0, 0, 0, 0, 0]",1
2,0,40,"[2, 2, 2, 2, 2, 2, 2, 2, 2, 2]","[0, 0, 0, 0, 0, 0, 0, 0, 0, 0]",1
2,0,41,"[5, 5, 4, 6, 4, 7, 6, 4, 5, 5]","[0, 0, 1, 0, 1, 0, 0, 0, 0, 0]",1
2,0,42,"[3, 3, 3, 3, 2, 4, 8, 2, 4, 3]","[0, 0, 0, 0, 0, 0, 0, 0, 0, 0]",1
2,0,43,"[5, 5, 7, 7, 6, 5, 5, 7, 7, 5]","[0, 1, 0, 0, 1, 0, 0, 0, 0, 0]",1
2,0,44,"[2, 5, 2, 5, 5, 3, 4, 5, 4, 3]","[0, 0, 0, 0, 0, 0, 1, 0, 1, 0]",1
2,0,45,"[3, 5, 4, 5, 4, 5, 5, 5, 4, 4]","[0, 1, 0, 0, 0, 1, 0, 1, 0, 0]",1
2,0,46,"[6, 6, 7, 3, 7, 7, 7, 7, 7, 7]","[1, 0, 0, 0, 1, 0, 0, 0, 1, 0]",1
2,0,47,"[6, 7, 3, 6, 6, 6, 7, 7, 7, 5]","[0, 0, 0, 0, 0, 0, 0, 0, 0, 1]",1
2,0,48,"[4, 4, 4, 4, 4, 7, 4, 4, 3, 4]","[0, 0, 0, 0, 0, 0, 0, 0, 0, 0]",1
2,0,49,"[4, 3, 3, 4, 4, 5, 4, 4, 4, 4]","[0, 0, 0, 0, 0, 0, 0, 0, 0, 0]",1
2,0,50,"[9, 6, 7, 7, 7, 7, 6, 7, 3, 9]","[0, 0, 0, 0, 0, 0, 0, 1, 0, 0]",1
2,0,51,"[5, 5, 5, 3, 5, 4, 5, 5, 5, 4]","[0, 0, 0, 1, 0, 0, 0, 1, 0, 0]",1
2,0,52,"[3, 4, 3, 3, 5, 2, 9, 1, 1, 3]","[0, 0, 0, 0, 0, 0, 1, 0, 0, 0]",1
2,0,53,"[4, 4, 3, 4, 4, 4, 4, 3, 6, 5]","[0, 0, 1, 0, 0, 0, 0, 0, 0, 0]",1
2,0,54,"[8, 5, 7, 8, 7, 8, 7, 4, 9, 9]","[0, 0, 0, 0, 0, 0, 0, 0, 0, 1]",1
2,0,55,"[3, 5, 5, 5, 4, 6, 5, 5, 4, 6]","[0, 0, 0, 0, 0, 0, 0, 0, 0, 0]",1
2,0,56,"[6, 5, 2, 5, 4, 8, 5, 4, 4, 5]","[1, 0, 0, 0, 0, 0, 1, 0, 0, 1]",1
2,0,57,"[2, 1, 2, 4, 4, 3, 6, 2, 4, 4]","[0, 0, 0, 0, 0, 0, 0, 0, 0, 0]",1
2,0,58,"[3, 7, 2, 4, 5, 2, 3, 7, 5, 6]","[0, 1, 0, 0, 0, 0, 1, 0, 0, 0]",1
2,0,59,"[5, 4, 4, 7, 3, 3, 5, 4, 5, 7]","[1, 1, 0, 0, 0, 0, 0, 0, 0, 0]",1
2,0,60,"[3, 3, 3, 4, 7, 3, 6, 3, 2, 6]","[0, 0, 0, 1, 1, 0, 0, 0, 0, 0]",1
2,0,61,"[4, 4, 4, 3, 4, 8, 4, 4, 3, 4]","[1, 0, 0, 0, 0, 0, 1, 0, 1, 1]",1
2,0,62,"[7, 9, 5, 8, 8, 7, 1, 7, 6, 9]","[0, 0, 0, 0, 0, 1, 0, 0, 0, 0]",1
2,0,63,"[6, 7, 6, 6, 5, 5, 5, 5, 5, 6]","[1, 0, 0, 1, 0, 1, 0, 0, 0, 0]",1
2,0,64,"[8, 7, 7, 7, 7, 7, 8, 8, 8, 7]","[1, 0, 0, 0, 0, 0, 0, 1, 1, 0]",1
2,0,65,"[4, 3, 3, 5, 6, 4, 3, 5, 4, 3]","[0, 0, 0, 0, 0, 0, 1, 0, 0, 0]",1
2,0,66,"[5, 5, 7, 5, 4, 6, 7, 3, 5, 5]","[1, 0, 0, 0, 0, 0, 0, 0, 0, 0]",1
2,0,67,"[4, 5, 2, 5, 3, 1, 2, 5, 3, 6]","[0, 0, 0, 0, 0, 0, 0, 0, 0, 1]",1
2,0,68,"[6, 5, 6, 6, 6, 5, 6, 6, 7, 6]","[1, 0, 0, 0, 1, 0, 0, 1, 0, 0]",1
2,0,69,"[8, 6, 5, 3, 5, 3, 4, 4, 5, 3]","[0, 0, 0, 0, 0, 0, 0, 0, 0, 0]",1
2,0,70,"[6, 5, 5, 5, 5, 6, 3, 5, 6, 6]","[0, 1, 0, 0, 0, 0, 0, 0, 0, 1]",1
2,0,71,"[4, 4, 4, 4, 4, 4, 4, 9, 4, 5]","[0, 1, 1, 1, 0, 0, 0, 0, 0, 0]",1
2,0,72,"[5, 5, 5, 5, 5, 7, 4, 5, 4, 2]","[0, 0, 0, 0, 0, 0, 0, 0, 0, 0]",1
2,0,73,"[7, 6, 5, 3, 7, 4, 3, 2, 4, 6]","[1, 1, 0, 0, 0, 1, 0, 0, 0, 0]",1
2,0,74,"[2, 4, 4, 3, 4, 5, 2, 3, 4, 3]","[0, 0, 0, 0, 0, 1, 0, 0, 1, 0]",1
2,0,75,"[2, 3, 2, 2, 2, 2, 2, 2, 2, 2]","[0, 1, 0, 0, 0, 1, 0, 0, 0, 0]",1
2,0,76,"[3, 4, 5, 4, 2, 3, 3, 4, 4, 4]","[0, 0, 0, 1, 0, 0, 0, 0, 1, 0]",1
2,0,77,"[6, 6, 6, 6, 5, 7, 3, 8, 6, 6]","[0, 1, 0, 0, 0, 1, 0, 1, 0, 0]",1
2,0,78,"[6, 5, 6, 7, 6, 6, 7, 6, 5, 5]","[0, 0, 0, 1, 0, 0, 0, 1, 1, 0]",1
2,0,79,"[3, 4, 6, 4, 8, 3, 7, 9, 3, 9]","[0, 0, 0, 0, 0, 0, 0, 0, 0, 0]",1
2,0,80,"[9, 7, 7, 9, 7, 8, 7, 6, 7, 8]","[0, 1, 0, 0, 0, 0, 0, 0, 0, 0]",1
2,0,81,"[6, 7, 1, 4, 3, 2, 4, 6, 6, 5]","[0, 0, 0, 1, 0, 0, 0, 0, 0, 0]",1
2,0,82,"[7, 6, 8, 5, 5, 5, 8, 5, 7, 5]","[0, 0, 0, 0, 0, 0, 1, 0, 0, 0]",1
2,0,83,"[6, 4, 7, 4, 5, 7, 6, 6, 6, 6]","[0, 0, 0, 0, 0, 0, 0, 1, 1, 0]",1
2,0,84,"[4, 3, 2, 5, 2, 5, 5, 5, 5, 5]","[0, 0, 0, 0, 0, 0, 0, 0, 1, 0]",1
2,0,85,"[6, 6, 7, 6, 5, 6, 6, 7, 6, 6]","[1, 0, 0, 1, 0, 0, 0, 0, 0, 0]",1
2,0,86,"[9, 9, 9, 9, 9, 9, 9, 9, 9, 9]","[0, 1, 1, 1, 1, 0, 1, 0, 0, 0]",1
2,0,87,"[3, 4, 4, 5, 3, 8, 7, 7, 4, 1]","[0, 0, 0, 0, 0, 0, 1, 0, 0, 0]",1
2,0,88,"[2, 3, 5, 4, 4, 4, 4, 3, 4, 2]","[1, 0, 1, 0, 0, 0, 0, 0, 0, 0]",1
2,0,89,"[6, 5, 5, 5, 5, 4, 5, 5, 5, 5]","[0, 1, 0, 0, 0, 0, 0, 0, 0, 0]",1
2,0,90,"[6, 9, 8, 9, 8, 8, 9, 9, 9, 6]","[1, 0, 0, 0, 1, 1, 0, 1, 0, 0]",1
2,0,91,"[6, 4, 3, 5, 5, 6, 4, 9, 5, 2]","[0, 0, 0, 0, 0, 0, 0, 0, 0, 0]",1
2,0,92,"[6, 4, 7, 7, 5, 5, 1, 4, 5, 5]","[0, 0, 0, 0, 0, 0, 0, 0, 0, 0]",1
2,0,93,"[5, 4, 4, 4, 3, 2, 4, 6, 2, 1]","[0, 0, 0, 1, 0, 0, 0, 1, 0, 0]",1
2,0,94,"[5, 5, 4, 4, 3, 5, 5, 7, 5, 4]","[0, 0, 0, 0, 1, 0, 0, 0, 0, 0]",1
2,0,95,"[4, 3, 4, 3, 3, 3, 3, 3, 2, 2]","[0, 0, 1, 0, 0, 0, 0, 0, 0, 0]",1
2,0,96,"[5, 5, 6, 4, 4, 5, 5, 7, 6, 6]","[0, 0, 1, 0, 0, 1, 0, 1, 0, 0]",1
2,0,97,"[1, 4, 6, 7, 6, 7, 2, 5, 6, 5]","[0, 0, 0, 1, 0, 0, 0, 0, 1, 1]",1
2,0,98,"[9, 9, 9, 9, 9, 9, 9, 9, 9, 9]","[1, 0, 0, 1, 0, 0, 0, 0, 1, 0]",1
2,0,99,"[1, 6, 5, 4, 6, 6, 7, 6, 6, 5]","[1, 0, 0, 1, 0, 1, 1, 0, 0, 1]",1
2,0,100,"[4, 3, 3, 4, 4, 5, 4, 4, 2, 3]","[0, 0, 0, 0, 0, 0, 1, 0, 0, 0]",1
2,0,101,"[8, 8, 3, 6, 9, 8, 8, 5, 8, 9]","[1, 0, 0, 0, 0, 0, 0, 1, 0, 0]",1
2,0,102,"[3, 5, 3, 2, 2, 4, 6, 7, 4, 2]","[0, 0, 0, 0, 0, 0, 0, 0, 0, 0]",1
2,0,103,"[6, 7, 7, 7, 7, 7, 7, 8, 7, 7]","[0, 1, 1, 0, 0, 0, 0, 0, 0, 0]",1
2,0,104,"[7, 7, 5, 6, 5, 1, 5, 2, 6, 5]","[0, 0, 0, 0, 0, 0, 1, 1, 0, 0]",1
2,0,105,"[9, 5, 5, 6, 7, 6, 6, 8, 6, 3]","[0, 0, 1, 1, 1, 0, 0, 0, 0, 0]",1
2,0,106,"[7, 5, 3, 3, 5, 2, 3, 3, 5, 7]","[0, 0, 0, 0, 0, 0, 0, 0, 0, 0]",1
2,0,107,"[6, 5, 5, 4, 5, 4, 5, 6, 5, 5]","[0, 0, 0, 0, 0, 0, 0, 0, 0, 0]",1
2,0,108,"[9, 4, 6, 6, 7, 8, 8, 9, 6, 7]","[1, 0, 0, 0, 0, 0, 1, 1, 0, 0]",1
2,0,109,"[6, 6, 6, 6, 6, 6, 6, 6, 6, 7]","[0, 0, 0, 0, 0, 0, 0, 0, 0, 0]",1
2,0,110,"[6, 5, 6, 4, 5, 4, 6, 4, 7, 3]","[1, 0, 1, 0, 1, 0, 0, 0, 0, 0]",1
2,0,111,"[7, 7, 7, 7, 7, 7, 7, 6, 7, 7]","[0, 0, 0, 0, 0, 1, 0, 0, 0, 0]",1
2,0,112,"[5, 5, 4, 5, 4, 5, 5, 5, 6, 5]","[0, 1, 0, 0, 0, 0, 0, 1, 0, 0]",1
2,0,113,"[5, 7, 7, 6, 5, 7, 5, 7, 4, 6]","[1, 0, 0, 0, 0, 0, 0, 1, 1, 1]",1
2,0,114,"[2, 2, 3, 2, 4, 3, 6, 3, 2, 4]","[0, 0, 0, 0, 0, 0, 0, 0, 0, 0]",1
2,0,115,"[9, 8, 9, 8, 9, 9, 9, 8, 9, 9]","[0, 0, 1, 1, 1, 0, 0, 0, 1, 0]",1
2,0,116,"[9, 9, 9, 9, 9, 9, 9, 9, 9, 9]","[1, 0, 0, 1, 0, 1, 1, 0, 1, 0]",1
2,0,117,"[5, 5, 5, 5, 5, 5, 4, 5, 6, 4]","[0, 0, 0, 0, 0, 0, 0, 0, 0, 0]",1
2,0,118,"[7, 5, 6, 6, 3, 6, 6, 6, 6, 6]","[0, 1, 0, 1, 0, 0, 0, 0, 0, 1]",1
2,0,119,"[4, 3, 3, 2, 2, 3, 3, 3, 3, 3]","[0, 0, 0, 0, 0, 0, 0, 0, 0, 0]",1
2,0,120,"[6, 5, 5, 5, 5, 3, 5, 4, 4, 5]","[0, 1, 0, 0, 0, 0, 0, 0, 0, 0]",1
2,0,121,"[4, 6, 4, 4, 4, 3, 3, 3, 4, 4]","[0, 0, 0, 0, 0, 0, 0, 0, 0, 0]",1
2,0,122,"[6, 6, 6, 6, 6, 6, 6, 6, 6, 5]","[0, 0, 0, 0, 1, 0, 0, 0, 0, 0]",1
2,0,123,"[5, 6, 5, 8, 4, 6, 5, 7, 7, 5]","[0, 0, 0, 0, 0, 0, 0, 0, 0, 0]",1
2,0,124,"[9, 9, 9, 9, 9, 9, 9, 3, 9, 9]","[0, 0, 0, 1, 1, 1, 0, 0, 1, 1]",1
2,0,125,"[5, 4, 5, 5, 5, 5, 5, 5, 5, 5]","[0, 0, 0, 1, 0, 0, 0, 0, 0, 0]",1
2,0,126,"[3, 5, 5, 3, 2, 5, 6, 7, 3, 3]","[0, 1, 0, 0, 0, 1, 0, 0, 0, 0]",1
2,0,127,"[3, 4, 4, 4, 4, 4, 4, 4, 4, 4]","[0, 1, 0, 1, 0, 0, 0, 0, 0, 0]",1
2,0,128,"[6, 6, 7, 6, 7, 2, 6, 8, 7, 8]","[0, 0, 1, 0, 1, 0, 1, 1, 0, 1]",1
2,0,129,"[9, 6, 6, 8, 5, 4, 5, 6, 8, 7]","[1, 1, 0, 0, 0, 0, 1, 1, 1, 0]",1
2,0,130,"[7, 7, 5, 8, 7, 6, 7, 7, 6, 7]","[1, 0, 0, 0, 1, 0, 0, 0, 0, 1]",1
2,0,131,"[8, 8, 6, 8, 8, 9, 7, 8, 8, 8]","[0, 0, 0, 1, 0, 1, 0, 1, 1, 1]",1
2,0,132,"[3, 5, 5, 4, 5, 3, 6, 6, 7, 4]","[0, 0, 0, 0, 0, 0, 0, 0, 0, 0]",1
2,0,133,"[9, 9, 9, 9, 9, 9, 4, 4, 4, 9]","[0, 0, 1, 1, 0, 0, 0, 1, 0, 0]",1
2,0,134,"[6, 5, 5, 7, 7, 5, 2, 5, 5, 8]","[1, 1, 0, 1, 0, 0, 0, 1, 1, 0]",1
2,0,135,"[4, 6, 6, 5, 8, 5, 5, 5, 6, 6]","[0, 1, 0, 1, 0, 0, 1, 1, 0, 0]",1
2,0,136,"[7, 7, 8, 6, 7, 5, 6, 8, 6, 7]","[0, 0, 1, 0, 0, 0, 0, 1, 0, 0]",1
2,0,137,"[7, 5, 4, 4, 5, 3, 6, 5, 6, 4]","[0, 0, 0, 0, 0, 0, 0, 0, 0, 0]",1
2,0,138,"[5, 5, 5, 5, 5, 3, 6, 4, 5, 5]","[0, 0, 0, 0, 0, 0, 1, 0, 0, 0]",1
2,0,139,"[5, 4, 3, 4, 3, 6, 4, 4, 4, 4]","[0, 0, 0, 0, 0, 0, 0, 0, 0, 0]",1
2,0,140,"[6, 4, 5, 6, 7, 5, 4, 5, 4, 5]","[0, 0, 1, 1, 0, 0, 0, 1, 1, 0]",1
2,0,141,"[2, 3, 1, 5, 3, 1, 3, 5, 2, 1]","[0, 0, 0, 0, 0, 0, 0, 0, 0, 0]",1
2,0,142,"[3, 3, 8, 7, 4, 7, 4, 6, 3, 6]","[0, 0, 1, 0, 0, 0, 0, 0, 0, 0]",1
2,0,143,"[4, 3, 9, 3, 3, 4, 4, 5, 3, 3]","[0, 0, 1, 0, 0, 0, 0, 0, 1, 0]",1
2,0,144,"[9, 8, 7, 9, 3, 8, 8, 9, 6, 9]","[1, 0, 0, 0, 0, 0, 1, 0, 1, 1]",1
2,0,145,"[6, 6, 6, 6, 7, 6, 8, 6, 7, 7]","[0, 0, 1, 0, 1, 0, 1, 0, 0, 0]",1
2,0,146,"[5, 5, 5, 5, 5, 5, 5, 4, 5, 5]","[0, 1, 1, 0, 0, 0, 1, 0, 0, 0]",1
2,0,147,"[5, 5, 4, 4, 4, 2, 3, 5, 5, 4]","[1, 0, 0, 0, 1, 0, 0, 1, 0, 0]",1
2,0,148,"[4, 5, 4, 5, 5, 5, 4, 2, 3, 5]","[0, 0, 0, 0, 0, 0, 1, 0, 0, 0]",1
2,0,149,"[8, 3, 5, 5, 5, 5, 6, 4, 2, 6]","[1, 0, 1, 0, 0, 0, 1, 0, 0, 1]",1
2,0,150,"[7, 5, 7, 6, 4, 6, 4, 4, 7, 6]","[0, 0, 0, 0, 0, 1, 0, 0, 0, 0]",1
2,0,151,"[6, 4, 3, 4, 5, 7, 1, 4, 4, 3]","[0, 1, 0, 0, 0, 0, 0, 0, 0, 0]",1
2,0,152,"[5, 5, 4, 5, 5, 4, 3, 3, 3, 5]","[0, 0, 0, 0, 0, 0, 0, 0, 0, 0]",1
2,0,153,"[5, 5, 6, 5, 5, 4, 6, 3, 5, 4]","[0, 0, 0, 1, 0, 0, 1, 1, 0, 0]",1
2,0,154,"[6, 5, 6, 5, 5, 6, 7, 7, 7, 4]","[0, 1, 0, 0, 0, 1, 0, 0, 1, 0]",1
2,0,155,"[5, 5, 4, 6, 5, 6, 5, 4, 5, 5]","[0, 0, 0, 0, 0, 0, 0, 0, 0, 0]",1
2,0,156,"[3, 4, 2, 3, 3, 3, 3, 3, 3, 3]","[0, 0, 0, 0, 0, 0, 0, 0, 0, 0]",1
2,0,157,"[6, 5, 8, 6, 6, 5, 3, 5, 6, 5]","[0, 0, 0, 0, 1, 1, 0, 1, 1, 1]",1
2,0,158,"[6, 6, 9, 6, 6, 7, 6, 7, 7, 7]","[0, 0, 1, 0, 1, 1, 0, 1, 0, 0]",1
2,0,159,"[8, 8, 8, 8, 8, 8, 8, 8, 8, 8]","[0, 0, 1, 0, 0, 0, 0, 0, 0, 0]",1
2,0,160,"[5, 5, 5, 9, 9, 9, 5, 6, 5, 6]","[0, 1, 0, 0, 0, 0, 1, 0, 0, 0]",1
2,0,161,"[4, 5, 4, 4, 4, 4, 4, 3, 4, 3]","[0, 0, 0, 0, 0, 0, 0, 0, 0, 1]",1
2,0,162,"[8, 9, 8, 7, 7, 9, 9, 6, 9, 4]","[0, 0, 0, 0, 0, 0, 1, 0, 0, 0]",1
2,0,163,"[6, 7, 5, 5, 4, 4, 6, 2, 7, 3]","[0, 0, 1, 0, 0, 0, 0, 0, 0, 0]",1
2,0,164,"[9, 9, 9, 9, 9, 9, 9, 9, 9, 9]","[1, 0, 0, 1, 1, 1, 1, 0, 0, 0]",1
2,0,165,"[6, 7, 6, 6, 3, 7, 6, 6, 6, 7]","[0, 0, 0, 0, 0, 0, 0, 1, 0, 0]",1
2,0,166,"[8, 8, 9, 7, 4, 2, 4, 5, 3, 5]","[1, 0, 1, 0, 0, 0, 0, 0, 0, 0]",1
2,0,167,"[7, 7, 7, 7, 7, 7, 7, 7, 6, 7]","[1, 0, 0, 0, 1, 1, 0, 0, 0, 1]",1
2,0,168,"[4, 5, 7, 1, 6, 7, 7, 6, 6, 7]","[0, 0, 1, 0, 0, 0, 1, 1, 0, 0]",1
2,0,169,"[7, 8, 6, 7, 8, 4, 6, 6, 7, 6]","[0, 0, 0, 0, 1, 0, 0, 0, 0, 0]",1
2,0,170,"[4, 9, 9, 1, 9, 3, 9, 9, 9, 9]","[0, 0, 1, 0, 0, 0, 0, 1, 0, 0]",1
2,0,171,"[6, 5, 4, 5, 3, 4, 3, 4, 6, 4]","[0, 0, 0, 0, 0, 1, 0, 1, 0, 1]",1
2,0,172,"[6, 9, 7, 8, 6, 4, 4, 7, 7, 7]","[0, 0, 0, 0, 0, 1, 1, 1, 0, 1]",1
2,0,173,"[5, 6, 9, 8, 7, 6, 8, 6, 5, 8]","[1, 1, 0, 0, 0, 1, 1, 0, 0, 1]",1
2,0,174,"[6, 6, 6, 5, 5, 6, 7, 7, 7, 5]","[0, 1, 1, 0, 0, 0, 1, 0, 0, 0]",1
2,0,175,"[4, 4, 4, 4, 4, 4, 4, 6, 4, 4]","[1, 0, 0, 0, 0, 0, 0, 1, 0, 1]",1
2,0,176,"[2, 5, 5, 6, 1, 5, 6, 1, 6, 7]","[0, 0, 0, 1, 0, 0, 0, 0, 1, 0]",1
2,0,177,"[5, 4, 6, 1, 7, 6, 2, 9, 9, 9]","[0, 0, 0, 0, 0, 1, 1, 0, 0, 1]",1
2,0,178,"[8, 8, 3, 6, 8, 6, 7, 7, 6, 8]","[0, 0, 0, 0, 0, 0, 0, 1, 0, 0]",1
2,0,179,"[9, 9, 7, 8, 9, 5, 7, 9, 9, 6]","[0, 0, 1, 0, 1, 0, 0, 1, 0, 0]",1
2,0,180,"[4, 4, 4, 5, 3, 4, 4, 4, 5, 5]","[0, 0, 0, 0, 1, 0, 0, 0, 0, 1]",1
2,0,181,"[3, 3, 6, 4, 4, 7, 3, 4, 5, 3]","[0, 0, 1, 0, 0, 0, 0, 1, 0, 0]",1
2,0,182,"[8, 5, 7, 6, 7, 8, 6, 9, 7, 7]","[0, 1, 1, 0, 1, 0, 0, 0, 1, 0]",1
2,0,183,"[6, 7, 7, 4, 8, 4, 5, 6, 7, 6]","[0, 0, 0, 0, 0, 1, 1, 1, 1, 0]",1
2,0,184,"[9, 5, 4, 7, 3, 5, 7, 8, 7, 8]","[0, 0, 0, 0, 0, 0, 0, 1, 0, 0]",1
2,0,185,"[5, 4, 7, 6, 8, 3, 5, 7, 6, 6]","[0, 0, 0, 0, 0, 0, 0, 0, 1, 0]",1
2,0,186,"[9, 9, 9, 4, 9, 8, 7, 8, 9, 9]","[1, 0, 0, 0, 0, 0, 0, 1, 0, 0]",1
2,0,187,"[5, 3, 4, 5, 3, 5, 6, 6, 4, 5]","[0, 1, 0, 0, 0, 1, 0, 0, 1, 1]",1
2,0,188,"[9, 6, 6, 6, 6, 6, 6, 6, 8, 5]","[0, 1, 0, 0, 0, 0, 0, 0, 0, 0]",1
2,0,189,"[5, 5, 5, 4, 4, 5, 9, 5, 4, 4]","[0, 0, 0, 0, 0, 0, 1, 0, 0, 1]",1
2,0,190,"[6, 5, 4, 6, 4, 5, 5, 6, 3, 6]","[0, 0, 1, 1, 0, 0, 0, 0, 0, 0]",1
2,0,191,"[9, 1, 9, 5, 7, 4, 6, 6, 6, 6]","[0, 0, 1, 0, 0, 0, 0, 0, 0, 1]",1
2,0,192,"[8, 5, 5, 9, 9, 9, 9, 9, 9, 9]","[0, 1, 1, 0, 1, 0, 0, 1, 1, 1]",1
2,0,193,"[8, 4, 5, 4, 3, 5, 5, 4, 5, 1]","[0, 0, 0, 0, 0, 0, 1, 0, 0, 0]",1
2,0,194,"[7, 5, 8, 8, 8, 7, 7, 6, 3, 8]","[0, 1, 0, 1, 0, 0, 0, 0, 1, 1]",1
2,0,195,"[1, 1, 2, 1, 1, 2, 4, 1, 2, 2]","[0, 0, 0, 0, 0, 0, 0, 0, 0, 0]",1
2,0,196,"[4, 3, 4, 2, 5, 3, 4, 4, 3, 6]","[0, 0, 1, 0, 0, 0, 0, 0, 0, 0]",1
2,0,197,"[3, 6, 3, 8, 3, 3, 3, 3, 3, 2]","[0, 0, 1, 0, 0, 0, 0, 0, 0, 0]",1
2,0,198,"[1, 5, 5, 5, 3, 4, 2, 2, 4, 2]","[0, 1, 1, 0, 1, 0, 0, 0, 0, 0]",1
2,0,199,"[6, 5, 5, 5, 5, 5, 5, 5, 5, 3]","[0, 1, 0, 0, 0, 0, 1, 0, 0, 0]",1
2,0,200,"[5, 4, 5, 5, 5, 5, 5, 5, 4, 5]","[0, 0, 1, 0, 0, 0, 0, 0, 0, 1]",1
2,0,201,"[8, 7, 7, 7, 7, 8, 5, 5, 6, 9]","[0, 0, 0, 0, 0, 1, 0, 0, 0, 0]",1
2,0,202,"[8, 3, 4, 3, 4, 4, 3, 8, 4, 9]","[0, 1, 0, 0, 0, 0, 1, 0, 0, 0]",1
2,0,203,"[2, 7, 5, 4, 4, 5, 3, 4, 4, 6]","[0, 1, 0, 0, 0, 0, 0, 1, 1, 0]",1
2,0,204,"[8, 8, 8, 8, 8, 7, 8, 9, 8, 8]","[0, 1, 1, 1, 0, 0, 1, 0, 1, 1]",1
2,0,205,"[3, 6, 5, 7, 6, 6, 6, 6, 6, 6]","[0, 1, 0, 0, 0, 0, 0, 1, 0, 0]",1
2,0,206,"[8, 8, 8, 8, 8, 8, 8, 7, 8, 8]","[0, 0, 0, 1, 0, 0, 0, 0, 0, 0]",1
2,0,207,"[4, 4, 3, 4, 3, 4, 5, 5, 4, 5]","[0, 0, 0, 0, 0, 0, 0, 0, 1, 0]",1
2,0,208,"[9, 9, 9, 9, 9, 9, 9, 9, 9, 9]","[0, 1, 1, 1, 1, 1, 1, 0, 1, 0]",1
2,0,209,"[6, 5, 5, 4, 4, 7, 6, 6, 6, 5]","[0, 0, 1, 0, 0, 0, 0, 1, 0, 0]",1
2,1,0,"[4, 4, 6, 4, 5, 8, 4, 4, 5, 5]","[0, 0, 0, 1, 0, 0, 0, 0, 0, 1]",1
2,1,1,"[5, 5, 4, 4, 4, 4, 4, 4, 4, 4]","[0, 0, 0, 0, 1, 0, 0, 0, 0, 0]",1
2,1,2,"[2, 1, 2, 2, 2, 2, 1, 1, 2, 2]","[0, 0, 0, 0, 0, 0, 0, 0, 0, 0]",1
2,1,3,"[4, 4, 6, 6, 5, 5, 3, 6, 5, 4]","[0, 0, 0, 0, 0, 0, 1, 0, 0, 0]",1
2,1,4,"[2, 8, 4, 2, 5, 1, 4, 3, 2, 3]","[0, 0, 0, 0, 1, 0, 1, 0, 1, 0]",1
2,1,5,"[3, 4, 2, 2, 4, 5, 3, 4, 4, 1]","[1, 1, 0, 0, 0, 0, 0, 0, 0, 0]",1
2,1,6,"[7, 8, 3, 1, 5, 5, 2, 4, 2, 1]","[0, 1, 0, 0, 0, 0, 0, 1, 0, 0]",1
2,1,7,"[5, 5, 5, 7, 5, 8, 5, 3, 5, 5]","[0, 0, 0, 0, 0, 1, 0, 1, 0, 0]",1
2,1,8,"[4, 6, 4, 4, 3, 4, 4, 4, 4, 4]","[0, 0, 0, 0, 0, 0, 1, 0, 1, 0]",1
2,1,9,"[1, 3, 5, 3, 5, 4, 3, 3, 5, 7]","[0, 1, 0, 0, 0, 0, 0, 0, 1, 1]",1
2,1,10,"[5, 1, 4, 5, 2, 3, 4, 4, 4, 5]","[1, 0, 1, 0, 0, 0, 0, 1, 0, 1]",1
2,1,11,"[4, 3, 3, 3, 3, 3, 7, 2, 3, 2]","[0, 0, 0, 0, 0, 0, 1, 0, 0, 1]",1
2,1,12,"[3, 3, 3, 3, 3, 3, 3, 3, 3, 3]","[0, 0, 0, 0, 0, 1, 0, 0, 0, 0]",1
2,1,13,"[5, 6, 4, 5, 6, 5, 3, 5, 5, 5]","[0, 0, 0, 0, 1, 0, 0, 0, 0, 0]",1
2,1,14,"[3, 3, 3, 3, 3, 3, 3, 3, 3, 3]","[1, 0, 1, 0, 0, 0, 0, 0, 0, 0]",1
2,1,15,"[4, 5, 6, 5, 4, 4, 4, 5, 4, 5]","[0, 0, 0, 0, 0, 0, 0, 0, 1, 0]",1
2,1,16,"[6, 5, 6, 5, 7, 5, 6, 7, 8, 5]","[0, 0, 0, 1, 0, 0, 0, 1, 1, 0]",1
2,1,17,"[4, 2, 5, 5, 5, 6, 5, 4, 2, 4]","[0, 1, 1, 1, 0, 1, 0, 0, 0, 1]",1
2,1,18,"[5, 5, 5, 5, 5, 5, 5, 5, 5, 5]","[0, 0, 0, 1, 0, 1, 0, 0, 0, 0]",1
2,1,19,"[1, 1, 3, 1, 4, 2, 2, 2, 2, 1]","[0, 0, 0, 0, 1, 0, 0, 0, 0, 0]",1
2,1,20,"[5, 5, 4, 5, 4, 2, 4, 4, 4, 4]","[0, 1, 1, 0, 0, 1, 0, 0, 0, 1]",1
2,1,21,"[4, 4, 7, 8, 6, 6, 2, 6, 3, 7]","[0, 0, 1, 1, 0, 1, 0, 1, 0, 1]",1
2,1,22,"[4, 4, 4, 4, 4, 4, 4, 4, 4, 6]","[0, 0, 0, 0, 0, 0, 0, 1, 0, 1]",1
2,1,23,"[4, 2, 3, 3, 3, 4, 4, 4, 3, 1]","[0, 1, 0, 0, 1, 0, 0, 1, 0, 0]",1
2,1,24,"[4, 2, 4, 4, 2, 5, 5, 3, 4, 5]","[0, 0, 0, 0, 0, 0, 0, 1, 0, 0]",1
2,1,25,"[5, 4, 6, 4, 4, 4, 4, 4, 3, 4]","[1, 0, 1, 1, 0, 0, 0, 0, 0, 0]",1
2,1,26,"[9, 4, 9, 9, 9, 8, 9, 9, 9, 7]","[0, 0, 1, 0, 0, 0, 0, 0, 0, 0]",1
2,1,27,"[3, 3, 5, 3, 2, 4, 3, 5, 3, 4]","[1, 1, 1, 0, 0, 1, 0, 0, 0, 1]",1
2,1,28,"[4, 3, 4, 4, 4, 4, 4, 4, 4, 5]","[0, 0, 1, 0, 1, 0, 0, 0, 0, 1]",1
2,1,29,"[9, 9, 9, 9, 9, 9, 9, 9, 9, 9]","[0, 1, 1, 1, 0, 1, 1, 0, 1, 0]",1
2,1,30,"[2, 2, 2, 3, 3, 2, 2, 2, 4, 8]","[0, 0, 0, 0, 0, 0, 0, 0, 0, 0]",1
2,1,31,"[3, 2, 3, 3, 4, 8, 2, 4, 3, 3]","[0, 0, 0, 0, 0, 1, 1, 0, 0, 0]",1
2,1,32,"[3, 2, 3, 3, 3, 3, 3, 2, 3, 4]","[0, 0, 0, 0, 0, 0, 0, 1, 1, 0]",1
2,1,33,"[3, 3, 3, 3, 3, 3, 3, 3, 3, 3]","[0, 0, 0, 0, 0, 0, 0, 1, 0, 0]",1
2,1,34,"[4, 8, 4, 6, 2, 4, 7, 5, 4, 5]","[1, 1, 0, 1, 1, 1, 1, 0, 0, 1]",1
2,1,35,"[2, 2, 2, 2, 2, 2, 1, 2, 2, 2]","[0, 0, 0, 0, 0, 0, 0, 0, 0, 0]",1
2,1,36,"[4, 8, 1, 2, 5, 3, 5, 5, 4, 5]","[0, 0, 0, 0, 1, 0, 0, 0, 0, 0]",1
2,1,37,"[4, 4, 4, 4, 3, 4, 4, 3, 4, 4]","[1, 1, 1, 1, 0, 0, 0, 0, 1, 0]",1
2,1,38,"[4, 5, 3, 9, 3, 6, 4, 3, 4, 4]","[0, 0, 0, 1, 0, 0, 0, 0, 1, 0]",1
2,1,39,"[1, 2, 1, 2, 3, 1, 2, 2, 2, 7]","[0, 0, 0, 0, 1, 1, 0, 0, 0, 1]",1
2,1,40,"[2, 2, 2, 2, 3, 3, 2, 2, 2, 2]","[0, 0, 0, 0, 0, 0, 0, 0, 0, 0]",1
2,1,41,"[1, 6, 7, 5, 5, 5, 4, 5, 4, 4]","[0, 0, 1, 0, 0, 0, 0, 1, 0, 0]",1
2,1,42,"[3, 3, 3, 3, 6, 3, 3, 4, 4, 7]","[0, 1, 1, 1, 0, 0, 0, 0, 0, 0]",1
2,1,43,"[4, 9, 4, 6, 2, 4, 5, 4, 4, 4]","[0, 0, 1, 0, 1, 0, 0, 0, 0, 1]",1
2,1,44,"[4, 4, 4, 4, 5, 4, 7, 4, 4, 5]","[1, 0, 1, 1, 1, 1, 0, 1, 1, 1]",1
2,1,45,"[4, 7, 4, 7, 4, 8, 4, 5, 7, 9]","[1, 0, 0, 1, 0, 0, 0, 0, 0, 0]",1
2,1,46,"[3, 4, 3, 4, 3, 3, 3, 3, 3, 3]","[0, 1, 0, 1, 1, 0, 0, 0, 0, 0]",1
2,1,47,"[4, 3, 4, 5, 5, 8, 4, 4, 4, 4]","[0, 0, 0, 0, 0, 0, 0, 0, 0, 1]",1
2,1,48,"[4, 4, 4, 4, 3, 4, 4, 5, 4, 4]","[0, 0, 1, 0, 0, 0, 0, 0, 0, 0]",1
2,1,49,"[3, 7, 5, 6, 3, 6, 5, 6, 4, 3]","[1, 0, 0, 0, 0, 1, 0, 1, 0, 0]",1
2,1,50,"[7, 4, 5, 6, 4, 3, 4, 7, 5, 4]","[0, 0, 0, 0, 0, 0, 0, 0, 0, 0]",1
2,1,51,"[3, 2, 2, 2, 5, 2, 3, 2, 3, 5]","[0, 0, 0, 1, 0, 0, 0, 0, 0, 0]",1
2,1,52,"[3, 5, 1, 5, 1, 3, 4, 3, 4, 2]","[0, 0, 1, 1, 0, 0, 0, 0, 0, 0]",1
2,1,53,"[2, 3, 2, 2, 2, 2, 2, 2, 1, 2]","[0, 1, 0, 0, 0, 0, 0, 0, 0, 0]",1
2,1,54,"[3, 5, 2, 4, 2, 3, 3, 4, 2, 3]","[0, 1, 0, 0, 0, 0, 0, 0, 0, 0]",1
2,1,55,"[7, 6, 6, 6, 5, 6, 6, 6, 6, 6]","[1, 0, 0, 0, 0, 0, 0, 0, 0, 1]",1
2,1,56,"[4, 5, 6, 5, 4, 2, 3, 1, 2, 6]","[1, 0, 0, 0, 0, 1, 1, 0, 0, 0]",1
2,1,57,"[4, 5, 4, 5, 3, 2, 4, 4, 4, 5]","[0, 0, 0, 0, 0, 0, 0, 1, 0, 0]",1
2,1,58,"[2, 1, 2, 5, 1, 2, 2, 2, 7, 4]","[0, 0, 0, 0, 0, 0, 0, 0, 0, 0]",1
2,1,59,"[3, 4, 3, 3, 4, 3, 3, 2, 4, 5]","[0, 0, 1, 1, 1, 1, 0, 0, 0, 0]",1
2,1,60,"[3, 4, 1, 3, 2, 3, 4, 2, 2, 2]","[0, 1, 0, 0, 0, 0, 0, 0, 0, 0]",1
2,1,61,"[4, 4, 3, 4, 3, 4, 4, 5, 4, 5]","[0, 0, 0, 0, 1, 0, 0, 0, 0, 0]",1
2,1,62,"[8, 8, 8, 8, 4, 8, 8, 8, 8, 8]","[0, 0, 1, 1, 1, 1, 0, 0, 1, 0]",1
2,1,63,"[3, 3, 4, 3, 5, 3, 3, 3, 1, 2]","[0, 0, 0, 0, 0, 0, 0, 0, 0, 0]",1
2,1,64,"[7, 7, 7, 7, 7, 6, 7, 5, 7, 7]","[0, 1, 0, 0, 0, 1, 0, 1, 0, 1]",1
2,1,65,"[7, 6, 6, 7, 7, 5, 6, 6, 5, 6]","[0, 0, 1, 0, 0, 0, 0, 1, 0, 0]",1
2,1,66,"[6, 5, 3, 4, 6, 4, 5, 5, 5, 4]","[0, 0, 0, 0, 0, 1, 1, 0, 1, 0]",1
2,1,67,"[5, 4, 1, 4, 2, 5, 4, 1, 4, 4]","[0, 0, 0, 1, 0, 1, 0, 0, 0, 0]",1
2,1,68,"[4, 6, 5, 4, 5, 4, 2, 6, 4, 4]","[1, 0, 0, 0, 0, 0, 0, 0, 0, 0]",1
2,1,69,"[4, 6, 6, 3, 4, 3, 5, 2, 3, 4]","[0, 1, 0, 0, 0, 0, 0, 0, 0, 0]",1
2,1,70,"[5, 5, 6, 4, 5, 5, 5, 5, 5, 6]","[0, 0, 0, 0, 1, 0, 0, 1, 0, 0]",1
2,1,71,"[4, 4, 2, 4, 4, 5, 3, 5, 2, 5]","[1, 0, 0, 0, 0, 0, 1, 0, 0, 0]",1
2,1,72,"[4, 3, 5, 5, 5, 4, 5, 6, 4, 3]","[0, 0, 0, 0, 1, 0, 1, 0, 0, 1]",1
2,1,73,"[1, 1, 1, 1, 7, 4, 1, 4, 4, 7]","[0, 0, 0, 0, 0, 1, 0, 0, 0, 0]",1
2,1,74,"[3, 2, 4, 3, 1, 3, 4, 3, 3, 1]","[0, 0, 1, 0, 0, 0, 0, 0, 0, 0]",1
2,1,75,"[1, 3, 3, 3, 3, 3, 2, 3, 3, 2]","[0, 0, 0, 0, 0, 0, 0, 0, 1, 0]",1
2,1,76,"[5, 3, 7, 3, 3, 3, 2, 1, 1, 6]","[0, 0, 1, 0, 0, 0, 0, 0, 0, 0]",1
2,1,77,"[4, 3, 4, 8, 4, 4, 4, 5, 2, 5]","[0, 0, 0, 0, 0, 0, 1, 0, 0, 0]",1
2,1,78,"[5, 4, 3, 4, 5, 3, 4, 3, 4, 5]","[0, 0, 1, 0, 0, 0, 0, 0, 0, 1]",1
2,1,79,"[4, 5, 4, 6, 4, 8, 5, 5, 5, 5]","[0, 0, 0, 1, 1, 0, 0, 0, 1, 1]",1
2,1,80,"[6, 7, 6, 7, 5, 7, 7, 7, 4, 8]","[0, 0, 0, 0, 0, 0, 0, 0, 0, 0]",1
2,1,81,"[4, 5, 3, 4, 5, 6, 7, 4, 4, 7]","[0, 0, 0, 0, 0, 1, 1, 0, 1, 0]",1
2,1,82,"[4, 4, 4, 4, 4, 3, 6, 5, 4, 5]","[0, 0, 0, 0, 0, 0, 0, 0, 0, 0]",1
2,1,83,"[7, 3, 6, 5, 7, 7, 7, 6, 7, 6]","[0, 0, 1, 1, 0, 1, 0, 0, 1, 1]",1
2,1,84,"[1, 1, 1, 1, 1, 5, 1, 7, 3, 1]","[0, 0, 0, 0, 0, 0, 0, 0, 0, 0]",1
2,1,85,"[3, 4, 4, 3, 3, 3, 2, 3, 3, 2]","[0, 0, 0, 0, 0, 0, 0, 0, 0, 0]",1
2,1,86,"[6, 6, 5, 5, 5, 5, 7, 5, 8, 5]","[0, 1, 1, 1, 1, 0, 0, 0, 0, 0]",1
2,1,87,"[3, 4, 5, 5, 5, 4, 4, 2, 2, 2]","[0, 0, 0, 1, 1, 0, 0, 1, 1, 0]",1
2,1,88,"[3, 4, 3, 3, 3, 4, 9, 3, 2, 3]","[0, 0, 0, 0, 1, 1, 0, 0, 0, 0]",1
2,1,89,"[8, 8, 7, 9, 7, 8, 8, 8, 7, 9]","[0, 1, 1, 0, 0, 1, 0, 0, 1, 0]",1
2,1,90,"[7, 6, 6, 6, 7, 6, 6, 6, 5, 6]","[0, 0, 0, 0, 0, 1, 0, 0, 0, 0]",1
2,1,91,"[3, 4, 6, 2, 3, 3, 4, 3, 3, 7]","[0, 0, 1, 0, 0, 1, 0, 0, 1, 1]",1
2,1,92,"[5, 5, 4, 4, 8, 7, 5, 4, 5, 7]","[0, 0, 0, 0, 0, 1, 0, 0, 0, 0]",1
2,1,93,"[1, 2, 5, 2, 3, 2, 2, 5, 1, 3]","[0, 0, 0, 0, 1, 0, 0, 0, 0, 1]",1
2,1,94,"[2, 5, 5, 4, 4, 2, 3, 3, 6, 4]","[0, 1, 0, 1, 0, 1, 0, 1, 1, 0]",1
2,1,95,"[4, 4, 8, 5, 2, 4, 4, 4, 4, 6]","[0, 0, 0, 0, 0, 0, 0, 1, 0, 0]",1
2,1,96,"[3, 6, 3, 2, 3, 3, 2, 3, 4, 4]","[1, 1, 0, 0, 0, 0, 0, 0, 1, 0]",1
2,1,97,"[2, 3, 2, 6, 4, 2, 2, 1, 1, 2]","[0, 0, 0, 0, 0, 0, 0, 0, 0, 0]",1
2,1,98,"[2, 2, 3, 1, 3, 3, 7, 3, 2, 3]","[0, 1, 0, 0, 0, 0, 0, 0, 0, 0]",1
2,1,99,"[5, 3, 6, 5, 2, 6, 6, 6, 5, 6]","[0, 0, 0, 0, 0, 1, 0, 0, 0, 0]",1
2,1,100,"[2, 2, 4, 3, 2, 2, 2, 2, 7, 2]","[0, 0, 0, 0, 0, 0, 0, 0, 0, 0]",1
2,1,101,"[1, 2, 4, 5, 4, 4, 6, 5, 4, 4]","[0, 0, 0, 0, 0, 0, 0, 0, 0, 0]",1
2,1,102,"[2, 6, 2, 5, 5, 3, 5, 1, 6, 5]","[0, 0, 0, 0, 0, 0, 1, 0, 1, 0]",1
2,1,103,"[2, 2, 2, 2, 2, 2, 2, 2, 2, 2]","[0, 0, 0, 0, 0, 0, 0, 0, 0, 0]",1
2,1,104,"[5, 5, 5, 4, 4, 5, 4, 5, 3, 6]","[1, 0, 0, 0, 1, 1, 0, 1, 0, 0]",1
2,1,105,"[5, 5, 4, 4, 5, 3, 3, 4, 4, 5]","[0, 0, 0, 1, 0, 0, 0, 0, 0, 1]",1
2,1,106,"[6, 6, 3, 4, 1, 6, 7, 3, 3, 7]","[0, 0, 0, 0, 0, 0, 0, 0, 0, 1]",1
2,1,107,"[3, 4, 5, 4, 3, 2, 4, 4, 3, 3]","[1, 0, 0, 0, 0, 0, 1, 0, 0, 0]",1
2,1,108,"[7, 4, 4, 5, 4, 4, 5, 4, 5, 2]","[1, 0, 0, 0, 0, 0, 0, 0, 0, 0]",1
2,1,109,"[4, 4, 4, 4, 3, 5, 3, 3, 4, 5]","[0, 0, 1, 0, 0, 0, 0, 0, 0, 0]",1
2,1,110,"[5, 4, 2, 4, 5, 4, 4, 4, 6, 4]","[1, 0, 1, 0, 1, 0, 0, 0, 1, 0]",1
2,1,111,"[4, 5, 4, 2, 7, 4, 4, 4, 5, 4]","[1, 0, 0, 0, 0, 0, 1, 0, 0, 1]",1
2,1,112,"[5, 6, 5, 5, 5, 5, 6, 5, 6, 5]","[1, 0, 0, 0, 0, 1, 1, 0, 0, 1]",1
2,1,113,"[3, 3, 4, 6, 8, 7, 6, 4, 4, 2]","[0, 0, 0, 1, 0, 1, 1, 0, 0, 0]",1
2,1,114,"[2, 4, 4, 3, 3, 5, 4, 4, 2, 4]","[0, 0, 1, 0, 0, 1, 1, 0, 0, 0]",1
2,1,115,"[5, 5, 4, 5, 5, 4, 8, 5, 5, 4]","[1, 0, 0, 0, 1, 0, 0, 1, 1, 1]",1
2,1,116,"[5, 6, 5, 3, 4, 4, 4, 4, 3, 4]","[0, 0, 0, 1, 1, 1, 0, 0, 0, 0]",1
2,1,117,"[2, 3, 3, 3, 4, 3, 3, 3, 3, 3]","[0, 0, 0, 0, 0, 1, 1, 0, 0, 0]",1
2,1,118,"[8, 4, 2, 7, 6, 6, 3, 4, 6, 4]","[0, 0, 0, 1, 1, 0, 0, 0, 0, 0]",1
2,1,119,"[4, 9, 6, 7, 9, 8, 9, 8, 8, 8]","[1, 1, 0, 1, 1, 0, 0, 0, 1, 0]",1
2,1,120,"[5, 5, 6, 6, 3, 7, 7, 5, 4, 6]","[0, 0, 0, 0, 1, 0, 0, 0, 1, 0]",1
2,1,121,"[5, 5, 5, 7, 5, 5, 5, 5, 4, 5]","[1, 0, 0, 1, 1, 0, 1, 1, 1, 0]",1
2,1,122,"[3, 3, 3, 3, 3, 3, 3, 3, 3, 3]","[0, 0, 0, 0, 0, 0, 0, 0, 0, 0]",1
2,1,123,"[3, 3, 3, 4, 3, 3, 4, 3, 2, 5]","[0, 0, 0, 0, 0, 0, 0, 0, 0, 0]",1
2,1,124,"[5, 6, 5, 4, 5, 4, 3, 2, 3, 7]","[0, 0, 0, 0, 0, 1, 0, 0, 0, 0]",1
2,1,125,"[5, 3, 3, 3, 3, 4, 6, 4, 3, 4]","[0, 0, 0, 0, 1, 0, 1, 0, 0, 0]",1
2,1,126,"[5, 5, 4, 4, 5, 4, 5, 5, 4, 4]","[0, 0, 0, 0, 1, 0, 0, 1, 1, 0]",1
2,1,127,"[3, 3, 3, 3, 3, 2, 3, 4, 7, 2]","[0, 0, 1, 0, 0, 0, 1, 1, 1, 0]",1
2,1,128,"[6, 5, 6, 3, 5, 4, 5, 5, 5, 8]","[0, 1, 0, 0, 1, 1, 0, 0, 0, 1]",1
2,1,129,"[5, 2, 8, 2, 2, 3, 4, 4, 3, 3]","[1, 0, 1, 0, 0, 0, 0, 0, 0, 0]",1
2,1,130,"[5, 5, 5, 8, 5, 5, 5, 5, 7, 5]","[0, 0, 0, 1, 0, 0, 0, 1, 1, 0]",1
2,1,131,"[1, 1, 1, 1, 1, 1, 1, 1, 1, 1]","[0, 0, 0, 1, 1, 0, 0, 0, 0, 0]",1
2,1,132,"[4, 2, 5, 6, 3, 5, 2, 6, 5, 9]","[0, 1, 0, 1, 0, 0, 0, 1, 0, 1]",1
2,1,133,"[4, 6, 6, 5, 5, 5, 6, 5, 5, 4]","[0, 1, 0, 0, 0, 1, 0, 1, 1, 0]",1
2,1,134,"[3, 5, 2, 5, 5, 5, 4, 5, 4, 4]","[1, 1, 0, 1, 0, 0, 0, 0, 1, 0]",1
2,1,135,"[6, 5, 7, 5, 4, 4, 4, 4, 5, 4]","[0, 1, 0, 1, 0, 1, 1, 1, 1, 1]",1
2,1,136,"[6, 6, 5, 5, 7, 6, 6, 7, 3, 6]","[1, 0, 0, 0, 0, 0, 1, 0, 0, 0]",1
2,1,137,"[1, 5, 2, 1, 1, 1, 2, 5, 4, 3]","[0, 1, 0, 1, 0, 0, 0, 0, 1, 0]",1
2,1,138,"[5, 5, 5, 5, 5, 5, 5, 5, 5, 4]","[1, 0, 0, 0, 0, 0, 0, 0, 0, 0]",1
2,1,139,"[3, 3, 3, 3, 3, 3, 4, 3, 3, 3]","[0, 0, 1, 0, 0, 0, 0, 0, 0, 0]",1
2,1,140,"[6, 5, 5, 6, 6, 5, 5, 6, 5, 5]","[0, 0, 0, 0, 1, 0, 0, 0, 0, 0]",1
2,1,141,"[2, 2, 1, 3, 1, 2, 2, 4, 5, 2]","[0, 0, 1, 0, 0, 0, 0, 0, 0, 0]",1
2,1,142,"[4, 4, 4, 3, 3, 6, 1, 3, 4, 3]","[0, 1, 0, 0, 0, 0, 0, 0, 0, 0]",1
2,1,143,"[3, 4, 4, 4, 5, 5, 4, 4, 4, 5]","[0, 1, 0, 0, 0, 0, 0, 0, 0, 0]",1
2,1,144,"[3, 3, 3, 4, 4, 3, 4, 4, 6, 4]","[0, 1, 0, 1, 0, 0, 0, 1, 0, 0]",1
2,1,145,"[5, 5, 6, 5, 1, 2, 3, 9, 4, 4]","[0, 0, 1, 0, 0, 0, 0, 1, 1, 1]",1
2,1,146,"[5, 5, 5, 5, 4, 5, 5, 6, 6, 5]","[1, 1, 1, 0, 0, 1, 0, 0, 0, 0]",1
2,1,147,"[5, 6, 3, 7, 7, 7, 4, 7, 7, 6]","[0, 0, 0, 1, 1, 1, 1, 1, 0, 0]",1
2,1,148,"[6, 7, 4, 5, 7, 6, 4, 6, 6, 5]","[0, 1, 1, 0, 0, 0, 1, 1, 0, 0]",1
2,1,149,"[4, 3, 7, 4, 6, 4, 3, 5, 3, 7]","[1, 0, 0, 0, 1, 1, 0, 0, 0, 0]",1
2,1,150,"[5, 5, 7, 6, 5, 3, 5, 5, 5, 5]","[0, 1, 0, 0, 1, 0, 1, 0, 0, 0]",1
2,1,151,"[1, 2, 3, 2, 3, 4, 1, 3, 2, 1]","[0, 0, 0, 0, 0, 1, 0, 0, 0, 0]",1
2,1,152,"[3, 1, 3, 3, 5, 2, 3, 3, 3, 2]","[0, 0, 0, 0, 0, 0, 0, 0, 0, 0]",1
2,1,153,"[4, 4, 4, 3, 4, 4, 4, 4, 4, 4]","[0, 0, 0, 0, 0, 0, 0, 0, 0, 0]",1
2,1,154,"[3, 3, 2, 2, 2, 3, 3, 3, 2, 1]","[0, 0, 0, 0, 0, 0, 0, 0, 1, 0]",1
2,1,155,"[4, 4, 5, 4, 5, 7, 2, 5, 5, 5]","[0, 0, 0, 0, 0, 1, 0, 0, 1, 0]",1
2,1,156,"[3, 3, 6, 5, 3, 3, 3, 3, 4, 3]","[0, 0, 1, 0, 0, 0, 0, 1, 0, 1]",1
2,1,157,"[3, 4, 3, 4, 3, 3, 4, 3, 3, 4]","[0, 0, 0, 0, 0, 0, 0, 0, 0, 0]",1
2,1,158,"[6, 2, 2, 3, 3, 2, 2, 6, 2, 6]","[0, 0, 0, 0, 0, 0, 0, 0, 0, 0]",1
2,1,159,"[5, 3, 2, 2, 7, 6, 3, 2, 2, 4]","[1, 0, 0, 0, 0, 1, 0, 0, 0, 0]",1
2,1,160,"[5, 4, 5, 3, 3, 4, 8, 6, 8, 7]","[1, 0, 0, 1, 0, 1, 1, 1, 1, 1]",1
2,1,161,"[3, 5, 4, 3, 4, 4, 4, 4, 4, 4]","[0, 0, 0, 1, 0, 0, 0, 0, 0, 0]",1
2,1,162,"[5, 3, 6, 4, 4, 7, 4, 5, 8, 1]","[0, 0, 0, 0, 0, 0, 0, 1, 0, 0]",1
2,1,163,"[6, 3, 4, 2, 6, 6, 3, 5, 4, 6]","[0, 0, 1, 0, 0, 0, 0, 0, 0, 1]",1
2,1,164,"[6, 5, 5, 3, 6, 6, 6, 6, 6, 7]","[1, 1, 0, 0, 0, 0, 0, 0, 0, 0]",1
2,1,165,"[3, 2, 2, 3, 2, 1, 2, 2, 3, 3]","[0, 0, 0, 0, 0, 0, 0, 0, 0, 0]",1
2,1,166,"[6, 7, 5, 6, 9, 8, 7, 9, 9, 2]","[0, 0, 0, 1, 1, 0, 1, 0, 1, 0]",1
2,1,167,"[9, 8, 7, 7, 8, 7, 8, 9, 7, 9]","[0, 1, 1, 0, 1, 0, 1, 1, 1, 1]",1
2,1,168,"[3, 5, 7, 3, 4, 4, 3, 4, 4, 3]","[0, 1, 0, 0, 1, 0, 0, 1, 0, 0]",1
2,1,169,"[5, 3, 4, 6, 6, 4, 5, 5, 7, 6]","[0, 0, 1, 0, 1, 1, 1, 0, 1, 0]",1
2,1,170,"[5, 6, 2, 5, 7, 3, 5, 6, 3, 3]","[0, 0, 0, 0, 0, 0, 0, 1, 0, 0]",1
2,1,171,"[3, 7, 9, 5, 7, 2, 3, 7, 7, 6]","[1, 1, 1, 0, 1, 1, 1, 0, 1, 1]",1
2,1,172,"[5, 1, 8, 4, 8, 4, 1, 4, 3, 3]","[0, 0, 0, 1, 1, 0, 0, 0, 0, 0]",1
2,1,173,"[2, 5, 4, 4, 4, 7, 4, 2, 2, 4]","[0, 1, 0, 0, 1, 0, 0, 0, 0, 0]",1
2,1,174,"[4, 6, 5, 5, 5, 6, 6, 6, 3, 6]","[1, 0, 0, 0, 0, 1, 1, 1, 1, 1]",1
2,1,175,"[4, 4, 4, 4, 4, 4, 4, 3, 4, 4]","[0, 0, 0, 0, 0, 0, 0, 1, 0, 0]",1
2,1,176,"[2, 3, 4, 2, 4, 4, 3, 3, 5, 7]","[0, 0, 0, 1, 0, 0, 0, 0, 0, 0]",1
2,1,177,"[2, 4, 3, 8, 3, 2, 4, 3, 3, 2]","[1, 0, 0, 1, 0, 1, 1, 0, 0, 0]",1
2,1,178,"[5, 5, 6, 5, 3, 6, 5, 4, 6, 4]","[0, 0, 0, 0, 0, 0, 0, 0, 0, 0]",1
2,1,179,"[6, 5, 5, 6, 3, 3, 3, 4, 4, 2]","[0, 0, 0, 0, 0, 0, 0, 0, 1, 0]",1
2,1,180,"[3, 3, 3, 3, 4, 9, 3, 3, 3, 4]","[0, 0, 0, 0, 0, 0, 0, 0, 0, 0]",1
2,1,181,"[2, 8, 8, 3, 6, 3, 2, 2, 3, 6]","[0, 1, 1, 1, 0, 0, 0, 0, 1, 0]",1
2,1,182,"[3, 4, 2, 3, 4, 3, 5, 2, 3, 3]","[0, 1, 1, 0, 1, 0, 0, 0, 0, 0]",1
2,1,183,"[6, 5, 6, 5, 4, 5, 5, 3, 6, 5]","[1, 0, 0, 0, 0, 0, 1, 0, 0, 0]",1
2,1,184,"[2, 2, 4, 3, 3, 3, 3, 3, 2, 4]","[0, 0, 1, 0, 1, 0, 0, 1, 0, 0]",1
2,1,185,"[7, 6, 6, 7, 7, 5, 6, 7, 2, 6]","[1, 0, 1, 1, 0, 1, 0, 0, 0, 1]",1
2,1,186,"[3, 4, 1, 1, 1, 2, 1, 1, 8, 3]","[0, 0, 0, 0, 0, 0, 0, 0, 0, 0]",1
2,1,187,"[4, 5, 5, 3, 4, 5, 4, 3, 4, 4]","[0, 0, 0, 0, 0, 0, 0, 1, 0, 0]",1
2,1,188,"[7, 5, 6, 5, 5, 6, 4, 5, 5, 5]","[0, 0, 0, 0, 0, 0, 0, 1, 0, 0]",1
2,1,189,"[2, 2, 3, 2, 3, 3, 3, 2, 3, 3]","[0, 0, 0, 0, 0, 0, 0, 0, 0, 0]",1
2,1,190,"[7, 5, 1, 4, 3, 3, 2, 3, 3, 1]","[0, 0, 0, 1, 0, 0, 0, 0, 1, 0]",1
2,1,191,"[5, 4, 3, 1, 4, 4, 4, 4, 4, 4]","[0, 0, 0, 0, 0, 1, 0, 0, 1, 0]",1
2,1,192,"[3, 3, 3, 2, 4, 3, 3, 3, 3, 2]","[0, 0, 0, 0, 0, 1, 0, 0, 0, 1]",1
2,1,193,"[3, 5, 4, 3, 3, 3, 3, 3, 3, 2]","[0, 0, 1, 0, 0, 0, 1, 0, 0, 0]",1
2,1,194,"[2, 4, 4, 4, 2, 3, 4, 3, 1, 3]","[0, 0, 0, 1, 0, 1, 0, 1, 0, 1]",1
2,1,195,"[1, 1, 3, 2, 5, 1, 5, 1, 2, 1]","[0, 0, 0, 0, 0, 0, 0, 0, 0, 1]",1
2,1,196,"[3, 3, 4, 3, 2, 8, 3, 2, 3, 3]","[0, 0, 0, 0, 0, 1, 0, 0, 0, 0]",1
2,1,197,"[7, 6, 6, 5, 6, 6, 6, 6, 4, 6]","[0, 0, 0, 0, 0, 0, 0, 0, 0, 0]",1
2,1,198,"[8, 3, 5, 1, 2, 5, 5, 1, 3, 5]","[0, 0, 0, 0, 0, 0, 0, 0, 1, 1]",1
2,1,199,"[3, 3, 5, 4, 4, 4, 3, 4, 5, 4]","[0, 0, 1, 0, 0, 0, 0, 0, 0, 0]",1
2,1,200,"[3, 4, 4, 3, 1, 3, 2, 8, 4, 4]","[0, 0, 0, 0, 0, 0, 0, 0, 0, 0]",1
2,1,201,"[4, 4, 3, 4, 4, 4, 4, 3, 6, 3]","[0, 1, 0, 0, 0, 0, 0, 1, 1, 0]",1
2,1,202,"[5, 5, 5, 5, 4, 5, 4, 5, 1, 5]","[0, 0, 0, 0, 0, 0, 0, 0, 0, 1]",1
2,1,203,"[1, 2, 4, 3, 5, 3, 4, 5, 3, 3]","[0, 0, 0, 0, 0, 0, 0, 0, 0, 0]",1
2,1,204,"[3, 2, 2, 2, 3, 2, 2, 2, 2, 2]","[0, 0, 0, 0, 0, 0, 0, 0, 0, 0]",1
2,1,205,"[5, 5, 5, 5, 5, 5, 5, 6, 2, 5]","[0, 1, 0, 0, 1, 1, 0, 0, 0, 0]",1
2,1,206,"[5, 4, 3, 2, 3, 2, 2, 3, 3, 6]","[0, 0, 0, 0, 0, 0, 0, 1, 1, 0]",1
2,1,207,"[3, 4, 5, 3, 3, 2, 2, 3, 3, 3]","[0, 0, 0, 0, 0, 0, 0, 0, 0, 0]",1
2,1,208,"[6, 6, 5, 6, 4, 4, 5, 6, 6, 4]","[1, 0, 0, 0, 0, 0, 1, 0, 0, 0]",1
2,1,209,"[4, 4, 5, 3, 4, 4, 4, 3, 4, 4]","[0, 0, 0, 0, 0, 1, 1, 0, 0, 0]",1
3,0,0,"[8, 8, 7, 7, 7, 6, 6, 8, 6, 7]","[1, 1, 0, 0, 0, 0, 0, 0, 0, 1]",1
3,0,1,"[7, 6, 6, 6, 2, 5, 5, 5, 5, 6]","[0, 0, 0, 0, 0, 0, 0, 0, 0, 0]",1
3,0,2,"[8, 5, 8, 8, 8, 8, 5, 8, 6, 8]","[1, 1, 0, 0, 1, 0, 1, 0, 0, 0]",1
3,0,3,"[6, 5, 7, 6, 6, 6, 6, 4, 6, 6]","[0, 0, 0, 0, 0, 0, 0, 0, 0, 1]",1
3,0,4,"[6, 3, 3, 4, 4, 6, 4, 4, 5, 6]","[1, 0, 1, 0, 0, 0, 0, 1, 0, 1]",1
3,0,5,"[5, 4, 5, 5, 5, 6, 6, 5, 4, 5]","[0, 0, 0, 1, 0, 0, 0, 0, 0, 0]",1
3,0,6,"[7, 8, 7, 4, 8, 8, 7, 7, 8, 7]","[0, 0, 0, 1, 0, 0, 1, 1, 0, 0]",1
3,0,7,"[5, 7, 6, 7, 8, 7, 5, 8, 8, 8]","[0, 0, 0, 0, 0, 0, 0, 1, 0, 0]",1
3,0,8,"[5, 5, 5, 5, 5, 5, 6, 5, 5, 6]","[0, 0, 0, 1, 0, 0, 0, 0, 0, 0]",1
3,0,9,"[5, 5, 5, 3, 5, 5, 5, 4, 4, 1]","[0, 0, 0, 0, 1, 0, 0, 0, 0, 0]",1
3,0,10,"[5, 4, 4, 5, 4, 5, 5, 7, 3, 3]","[0, 0, 0, 0, 0, 1, 0, 0, 0, 0]",1
3,0,11,"[6, 5, 5, 4, 5, 5, 5, 5, 8, 5]","[0, 0, 0, 0, 1, 0, 0, 0, 0, 0]",1
3,0,12,"[6, 5, 7, 6, 6, 6, 6, 6, 6, 6]","[0, 0, 0, 0, 0, 0, 0, 0, 0, 0]",1
3,0,13,"[5, 3, 3, 3, 3, 2, 5, 6, 5, 4]","[0, 0, 0, 0, 0, 0, 0, 0, 1, 0]",1
3,0,14,"[4, 9, 4, 4, 8, 9, 9, 9, 6, 5]","[0, 0, 0, 0, 1, 0, 0, 0, 0, 0]",1
3,0,15,"[5, 5, 4, 5, 5, 5, 5, 5, 5, 6]","[0, 0, 1, 0, 0, 0, 0, 0, 0, 0]",1
3,0,16,"[7, 7, 5, 4, 9, 7, 8, 4, 4, 3]","[1, 0, 0, 0, 0, 0, 0, 0, 1, 0]",1
3,0,17,"[6, 8, 5, 5, 6, 5, 7, 6, 3, 6]","[0, 0, 0, 0, 0, 1, 0, 0, 0, 1]",1
3,0,18,"[5, 8, 8, 6, 6, 5, 6, 5, 7, 6]","[0, 0, 0, 0, 1, 0, 0, 0, 0, 0]",1
3,0,19,"[3, 4, 4, 3, 3, 3, 2, 3, 2, 3]","[1, 0, 0, 0, 0, 0, 0, 0, 0, 0]",1
3,0,20,"[5, 5, 7, 5, 2, 4, 5, 5, 4, 5]","[0, 1, 1, 0, 0, 1, 0, 1, 0, 0]",1
3,0,21,"[5, 7, 3, 4, 2, 8, 3, 9, 3, 4]","[0, 0, 0, 0, 0, 0, 0, 0, 0, 0]",1
3,0,22,"[3, 3, 4, 3, 3, 3, 3, 4, 3, 3]","[0, 1, 0, 0, 1, 0, 0, 0, 0, 0]",1
3,0,23,"[4, 4, 3, 5, 4, 4, 4, 3, 3, 6]","[0, 0, 1, 0, 0, 0, 1, 0, 0, 0]",1
3,0,24,"[3, 4, 5, 5, 4, 6, 5, 4, 6, 3]","[0, 0, 0, 0, 0, 0, 1, 0, 0, 0]",1
3,0,25,"[5, 4, 6, 5, 5, 5, 5, 5, 4, 5]","[0, 0, 1, 1, 0, 0, 0, 0, 1, 1]",1
3,0,26,"[9, 9, 7, 9, 9, 9, 7, 5, 1, 9]","[0, 1, 0, 0, 0, 1, 0, 0, 0, 0]",1
3,0,27,"[7, 6, 7, 6, 6, 6, 1, 6, 6, 6]","[0, 0, 0, 0, 0, 0, 0, 0, 1, 0]",1
3,0,28,"[6, 7, 6, 5, 6, 6, 6, 5, 5, 7]","[0, 0, 0, 0, 0, 0, 1, 0, 0, 0]",1
3,0,29,"[9, 9, 9, 9, 9, 9, 9, 9, 9, 9]","[1, 0, 0, 0, 1, 0, 0, 0, 0, 0]",1
3,0,30,"[3, 4, 5, 4, 3, 4, 4, 6, 4, 4]","[0, 0, 0, 1, 0, 0, 0, 0, 0, 1]",1
3,0,31,"[9, 3, 6, 5, 5, 5, 6, 6, 5, 9]","[0, 0, 0, 0, 0, 0, 1, 1, 0, 0]",1
3,0,32,"[2, 4, 5, 5, 6, 3, 6, 4, 4, 3]","[0, 0, 0, 0, 1, 0, 0, 1, 0, 0]",1
3,0,33,"[3, 2, 3, 3, 4, 3, 3, 3, 3, 3]","[0, 0, 0, 0, 0, 0, 0, 1, 0, 0]",1
3,0,34,"[7, 6, 7, 6, 6, 7, 7, 7, 7, 5]","[1, 0, 0, 1, 1, 0, 0, 0, 0, 0]",1
3,0,35,"[5, 5, 3, 4, 4, 4, 6, 6, 6, 4]","[0, 0, 0, 0, 0, 0, 0, 0, 1, 0]",1
3,0,36,"[6, 8, 2, 9, 2, 9, 9, 9, 8, 8]","[0, 0, 0, 1, 0, 1, 0, 0, 0, 1]",1
3,0,37,"[6, 5, 5, 3, 6, 4, 5, 4, 4, 2]","[0, 0, 0, 0, 0, 0, 0, 0, 0, 0]",1
3,0,38,"[8, 4, 5, 4, 4, 4, 5, 5, 5, 5]","[0, 0, 0, 0, 0, 0, 0, 1, 1, 0]",1
3,0,39,"[1, 1, 1, 3, 3, 1, 1, 1, 1, 1]","[0, 0, 0, 0, 1, 0, 1, 0, 0, 0]",1
3,0,40,"[2, 2, 2, 2, 2, 2, 2, 2, 2, 2]","[0, 0, 0, 0, 0, 0, 1, 0, 0, 1]",1
3,0,41,"[2, 4, 8, 7, 4, 3, 6, 3, 5, 5]","[0, 0, 1, 0, 0, 0, 0, 0, 1, 0]",1
3,0,42,"[3, 4, 3, 3, 3, 4, 2, 3, 8, 2]","[0, 0, 0, 0, 0, 1, 0, 0, 1, 0]",1
3,0,43,"[5, 6, 3, 7, 6, 7, 6, 5, 4, 5]","[0, 0, 0, 0, 1, 1, 0, 0, 0, 0]",1
3,0,44,"[4, 5, 5, 5, 3, 4, 4, 4, 4, 4]","[0, 0, 0, 0, 1, 0, 0, 1, 0, 1]",1
3,0,45,"[8, 5, 6, 7, 4, 4, 4, 5, 4, 8]","[0, 0, 1, 0, 0, 0, 1, 1, 0, 1]",1
3,0,46,"[4, 2, 4, 4, 4, 4, 4, 4, 4, 4]","[0, 0, 1, 0, 0, 0, 0, 0, 1, 1]",1
3,0,47,"[4, 3, 1, 3, 5, 5, 5, 3, 4, 9]","[0, 0, 0, 0, 1, 0, 1, 0, 1, 0]",1
3,0,48,"[6, 5, 5, 5, 5, 5, 6, 5, 5, 4]","[0, 0, 0, 0, 0, 0, 0, 0, 0, 0]",1
3,0,49,"[4, 4, 4, 4, 5, 4, 8, 4, 5, 4]","[0, 0, 0, 0, 0, 0, 0, 1, 1, 0]",1
3,0,50,"[6, 7, 5, 9, 7, 5, 9, 7, 3, 8]","[0, 0, 1, 0, 0, 0, 0, 0, 0, 0]",1
3,0,51,"[6, 6, 5, 4, 4, 5, 4, 5, 5, 4]","[0, 0, 0, 1, 0, 0, 0, 0, 0, 0]",1
3,0,52,"[4, 4, 2, 3, 3, 4, 4, 2, 3, 1]","[1, 0, 1, 1, 1, 0, 0, 1, 0, 0]",1
3,0,53,"[3, 5, 4, 4, 4, 8, 4, 4, 3, 4]","[0, 1, 0, 0, 0, 0, 0, 1, 0, 0]",1
3,0,54,"[9, 4, 5, 6, 9, 7, 8, 5, 9, 3]","[1, 0, 0, 0, 1, 1, 0, 0, 0, 0]",1
3,0,55,"[5, 5, 5, 5, 4, 6, 5, 5, 6, 5]","[1, 1, 0, 0, 1, 0, 0, 1, 0, 0]",1
3,0,56,"[4, 3, 3, 1, 3, 3, 5, 6, 3, 3]","[1, 0, 0, 0, 0, 0, 1, 1, 0, 1]",1
3,0,57,"[5, 4, 4, 2, 2, 4, 4, 3, 3, 3]","[0, 0, 0, 0, 0, 0, 0, 0, 0, 0]",1
3,0,58,"[7, 6, 5, 6, 3, 5, 3, 5, 7, 6]","[0, 0, 1, 0, 1, 0, 0, 0, 1, 0]",1
3,0,59,"[4, 4, 4, 4, 4, 3, 6, 5, 4, 4]","[0, 0, 1, 0, 0, 0, 0, 1, 0, 0]",1
3,0,60,"[4, 1, 3, 1, 1, 7, 4, 5, 5, 2]","[0, 0, 0, 0, 0, 0, 0, 0, 0, 0]",1
3,0,61,"[4, 3, 4, 5, 4, 4, 3, 9, 3, 4]","[0, 0, 1, 1, 0, 1, 0, 0, 0, 0]",1
3,0,62,"[8, 9, 9, 9, 9, 8, 9, 9, 9, 9]","[0, 0, 0, 0, 0, 0, 0, 0, 1, 0]",1
3,0,63,"[6, 7, 6, 4, 6, 6, 6, 6, 6, 5]","[0, 0, 0, 0, 0, 0, 1, 0, 0, 0]",1
3,0,64,"[8, 7, 7, 5, 7, 7, 8, 7, 7, 7]","[0, 0, 0, 0, 0, 0, 0, 0, 0, 0]",1
3,0,65,"[4, 3, 4, 2, 4, 4, 3, 4, 6, 3]","[1, 1, 0, 0, 1, 0, 0, 0, 0, 0]",1
3,0,66,"[7, 6, 5, 4, 5, 5, 5, 5, 5, 6]","[0, 0, 1, 0, 0, 0, 0, 0, 0, 1]",1
3,0,67,"[5, 4, 4, 5, 3, 8, 5, 7, 5, 5]","[0, 1, 0, 1, 0, 0, 0, 0, 0, 0]",1
3,0,68,"[6, 5, 8, 5, 7, 6, 6, 6, 7, 5]","[0, 0, 0, 0, 1, 0, 0, 0, 1, 0]",1
3,0,69,"[1, 3, 6, 4, 3, 4, 1, 6, 7, 5]","[0, 0, 1, 0, 0, 0, 0, 0, 0, 0]",1
3,0,70,"[6, 6, 6, 3, 3, 6, 3, 6, 6, 8]","[1, 0, 0, 0, 0, 1, 1, 0, 0, 0]",1
3,0,71,"[5, 7, 5, 5, 5, 6, 5, 5, 4, 5]","[0, 0, 0, 1, 0, 0, 0, 0, 0, 1]",1
3,0,72,"[7, 4, 6, 5, 3, 4, 5, 4, 5, 5]","[0, 0, 0, 0, 0, 0, 0, 0, 0, 0]",1
3,0,73,"[6, 4, 8, 5, 5, 4, 6, 3, 7, 5]","[0, 0, 0, 0, 0, 0, 0, 0, 0, 0]",1
3,0,74,"[2, 3, 3, 3, 3, 5, 5, 4, 2, 4]","[0, 0, 0, 0, 0, 0, 0, 0, 0, 0]",1
3,0,75,"[4, 4, 3, 6, 4, 4, 4, 4, 5, 5]","[0, 0, 0, 0, 0, 1, 0, 0, 0, 1]",1
3,0,76,"[5, 4, 5, 2, 6, 2, 5, 4, 4, 3]","[0, 0, 0, 0, 0, 0, 0, 0, 0, 0]",1
3,0,77,"[8, 8, 4, 4, 8, 6, 4, 9, 4, 9]","[0, 0, 0, 1, 0, 1, 0, 0, 1, 0]",1
3,0,78,"[3, 5, 3, 4, 4, 3, 4, 5, 6, 4]","[0, 0, 1, 0, 0, 0, 0, 1, 1, 0]",1
3,0,79,"[3, 3, 3, 4, 4, 3, 4, 4, 4, 4]","[0, 0, 0, 0, 0, 0, 0, 0, 0, 1]",1
3,0,80,"[5, 5, 9, 9, 9, 8, 9, 6, 7, 3]","[0, 0, 1, 0, 0, 0, 0, 1, 0, 0]",1
3,0,81,"[7, 3, 3, 6, 4, 4, 3, 6, 4, 3]","[1, 0, 0, 0, 1, 0, 0, 0, 1, 0]",1
3,0,82,"[5, 3, 7, 4, 5, 5, 7, 5, 6, 4]","[0, 0, 0, 0, 0, 0, 0, 0, 0, 0]",1
3,0,83,"[4, 5, 6, 6, 7, 7, 8, 2, 5, 7]","[0, 0, 0, 0, 0, 0, 0, 0, 0, 0]",1
3,0,84,"[4, 6, 5, 5, 5, 3, 5, 5, 5, 5]","[0, 0, 0, 0, 0, 0, 0, 0, 0, 0]",1
3,0,85,"[9, 3, 4, 4, 4, 4, 4, 4, 4, 4]","[1, 0, 0, 0, 0, 0, 0, 0, 1, 0]",1
3,0,86,"[9, 4, 9, 9, 9, 9, 9, 9, 9, 8]","[0, 0, 0, 0, 0, 1, 1, 1, 1, 1]",1
3,0,87,"[5, 5, 2, 3, 4, 5, 3, 5, 4, 3]","[0, 0, 1, 0, 0, 0, 0, 0, 0, 1]",1
3,0,88,"[6, 5, 5, 5, 6, 5, 3, 4, 5, 5]","[0, 0, 0, 1, 0, 0, 0, 0, 1, 0]",1
3,0,89,"[4, 4, 4, 3, 5, 3, 4, 4, 4, 3]","[1, 1, 0, 0, 0, 0, 0, 0, 0, 0]",1
3,0,90,"[9, 9, 9, 9, 9, 9, 9, 9, 9, 9]","[0, 0, 0, 0, 0, 1, 0, 0, 0, 0]",1
3,0,91,"[6, 5, 3, 6, 5, 5, 5, 9, 5, 5]","[0, 0, 1, 0, 0, 0, 0, 0, 0, 0]",1
3,0,92,"[6, 7, 7, 7, 6, 7, 6, 5, 6, 6]","[0, 0, 0, 0, 1, 0, 0, 0, 0, 0]",1
3,0,93,"[3, 3, 2, 9, 1, 2, 4, 2, 3, 3]","[0, 1, 0, 0, 0, 0, 0, 0, 0, 0]",1
3,0,94,"[4, 5, 6, 5, 4, 5, 4, 4, 5, 3]","[0, 0, 0, 0, 0, 0, 0, 1, 0, 0]",1
3,0,95,"[5, 4, 4, 4, 4, 4, 4, 4, 4, 4]","[0, 0, 0, 0, 0, 0, 0, 1, 1, 0]",1
3,0,96,"[5, 5, 5, 3, 4, 5, 4, 3, 4, 3]","[0, 0, 0, 0, 0, 0, 0, 0, 0, 0]",1
3,0,97,"[5, 5, 5, 6, 6, 5, 6, 4, 6, 6]","[0, 0, 0, 0, 0, 0, 1, 0, 0, 0]",1
3,0,98,"[9, 9, 9, 9, 9, 9, 9, 9, 9, 9]","[1, 0, 0, 0, 1, 0, 0, 0, 0, 1]",1
3,0,99,"[3, 4, 4, 4, 5, 3, 5, 4, 4, 4]","[0, 1, 0, 0, 1, 1, 0, 0, 0, 0]",1
3,0,100,"[2, 7, 5, 3, 3, 7, 5, 3, 3, 3]","[0, 1, 0, 0, 0, 0, 0, 0, 0, 0]",1
3,0,101,"[8, 8, 8, 8, 9, 8, 8, 8, 8, 4]","[0, 0, 0, 0, 1, 1, 0, 0, 0, 0]",1
3,0,102,"[1, 2, 3, 5, 3, 2, 5, 4, 4, 7]","[0, 0, 1, 0, 0, 0, 0, 0, 0, 0]",1
3,0,103,"[7, 7, 7, 8, 7, 7, 7, 7, 7, 7]","[0, 0, 0, 0, 1, 0, 0, 1, 1, 1]",1
3,0,104,"[4, 5, 5, 4, 5, 9, 9, 5, 5, 5]","[0, 0, 0, 0, 1, 0, 0, 0, 0, 0]",1
3,0,105,"[8, 8, 6, 8, 7, 6, 6, 7, 6, 8]","[0, 0, 0, 0, 1, 0, 0, 0, 0, 0]",1
3,0,106,"[5, 6, 5, 7, 8, 5, 4, 4, 5, 7]","[0, 1, 0, 0, 1, 0, 0, 0, 0, 0]",1
3,0,107,"[3, 3, 4, 3, 4, 3, 6, 7, 4, 4]","[1, 0, 0, 0, 0, 0, 0, 1, 0, 1]",1
3,0,108,"[4, 9, 9, 9, 9, 9, 9, 9, 9, 9]","[1, 0, 0, 0, 1, 1, 1, 1, 0, 0]",1
3,0,109,"[4, 5, 6, 5, 9, 5, 6, 7, 5, 6]","[0, 0, 1, 0, 0, 0, 0, 0, 0, 0]",1
3,0,110,"[8, 8, 8, 7, 8, 8, 6, 9, 8, 8]","[1, 1, 1, 0, 0, 0, 0, 1, 1, 0]",1
3,0,111,"[8, 7, 7, 6, 7, 7, 7, 7, 7, 6]","[0, 1, 0, 0, 0, 0, 1, 0, 1, 1]",1
3,0,112,"[4, 4, 4, 4, 3, 4, 4, 2, 4, 4]","[0, 0, 0, 0, 0, 0, 0, 0, 0, 1]",1
3,0,113,"[5, 5, 5, 6, 5, 6, 5, 5, 5, 6]","[0, 0, 0, 0, 0, 0, 0, 0, 1, 0]",1
3,0,114,"[2, 3, 4, 4, 4, 4, 4, 4, 4, 2]","[0, 0, 0, 0, 0, 1, 0, 0, 0, 0]",1
3,0,115,"[9, 9, 9, 9, 9, 9, 9, 9, 4, 9]","[1, 1, 0, 0, 0, 0, 1, 1, 0, 1]",1
3,0,116,"[9, 9, 9, 5, 9, 9, 9, 9, 9, 9]","[1, 1, 0, 0, 1, 1, 0, 0, 1, 1]",1
3,0,117,"[5, 5, 4, 3, 8, 5, 5, 5, 5, 6]","[0, 0, 0, 0, 1, 0, 0, 0, 0, 0]",1
3,0,118,"[6, 6, 6, 8, 7, 5, 7, 7, 7, 7]","[0, 0, 1, 1, 0, 1, 1, 1, 0, 1]",1
3,0,119,"[3, 2, 2, 9, 4, 2, 1, 7, 7, 2]","[0, 0, 0, 1, 0, 0, 0, 0, 0, 0]",1
3,0,120,"[6, 6, 3, 5, 6, 4, 4, 5, 6, 5]","[1, 1, 0, 0, 0, 0, 1, 0, 0, 0]",1
3,0,121,"[6, 5, 5, 5, 5, 5, 4, 5, 5, 6]","[0, 0, 0, 0, 0, 0, 0, 0, 0, 1]",1
3,0,122,"[5, 6, 4, 5, 5, 5, 4, 5, 5, 5]","[0, 0, 0, 1, 0, 0, 0, 1, 0, 0]",1
3,0,123,"[6, 6, 5, 5, 3, 6, 5, 6, 5, 6]","[0, 0, 0, 0, 0, 0, 0, 0, 0, 0]",1
3,0,124,"[7, 2, 8, 9, 5, 9, 8, 8, 8, 8]","[0, 0, 1, 0, 0, 0, 0, 1, 0, 1]",1
3,0,125,"[5, 5, 5, 5, 6, 5, 5, 6, 5, 5]","[0, 0, 0, 0, 0, 0, 0, 0, 0, 0]",1
3,0,126,"[7, 2, 2, 1, 2, 6, 3, 7, 6, 1]","[1, 0, 0, 0, 0, 0, 0, 0, 0, 0]",1
3,0,127,"[5, 5, 5, 4, 5, 5, 5, 6, 5, 4]","[0, 0, 0, 0, 0, 0, 0, 1, 0, 0]",1
3,0,128,"[1, 7, 8, 4, 7, 5, 8, 5, 7, 6]","[0, 0, 0, 0, 1, 1, 0, 0, 0, 0]",1
3,0,129,"[5, 6, 7, 6, 3, 4, 8, 6, 3, 8]","[1, 1, 0, 1, 0, 0, 1, 0, 0, 1]",1
3,0,130,"[4, 7, 6, 8, 7, 7, 7, 7, 9, 6]","[0, 1, 0, 0, 0, 0, 0, 0, 1, 0]",1
3,0,131,"[8, 9, 9, 9, 9, 9, 9, 9, 9, 9]","[1, 0, 1, 0, 0, 1, 0, 0, 0, 1]",1
3,0,132,"[6, 5, 6, 2, 4, 5, 5, 4, 3, 4]","[0, 0, 1, 0, 0, 0, 1, 0, 0, 0]",1
3,0,133,"[2, 1, 2, 2, 2, 2, 2, 1, 3, 2]","[0, 0, 0, 0, 0, 0, 0, 0, 1, 1]",1
3,0,134,"[6, 5, 1, 6, 6, 5, 5, 5, 5, 8]","[0, 0, 0, 1, 0, 0, 0, 0, 1, 0]",1
3,0,135,"[6, 6, 5, 6, 5, 5, 6, 7, 8, 9]","[0, 0, 0, 0, 0, 0, 0, 0, 1, 1]",1
3,0,136,"[7, 7, 7, 7, 6, 7, 7, 7, 8, 7]","[0, 0, 0, 0, 1, 0, 0, 1, 0, 0]",1
3,0,137,"[5, 4, 4, 3, 3, 5, 5, 2, 7, 6]","[0, 1, 1, 0, 0, 0, 0, 0, 1, 0]",1
3,0,138,"[6, 5, 4, 3, 4, 3, 4, 4, 4, 2]","[0, 0, 1, 0, 0, 0, 0, 0, 0, 0]",1
3,0,139,"[3, 4, 4, 5, 4, 4, 4, 4, 6, 5]","[0, 0, 0, 0, 0, 0, 0, 0, 0, 0]",1
3,0,140,"[5, 7, 5, 5, 7, 8, 6, 5, 4, 5]","[0, 0, 0, 0, 0, 0, 0, 0, 0, 0]",1
3,0,141,"[5, 5, 1, 4, 5, 4, 4, 3, 5, 3]","[0, 0, 0, 0, 0, 0, 0, 0, 0, 0]",1
3,0,142,"[4, 7, 4, 1, 3, 9, 4, 7, 8, 5]","[0, 0, 0, 0, 0, 0, 0, 0, 0, 0]",1
3,0,143,"[5, 5, 4, 5, 5, 5, 6, 5, 5, 5]","[0, 0, 0, 0, 1, 1, 0, 0, 0, 0]",1
3,0,144,"[6, 7, 7, 7, 6, 8, 8, 6, 7, 7]","[0, 1, 0, 0, 0, 0, 0, 0, 0, 1]",1
3,0,145,"[7, 5, 6, 6, 5, 6, 6, 2, 6, 6]","[0, 1, 1, 1, 0, 0, 0, 0, 0, 0]",1
3,0,146,"[6, 5, 5, 5, 5, 5, 5, 5, 5, 6]","[0, 1, 1, 0, 0, 0, 0, 1, 0, 0]",1
3,0,147,"[6, 4, 4, 2, 6, 6, 6, 5, 5, 5]","[0, 0, 0, 0, 0, 0, 0, 0, 0, 1]",1
3,0,148,"[4, 3, 3, 3, 2, 9, 3, 4, 5, 3]","[0, 0, 0, 0, 0, 1, 0, 0, 0, 0]",1
3,0,149,"[7, 6, 5, 5, 2, 4, 7, 4, 5, 3]","[0, 0, 0, 0, 0, 0, 0, 0, 1, 0]",1
3,0,150,"[5, 6, 5, 3, 5, 3, 5, 5, 6, 3]","[0, 0, 0, 0, 0, 0, 0, 0, 0, 0]",1
3,0,151,"[6, 3, 3, 4, 4, 6, 3, 7, 3, 4]","[0, 0, 0, 1, 0, 0, 0, 0, 0, 0]",1
3,0,152,"[5, 5, 5, 6, 5, 2, 5, 3, 4, 5]","[0, 0, 0, 0, 0, 0, 0, 0, 1, 0]",1
3,0,153,"[5, 5, 6, 5, 6, 5, 5, 5, 5, 4]","[0, 0, 0, 0, 0, 0, 0, 0, 0, 0]",1
3,0,154,"[8, 8, 8, 8, 8, 2, 8, 8, 3, 7]","[0, 0, 1, 1, 0, 0, 1, 1, 0, 1]",1
3,0,155,"[5, 4, 9, 4, 5, 6, 6, 5, 5, 6]","[0, 0, 0, 0, 0, 0, 0, 1, 0, 0]",1
3,0,156,"[4, 3, 2, 3, 2, 3, 4, 3, 3, 3]","[1, 0, 0, 0, 0, 0, 0, 0, 0, 0]",1
3,0,157,"[6, 4, 2, 3, 5, 6, 5, 5, 6, 4]","[1, 0, 0, 0, 0, 0, 0, 0, 0, 1]",1
3,0,158,"[7, 7, 7, 7, 7, 8, 7, 8, 8, 5]","[0, 0, 1, 0, 0, 0, 0, 0, 1, 0]",1
3,0,159,"[7, 8, 6, 8, 7, 7, 7, 7, 7, 7]","[0, 1, 1, 0, 0, 0, 1, 0, 0, 0]",1
3,0,160,"[5, 5, 5, 5, 5, 9, 4, 6, 5, 4]","[0, 0, 1, 0, 0, 0, 1, 0, 0, 1]",1
3,0,161,"[5, 3, 3, 2, 2, 4, 5, 4, 4, 3]","[0, 0, 0, 0, 0, 0, 0, 0, 0, 1]",1
3,0,162,"[9, 9, 9, 9, 9, 9, 9, 9, 9, 9]","[1, 1, 1, 0, 1, 0, 0, 1, 1, 1]",1
3,0,163,"[7, 8, 4, 4, 6, 7, 5, 9, 3, 4]","[0, 0, 1, 0, 0, 1, 0, 0, 0, 0]",1
3,0,164,"[9, 9, 9, 9, 9, 9, 9, 9, 9, 9]","[0, 1, 0, 0, 1, 1, 0, 1, 0, 0]",1
3,0,165,"[6, 6, 6, 6, 6, 6, 6, 6, 6, 6]","[0, 0, 0, 0, 0, 0, 0, 1, 0, 1]",1
3,0,166,"[5, 4, 4, 5, 5, 5, 5, 5, 4, 5]","[1, 0, 0, 0, 0, 0, 1, 1, 0, 0]",1
3,0,167,"[3, 3, 3, 2, 4, 3, 2, 3, 4, 3]","[0, 0, 0, 1, 1, 0, 0, 0, 0, 0]",1
3,0,168,"[7, 6, 6, 5, 6, 5, 7, 4, 8, 7]","[1, 0, 0, 0, 0, 1, 1, 0, 1, 1]",1
3,0,169,"[5, 7, 3, 2, 7, 3, 5, 7, 6, 6]","[1, 0, 0, 0, 0, 0, 0, 0, 0, 1]",1
3,0,170,"[9, 9, 1, 9, 5, 9, 9, 9, 9, 9]","[1, 0, 0, 0, 0, 1, 0, 0, 1, 0]",1
3,0,171,"[5, 9, 9, 3, 4, 7, 9, 9, 5, 9]","[1, 0, 0, 0, 0, 1, 0, 0, 0, 0]",1
3,0,172,"[4, 5, 4, 6, 7, 5, 6, 8, 6, 5]","[0, 1, 1, 0, 0, 0, 0, 1, 0, 0]",1
3,0,173,"[8, 8, 4, 8, 7, 8, 8, 8, 5, 5]","[0, 0, 0, 0, 0, 0, 0, 0, 0, 0]",1
3,0,174,"[6, 5, 6, 8, 4, 5, 5, 8, 6, 5]","[1, 0, 0, 0, 0, 0, 0, 0, 0, 0]",1
3,0,175,"[4, 4, 3, 5, 4, 4, 4, 4, 4, 3]","[0, 0, 0, 0, 0, 0, 0, 0, 0, 0]",1
3,0,176,"[4, 7, 6, 5, 6, 6, 8, 5, 6, 6]","[1, 0, 0, 0, 1, 0, 0, 0, 0, 0]",1
3,0,177,"[4, 9, 2, 5, 9, 1, 5, 6, 5, 2]","[0, 1, 0, 1, 1, 1, 0, 0, 1, 0]",1
3,0,178,"[5, 7, 8, 7, 5, 6, 8, 7, 7, 6]","[0, 0, 0, 0, 0, 0, 0, 0, 0, 0]",1
3,0,179,"[6, 9, 7, 7, 7, 7, 8, 8, 9, 9]","[0, 1, 0, 0, 1, 0, 1, 1, 0, 0]",1
3,0,180,"[4, 5, 4, 8, 4, 4, 4, 4, 3, 4]","[0, 0, 0, 1, 0, 0, 0, 0, 0, 1]",1
3,0,181,"[6, 6, 3, 3, 6, 7, 5, 6, 6, 6]","[0, 0, 0, 0, 0, 0, 0, 1, 0, 0]",1
3,0,182,"[9, 9, 2, 1, 9, 2, 5, 9, 9, 9]","[1, 0, 0, 0, 0, 0, 0, 1, 0, 0]",1
3,0,183,"[8, 7, 6, 4, 9, 7, 7, 7, 7, 8]","[0, 0, 0, 0, 1, 1, 1, 0, 0, 0]",1
3,0,184,"[5, 8, 6, 3, 6, 7, 4, 4, 3, 5]","[0, 1, 0, 0, 0, 0, 0, 0, 1, 0]",1
3,0,185,"[7, 7, 7, 8, 7, 2, 5, 7, 5, 8]","[0, 0, 0, 0, 0, 1, 0, 0, 0, 1]",1
3,0,186,"[4, 9, 9, 9, 9, 9, 9, 5, 9, 9]","[0, 0, 1, 0, 1, 0, 1, 0, 1, 1]",1
3,0,187,"[6, 6, 4, 6, 6, 3, 7, 6, 2, 5]","[0, 1, 0, 1, 0, 0, 0, 0, 0, 0]",1
3,0,188,"[5, 5, 5, 5, 1, 6, 5, 5, 5, 5]","[0, 1, 0, 1, 0, 0, 0, 0, 1, 0]",1
3,0,189,"[4, 4, 4, 4, 4, 4, 1, 6, 4, 6]","[0, 0, 0, 0, 0, 0, 0, 1, 0, 0]",1
3,0,190,"[5, 6, 6, 4, 4, 5, 2, 5, 6, 8]","[0, 0, 0, 1, 0, 0, 0, 0, 0, 0]",1
3,0,191,"[4, 5, 5, 7, 8, 4, 5, 6, 6, 6]","[0, 0, 1, 0, 0, 1, 0, 0, 1, 1]",1
3,0,192,"[9, 9, 9, 6, 9, 8, 9, 9, 9, 9]","[0, 1, 1, 1, 1, 1, 0, 1, 0, 0]",1
3,0,193,"[4, 2, 4, 4, 4, 8, 9, 4, 4, 4]","[0, 0, 0, 0, 0, 0, 0, 1, 0, 0]",1
3,0,194,"[6, 8, 3, 4, 8, 6, 8, 8, 8, 5]","[0, 0, 0, 1, 0, 0, 0, 1, 1, 1]",1
3,0,195,"[4, 1, 5, 3, 1, 3, 3, 5, 2, 5]","[0, 1, 0, 1, 0, 1, 0, 1, 0, 1]",1
3,0,196,"[3, 3, 3, 3, 4, 5, 3, 3, 2, 5]","[0, 0, 0, 0, 1, 0, 0, 0, 0, 0]",1
3,0,197,"[6, 7, 6, 6, 6, 6, 6, 6, 5, 6]","[0, 0, 0, 1, 1, 0, 0, 1, 0, 0]",1
3,0,198,"[2, 3, 4, 1, 2, 4, 5, 4, 2, 4]","[0, 0, 0, 0, 0, 0, 0, 0, 0, 0]",1
3,0,199,"[7, 6, 6, 6, 6, 4, 7, 7, 5, 7]","[0, 0, 0, 0, 0, 0, 0, 0, 0, 0]",1
3,0,200,"[6, 3, 6, 5, 5, 5, 6, 6, 6, 6]","[0, 1, 1, 0, 0, 1, 0, 1, 0, 0]",1
3,0,201,"[8, 6, 9, 6, 9, 9, 7, 9, 8, 9]","[0, 0, 1, 0, 0, 1, 0, 1, 1, 1]",1
3,0,202,"[3, 3, 3, 3, 6, 2, 7, 7, 1, 9]","[0, 0, 0, 0, 0, 0, 0, 0, 0, 0]",1
3,0,203,"[5, 4, 4, 5, 5, 4, 4, 4, 4, 4]","[0, 0, 0, 0, 0, 0, 0, 0, 0, 0]",1
3,0,204,"[8, 8, 8, 8, 8, 8, 7, 8, 8, 8]","[1, 0, 0, 0, 0, 1, 0, 0, 0, 0]",1
3,0,205,"[6, 6, 6, 6, 6, 6, 7, 6, 6, 6]","[1, 0, 1, 0, 0, 0, 0, 1, 0, 1]",1
3,0,206,"[8, 8, 8, 7, 8, 8, 8, 8, 9, 8]","[0, 0, 0, 0, 1, 1, 0, 0, 0, 0]",1
3,0,207,"[3, 4, 3, 3, 2, 3, 3, 3, 3, 8]","[0, 0, 0, 0, 0, 1, 1, 0, 1, 0]",1
3,0,208,"[8, 9, 9, 9, 8, 9, 9, 9, 9, 9]","[0, 0, 1, 1, 1, 0, 0, 0, 0, 1]",1
3,0,209,"[6, 9, 7, 6, 5, 7, 5, 6, 6, 5]","[1, 1, 1, 0, 0, 1, 0, 0, 0, 0]",1
3,1,0,"[4, 7, 3, 4, 5, 4, 8, 5, 4, 4]","[1, 1, 0, 1, 0, 0, 1, 1, 0, 0]",1
3,1,1,"[4, 4, 4, 5, 1, 4, 4, 4, 4, 4]","[0, 0, 0, 1, 1, 0, 1, 0, 0, 0]",1
3,1,2,"[2, 2, 2, 2, 1, 2, 3, 2, 2, 2]","[0, 0, 0, 0, 0, 0, 0, 0, 0, 0]",1
3,1,3,"[5, 6, 6, 6, 6, 5, 5, 6, 6, 6]","[1, 0, 0, 0, 1, 1, 0, 0, 1, 1]",1
3,1,4,"[9, 4, 5, 3, 2, 3, 4, 4, 3, 3]","[1, 0, 0, 0, 0, 0, 0, 0, 0, 0]",1
3,1,5,"[2, 3, 3, 4, 2, 3, 4, 3, 1, 4]","[0, 0, 0, 0, 0, 0, 0, 0, 0, 0]",1
3,1,6,"[1, 2, 7, 1, 3, 6, 2, 1, 3, 2]","[0, 0, 0, 0, 1, 0, 0, 0, 0, 0]",1
3,1,7,"[4, 4, 4, 4, 5, 4, 4, 3, 3, 3]","[0, 1, 0, 0, 0, 0, 0, 0, 0, 0]",1
3,1,8,"[1, 4, 4, 3, 4, 4, 4, 5, 3, 4]","[0, 1, 0, 0, 1, 0, 0, 1, 0, 0]",1
3,1,9,"[2, 3, 2, 4, 4, 5, 2, 3, 5, 3]","[0, 1, 0, 0, 0, 1, 0, 0, 0, 0]",1
3,1,10,"[4, 4, 5, 4, 4, 3, 5, 5, 4, 4]","[0, 1, 1, 0, 1, 0, 0, 1, 0, 0]",1
3,1,11,"[4, 3, 2, 3, 7, 2, 3, 3, 3, 2]","[0, 0, 0, 1, 0, 0, 0, 0, 0, 0]",1
3,1,12,"[2, 3, 2, 2, 3, 2, 3, 4, 3, 3]","[1, 0, 1, 0, 0, 0, 0, 0, 0, 0]",1
3,1,13,"[4, 5, 4, 5, 4, 5, 4, 5, 4, 4]","[0, 1, 1, 0, 0, 1, 1, 1, 0, 1]",1
3,1,14,"[3, 3, 3, 2, 3, 3, 4, 3, 3, 3]","[0, 0, 0, 0, 0, 0, 0, 0, 0, 0]",1
3,1,15,"[5, 4, 5, 6, 5, 4, 5, 5, 5, 4]","[1, 0, 0, 1, 0, 0, 0, 0, 0, 0]",1
3,1,16,"[4, 6, 6, 4, 7, 8, 1, 5, 8, 4]","[0, 0, 0, 0, 0, 1, 0, 0, 0, 0]",1
3,1,17,"[4, 4, 5, 5, 5, 4, 5, 7, 5, 5]","[1, 0, 0, 0, 0, 1, 1, 1, 1, 1]",1
3,1,18,"[2, 1, 1, 2, 1, 2, 3, 2, 2, 1]","[0, 0, 0, 0, 0, 0, 1, 0, 0, 0]",1
3,1,19,"[2, 3, 2, 2, 2, 3, 2, 2, 3, 3]","[0, 0, 0, 0, 0, 1, 0, 0, 0, 0]",1
3,1,20,"[2, 4, 3, 6, 3, 3, 5, 5, 4, 7]","[0, 1, 0, 0, 0, 0, 1, 0, 0, 1]",1
3,1,21,"[7, 6, 5, 5, 7, 6, 3, 6, 7, 6]","[0, 1, 0, 0, 0, 0, 1, 0, 0, 0]",1
3,1,22,"[4, 4, 3, 4, 5, 4, 4, 4, 5, 4]","[0, 0, 1, 0, 0, 0, 0, 0, 0, 1]",1
3,1,23,"[4, 4, 4, 3, 2, 3, 2, 3, 4, 3]","[1, 1, 0, 1, 0, 0, 0, 0, 0, 0]",1
3,1,24,"[5, 4, 2, 4, 4, 4, 5, 6, 2, 2]","[0, 0, 0, 1, 0, 0, 0, 0, 0, 0]",1
3,1,25,"[3, 3, 3, 3, 3, 2, 3, 3, 3, 3]","[0, 0, 0, 0, 0, 0, 0, 0, 0, 0]",1
3,1,26,"[9, 6, 9, 6, 8, 5, 5, 9, 4, 9]","[1, 0, 0, 1, 0, 0, 0, 0, 0, 0]",1
3,1,27,"[3, 4, 5, 5, 4, 4, 3, 4, 4, 4]","[0, 0, 1, 0, 0, 0, 0, 0, 0, 1]",1
3,1,28,"[4, 4, 7, 3, 6, 3, 3, 4, 3, 6]","[0, 0, 1, 0, 1, 1, 0, 0, 1, 0]",1
3,1,29,"[9, 9, 9, 9, 9, 9, 9, 9, 9, 9]","[0, 1, 1, 0, 0, 0, 0, 0, 1, 1]",1
3,1,30,"[4, 3, 4, 5, 4, 1, 4, 4, 6, 3]","[0, 0, 0, 0, 0, 0, 1, 0, 0, 0]",1
3,1,31,"[2, 3, 2, 3, 4, 3, 3, 3, 3, 3]","[0, 0, 0, 0, 1, 1, 0, 1, 0, 0]",1
3,1,32,"[3, 4, 4, 3, 3, 3, 3, 2, 3, 3]","[1, 0, 0, 0, 0, 0, 0, 0, 0, 0]",1
3,1,33,"[2, 2, 2, 2, 2, 7, 1, 2, 5, 3]","[0, 0, 0, 0, 0, 1, 0, 0, 0, 1]",1
3,1,34,"[4, 5, 8, 5, 1, 5, 5, 5, 5, 4]","[0, 0, 1, 0, 0, 0, 1, 1, 1, 1]",1
3,1,35,"[2, 2, 2, 2, 2, 2, 2, 7, 2, 2]","[0, 0, 0, 0, 0, 0, 0, 1, 0, 0]",1
3,1,36,"[6, 5, 4, 3, 5, 7, 5, 5, 7, 5]","[1, 0, 0, 0, 0, 1, 0, 0, 0, 0]",1
3,1,37,"[4, 4, 4, 5, 4, 4, 4, 7, 4, 5]","[0, 0, 0, 0, 0, 0, 0, 0, 1, 0]",1
3,1,38,"[3, 7, 3, 3, 3, 5, 5, 2, 3, 4]","[0, 0, 0, 0, 1, 0, 0, 1, 0, 0]",1
3,1,39,"[2, 2, 2, 1, 1, 1, 1, 2, 2, 2]","[1, 1, 1, 0, 0, 0, 0, 0, 0, 1]",1
3,1,40,"[3, 2, 2, 3, 3, 3, 3, 4, 3, 3]","[0, 0, 0, 0, 0, 0, 0, 0, 0, 0]",1
3,1,41,"[4, 5, 3, 6, 3, 3, 4, 4, 6, 4]","[0, 0, 0, 0, 0, 0, 1, 0, 0, 1]",1
3,1,42,"[4, 1, 4, 4, 5, 5, 4, 1, 6, 4]","[0, 0, 0, 0, 1, 0, 0, 0, 0, 0]",1
3,1,43,"[5, 4, 6, 4, 2, 4, 4, 4, 4, 3]","[0, 0, 0, 0, 0, 0, 0, 1, 0, 0]",1
3,1,44,"[4, 7, 4, 5, 7, 4, 7, 3, 4, 4]","[0, 0, 0, 0, 0, 0, 1, 0, 0, 1]",1
3,1,45,"[3, 2, 4, 4, 3, 5, 5, 3, 4, 7]","[0, 0, 0, 0, 0, 0, 0, 0, 0, 1]",1
3,1,46,"[4, 2, 3, 3, 4, 3, 5, 3, 3, 4]","[0, 0, 0, 0, 0, 1, 0, 0, 1, 0]",1
3,1,47,"[4, 4, 3, 5, 4, 4, 4, 5, 4, 4]","[0, 0, 0, 1, 0, 0, 1, 1, 1, 0]",1
3,1,48,"[4, 4, 4, 4, 4, 6, 4, 4, 3, 4]","[0, 1, 0, 0, 0, 0, 0, 0, 0, 1]",1
3,1,49,"[1, 4, 6, 7, 3, 3, 4, 7, 4, 2]","[0, 1, 0, 0, 0, 0, 1, 0, 0, 0]",1
3,1,50,"[8, 4, 7, 4, 1, 3, 4, 4, 5, 4]","[0, 0, 1, 0, 0, 1, 1, 0, 0, 0]",1
3,1,51,"[3, 5, 4, 3, 4, 4, 4, 4, 4, 3]","[0, 0, 0, 0, 0, 0, 0, 0, 0, 0]",1
3,1,52,"[5, 5, 3, 2, 4, 2, 7, 3, 3, 3]","[1, 0, 0, 0, 0, 0, 0, 0, 0, 0]",1
3,1,53,"[4, 4, 4, 6, 4, 4, 4, 4, 4, 4]","[0, 0, 0, 1, 1, 0, 0, 0, 0, 0]",1
3,1,54,"[1, 4, 2, 2, 5, 2, 2, 3, 3, 4]","[0, 0, 1, 0, 0, 0, 1, 1, 1, 0]",1
3,1,55,"[6, 6, 6, 6, 6, 6, 6, 6, 6, 6]","[1, 1, 1, 1, 0, 1, 1, 0, 0, 0]",1
3,1,56,"[3, 3, 5, 2, 5, 3, 3, 2, 2, 2]","[0, 0, 1, 0, 0, 0, 0, 0, 0, 0]",1
3,1,57,"[4, 3, 4, 3, 6, 2, 4, 4, 4, 4]","[1, 0, 1, 1, 1, 1, 0, 0, 0, 1]",1
3,1,58,"[2, 2, 2, 3, 2, 1, 5, 3, 3, 3]","[0, 1, 0, 0, 0, 0, 1, 1, 1, 0]",1
3,1,59,"[3, 5, 6, 5, 4, 5, 5, 6, 5, 5]","[0, 0, 0, 0, 0, 0, 0, 0, 0, 0]",1
3,1,60,"[3, 1, 4, 3, 3, 2, 2, 2, 4, 3]","[0, 0, 0, 1, 0, 0, 0, 0, 0, 0]",1
3,1,61,"[3, 5, 3, 4, 4, 4, 4, 4, 4, 4]","[0, 1, 0, 0, 1, 0, 0, 0, 0, 0]",1
3,1,62,"[9, 9, 9, 9, 9, 9, 9, 9, 9, 8]","[1, 1, 1, 0, 1, 1, 1, 1, 0, 0]",1
3,1,63,"[2, 2, 2, 2, 2, 1, 2, 2, 2, 2]","[1, 0, 0, 0, 0, 0, 0, 0, 1, 0]",1
3,1,64,"[3, 4, 3, 1, 3, 2, 2, 8, 3, 4]","[0, 0, 0, 0, 0, 0, 0, 0, 0, 0]",1
3,1,65,"[6, 2, 6, 7, 6, 6, 5, 5, 3, 5]","[0, 0, 0, 0, 0, 1, 0, 1, 0, 0]",1
3,1,66,"[5, 4, 7, 7, 6, 5, 3, 3, 8, 4]","[0, 1, 0, 0, 1, 0, 0, 0, 0, 0]",1
3,1,67,"[4, 2, 3, 3, 1, 3, 2, 2, 3, 3]","[0, 0, 1, 1, 0, 0, 0, 0, 0, 0]",1
3,1,68,"[5, 3, 3, 7, 3, 6, 3, 2, 6, 6]","[0, 0, 0, 1, 0, 1, 0, 0, 1, 0]",1
3,1,69,"[5, 4, 6, 5, 4, 3, 6, 4, 3, 6]","[0, 1, 0, 0, 0, 0, 0, 1, 0, 0]",1
3,1,70,"[5, 5, 5, 5, 7, 5, 8, 5, 5, 5]","[1, 0, 0, 1, 0, 0, 0, 0, 0, 0]",1
3,1,71,"[4, 4, 5, 3, 4, 4, 1, 4, 4, 4]","[0, 0, 0, 0, 0, 0, 0, 0, 0, 0]",1
3,1,72,"[3, 4, 4, 4, 4, 5, 4, 4, 4, 4]","[0, 0, 0, 0, 0, 0, 1, 0, 0, 0]",1
3,1,73,"[1, 7, 3, 2, 5, 1, 6, 6, 1, 5]","[0, 1, 0, 1, 1, 0, 0, 1, 1, 1]",1
3,1,74,"[2, 3, 2, 1, 3, 4, 3, 2, 2, 3]","[0, 0, 0, 0, 0, 0, 0, 0, 0, 0]",1
3,1,75,"[4, 4, 4, 4, 4, 4, 5, 3, 4, 4]","[0, 0, 1, 0, 0, 0, 0, 0, 0, 0]",1
3,1,76,"[7, 3, 3, 2, 4, 5, 5, 3, 3, 5]","[0, 0, 0, 0, 0, 0, 0, 0, 1, 1]",1
3,1,77,"[4, 5, 4, 4, 4, 4, 4, 4, 6, 4]","[0, 0, 1, 0, 0, 1, 1, 1, 0, 0]",1
3,1,78,"[3, 4, 5, 3, 4, 4, 3, 6, 2, 4]","[0, 0, 1, 0, 0, 0, 0, 0, 0, 1]",1
3,1,79,"[4, 3, 3, 4, 4, 4, 3, 4, 4, 4]","[1, 0, 0, 0, 1, 0, 0, 0, 0, 0]",1
3,1,80,"[7, 6, 8, 7, 6, 7, 4, 5, 6, 7]","[0, 0, 0, 1, 1, 0, 1, 1, 1, 1]",1
3,1,81,"[2, 4, 8, 5, 4, 6, 5, 6, 6, 5]","[0, 1, 0, 0, 0, 1, 0, 1, 1, 1]",1
3,1,82,"[2, 4, 2, 3, 4, 4, 7, 4, 5, 3]","[0, 0, 0, 0, 0, 0, 1, 0, 0, 0]",1
3,1,83,"[7, 7, 2, 2, 6, 1, 7, 7, 5, 4]","[0, 1, 0, 0, 0, 0, 0, 1, 1, 0]",1
3,1,84,"[1, 1, 2, 2, 1, 1, 1, 3, 1, 2]","[0, 0, 0, 0, 0, 1, 0, 0, 0, 0]",1
3,1,85,"[2, 3, 3, 3, 2, 2, 4, 3, 3, 3]","[0, 0, 0, 0, 0, 0, 0, 0, 0, 0]",1
3,1,86,"[7, 6, 7, 6, 7, 2, 5, 5, 6, 6]","[1, 0, 0, 0, 0, 0, 0, 0, 0, 0]",1
3,1,87,"[4, 3, 4, 4, 6, 2, 5, 1, 3, 2]","[0, 0, 1, 1, 1, 1, 1, 0, 0, 0]",1
3,1,88,"[3, 2, 6, 3, 3, 3, 3, 3, 3, 3]","[0, 0, 1, 1, 0, 0, 0, 0, 1, 0]",1
3,1,89,"[5, 4, 4, 5, 4, 4, 4, 5, 4, 5]","[1, 0, 1, 0, 0, 0, 1, 0, 1, 0]",1
3,1,90,"[7, 6, 7, 6, 6, 6, 6, 6, 4, 6]","[0, 0, 0, 0, 0, 1, 0, 0, 0, 0]",1
3,1,91,"[5, 5, 3, 4, 4, 2, 3, 4, 3, 8]","[1, 0, 0, 0, 0, 1, 0, 0, 0, 1]",1
3,1,92,"[8, 3, 8, 5, 3, 7, 4, 5, 7, 5]","[0, 0, 0, 0, 0, 0, 0, 1, 1, 0]",1
3,1,93,"[1, 3, 1, 2, 1, 2, 2, 2, 3, 2]","[0, 0, 0, 0, 0, 0, 0, 0, 0, 0]",1
3,1,94,"[4, 4, 6, 5, 6, 3, 7, 6, 2, 5]","[0, 0, 1, 1, 0, 0, 0, 1, 0, 1]",1
3,1,95,"[5, 5, 6, 5, 5, 5, 5, 4, 8, 5]","[0, 0, 0, 0, 0, 0, 0, 0, 1, 0]",1
3,1,96,"[4, 5, 2, 3, 4, 4, 5, 4, 3, 5]","[1, 1, 0, 0, 0, 0, 0, 0, 0, 0]",1
3,1,97,"[4, 4, 3, 2, 6, 3, 3, 1, 4, 2]","[0, 0, 0, 0, 0, 0, 0, 0, 0, 0]",1
3,1,98,"[3, 3, 4, 1, 3, 3, 7, 2, 5, 3]","[0, 0, 0, 0, 0, 0, 0, 0, 0, 1]",1
3,1,99,"[4, 2, 3, 2, 2, 1, 2, 2, 2, 2]","[1, 0, 0, 0, 0, 0, 0, 0, 0, 0]",1
3,1,100,"[3, 3, 2, 2, 2, 2, 2, 2, 3, 4]","[0, 0, 0, 0, 0, 0, 0, 0, 0, 1]",1
3,1,101,"[2, 9, 4, 4, 2, 4, 4, 4, 5, 4]","[0, 0, 0, 0, 0, 0, 0, 0, 0, 0]",1
3,1,102,"[4, 5, 1, 1, 1, 6, 2, 7, 1, 3]","[0, 1, 0, 0, 0, 1, 0, 0, 1, 0]",1
3,1,103,"[2, 1, 2, 2, 2, 2, 3, 2, 1, 2]","[0, 0, 0, 0, 0, 0, 0, 0, 0, 0]",1
3,1,104,"[5, 4, 4, 4, 4, 4, 4, 4, 4, 3]","[1, 1, 0, 1, 0, 0, 1, 1, 1, 0]",1
3,1,105,"[5, 4, 5, 5, 5, 4, 4, 4, 4, 5]","[0, 0, 0, 0, 1, 0, 0, 0, 0, 0]",1
3,1,106,"[6, 4, 4, 4, 4, 4, 4, 5, 3, 4]","[1, 1, 0, 0, 1, 0, 0, 0, 0, 0]",1
3,1,107,"[4, 3, 4, 3, 3, 3, 4, 3, 3, 3]","[0, 0, 0, 0, 0, 0, 0, 0, 0, 0]",1
3,1,108,"[1, 2, 1, 2, 2, 2, 1, 5, 5, 1]","[0, 0, 0, 0, 0, 0, 0, 1, 1, 0]",1
3,1,109,"[4, 5, 4, 5, 4, 4, 4, 4, 4, 5]","[0, 0, 0, 0, 0, 1, 0, 0, 1, 0]",1
3,1,110,"[4, 3, 1, 6, 4, 4, 5, 5, 6, 4]","[0, 0, 0, 1, 0, 0, 1, 0, 0, 0]",1
3,1,111,"[4, 5, 4, 6, 4, 4, 4, 4, 4, 2]","[0, 0, 0, 1, 0, 0, 1, 0, 1, 0]",1
3,1,112,"[5, 5, 5, 5, 5, 5, 5, 5, 6, 5]","[1, 1, 1, 0, 0, 1, 0, 0, 1, 1]",1
3,1,113,"[6, 4, 5, 6, 5, 2, 4, 5, 6, 6]","[1, 1, 0, 0, 0, 1, 1, 0, 0, 0]",1
3,1,114,"[3, 1, 1, 3, 4, 2, 4, 1, 3, 4]","[0, 1, 0, 0, 0, 0, 0, 0, 0, 0]",1
3,1,115,"[5, 5, 4, 5, 4, 4, 5, 4, 4, 8]","[0, 0, 0, 1, 1, 0, 1, 0, 0, 0]",1
3,1,116,"[4, 4, 2, 4, 4, 4, 4, 4, 4, 3]","[1, 0, 0, 0, 1, 0, 1, 0, 0, 0]",1
3,1,117,"[2, 2, 2, 3, 2, 1, 1, 3, 2, 2]","[0, 0, 0, 0, 0, 0, 0, 0, 0, 0]",1
3,1,118,"[7, 4, 4, 5, 8, 6, 4, 5, 7, 6]","[0, 0, 0, 0, 0, 0, 0, 0, 0, 0]",1
3,1,119,"[4, 3, 4, 4, 3, 2, 4, 3, 3, 3]","[1, 0, 0, 0, 0, 1, 0, 0, 0, 0]",1
3,1,120,"[6, 5, 5, 5, 6, 6, 6, 4, 7, 5]","[0, 1, 0, 0, 0, 0, 0, 1, 1, 0]",1
3,1,121,"[3, 5, 5, 6, 5, 5, 4, 5, 4, 5]","[0, 0, 1, 0, 1, 0, 1, 0, 0, 0]",1
3,1,122,"[4, 3, 3, 3, 3, 3, 4, 2, 3, 3]","[0, 0, 0, 0, 0, 0, 0, 1, 0, 0]",1
3,1,123,"[3, 7, 4, 4, 3, 3, 2, 3, 3, 3]","[0, 0, 0, 0, 0, 0, 0, 0, 1, 0]",1
3,1,124,"[4, 6, 6, 4, 4, 7, 5, 5, 3, 5]","[1, 0, 0, 0, 1, 0, 0, 0, 0, 0]",1
3,1,125,"[2, 2, 2, 2, 3, 2, 2, 2, 2, 3]","[0, 0, 0, 0, 0, 0, 0, 0, 0, 0]",1
3,1,126,"[7, 5, 5, 5, 5, 5, 2, 5, 5, 8]","[1, 0, 0, 1, 0, 0, 0, 1, 0, 0]",1
3,1,127,"[3, 2, 4, 3, 4, 4, 3, 4, 4, 3]","[0, 0, 0, 0, 0, 0, 0, 0, 0, 0]",1
3,1,128,"[4, 4, 5, 8, 5, 4, 5, 7, 4, 6]","[0, 1, 0, 1, 0, 0, 1, 1, 1, 0]",1
3,1,129,"[6, 3, 3, 5, 5, 3, 3, 1, 4, 4]","[1, 1, 0, 1, 0, 1, 1, 1, 0, 1]",1
3,1,130,"[5, 4, 5, 5, 5, 5, 5, 5, 5, 5]","[0, 0, 1, 0, 0, 0, 0, 0, 1, 0]",1
3,1,131,"[1, 1, 1, 1, 1, 1, 1, 1, 1, 6]","[0, 0, 0, 0, 0, 0, 0, 1, 1, 0]",1
3,1,132,"[2, 4, 2, 2, 4, 4, 3, 2, 3, 4]","[0, 0, 0, 0, 1, 0, 0, 0, 0, 0]",1
3,1,133,"[6, 6, 5, 5, 6, 5, 6, 5, 5, 5]","[0, 1, 0, 0, 1, 0, 1, 1, 0, 0]",1
3,1,134,"[4, 4, 4, 4, 4, 5, 4, 4, 4, 4]","[0, 0, 0, 0, 1, 1, 0, 1, 1, 0]",1
3,1,135,"[2, 4, 5, 5, 6, 5, 4, 5, 6, 5]","[0, 1, 0, 1, 1, 1, 1, 0, 1, 0]",1
3,1,136,"[6, 6, 7, 5, 5, 5, 5, 7, 6, 7]","[0, 0, 1, 0, 1, 0, 0, 0, 1, 0]",1
3,1,137,"[1, 5, 2, 2, 2, 2, 2, 4, 3, 2]","[0, 0, 0, 0, 0, 0, 0, 0, 0, 0]",1
3,1,138,"[6, 7, 7, 7, 7, 7, 7, 7, 7, 7]","[0, 0, 0, 0, 0, 0, 0, 0, 0, 0]",1
3,1,139,"[3, 3, 3, 3, 3, 3, 3, 3, 3, 3]","[0, 0, 0, 0, 0, 0, 0, 0, 0, 0]",1
3,1,140,"[5, 7, 6, 6, 4, 5, 5, 5, 5, 4]","[0, 0, 0, 1, 1, 0, 1, 0, 1, 0]",1
3,1,141,"[3, 2, 4, 2, 4, 4, 3, 4, 3, 2]","[1, 0, 1, 0, 1, 0, 0, 0, 1, 0]",1
3,1,142,"[2, 4, 4, 4, 7, 5, 1, 2, 6, 6]","[0, 0, 0, 0, 0, 0, 0, 0, 1, 0]",1
3,1,143,"[3, 3, 4, 3, 4, 3, 2, 2, 3, 4]","[1, 0, 0, 0, 1, 0, 1, 1, 0, 1]",1
3,1,144,"[2, 3, 3, 5, 3, 4, 3, 4, 3, 9]","[0, 0, 0, 1, 0, 0, 0, 0, 0, 0]",1
3,1,145,"[1, 6, 5, 5, 4, 5, 5, 5, 5, 5]","[0, 0, 1, 0, 1, 0, 1, 0, 0, 1]",1
3,1,146,"[4, 4, 6, 4, 4, 4, 4, 5, 4, 4]","[0, 1, 0, 0, 1, 0, 1, 1, 0, 0]",1
3,1,147,"[6, 6, 6, 4, 4, 1, 3, 5, 4, 5]","[1, 0, 1, 1, 0, 0, 0, 0, 0, 0]",1
3,1,148,"[4, 6, 3, 3, 9, 7, 4, 4, 4, 3]","[0, 0, 0, 0, 0, 0, 0, 0, 1, 0]",1
3,1,149,"[3, 4, 4, 4, 5, 2, 4, 6, 6, 6]","[1, 0, 0, 0, 0, 0, 0, 1, 0, 0]",1
3,1,150,"[8, 3, 4, 4, 3, 4, 4, 5, 5, 4]","[0, 1, 0, 0, 0, 0, 0, 0, 0, 1]",1
3,1,151,"[5, 5, 5, 4, 4, 3, 3, 4, 3, 1]","[0, 0, 0, 0, 0, 0, 0, 0, 0, 0]",1
3,1,152,"[3, 3, 3, 2, 8, 5, 4, 4, 3, 4]","[1, 0, 0, 0, 1, 0, 0, 0, 0, 0]",1
3,1,153,"[3, 3, 2, 6, 2, 4, 3, 2, 4, 4]","[1, 0, 0, 0, 0, 0, 1, 0, 0, 0]",1
3,1,154,"[3, 5, 5, 4, 4, 3, 4, 2, 5, 4]","[0, 1, 1, 0, 0, 0, 1, 0, 0, 0]",1
3,1,155,"[5, 4, 5, 5, 4, 7, 9, 4, 4, 4]","[0, 0, 0, 0, 0, 0, 1, 1, 0, 1]",1
3,1,156,"[3, 8, 2, 3, 3, 2, 3, 7, 3, 3]","[0, 1, 1, 0, 0, 0, 1, 0, 0, 0]",1
3,1,157,"[7, 4, 3, 4, 3, 4, 3, 4, 3, 3]","[0, 1, 0, 0, 0, 0, 0, 1, 0, 0]",1
3,1,158,"[3, 7, 2, 3, 7, 3, 3, 2, 2, 2]","[0, 0, 0, 0, 1, 0, 0, 0, 0, 0]",1
3,1,159,"[3, 3, 3, 4, 3, 3, 3, 3, 3, 3]","[0, 0, 0, 1, 0, 0, 0, 1, 1, 1]",1
3,1,160,"[4, 7, 6, 4, 4, 4, 4, 5, 5, 5]","[1, 0, 1, 0, 0, 0, 0, 1, 1, 0]",1
3,1,161,"[5, 5, 4, 5, 4, 5, 3, 6, 5, 6]","[0, 1, 0, 1, 0, 0, 0, 0, 1, 1]",1
3,1,162,"[6, 7, 7, 1, 6, 4, 1, 7, 5, 2]","[1, 0, 0, 0, 1, 0, 0, 1, 0, 1]",1
3,1,163,"[6, 1, 2, 3, 6, 6, 4, 6, 4, 3]","[0, 0, 0, 1, 0, 0, 1, 1, 0, 0]",1
3,1,164,"[7, 8, 8, 7, 7, 7, 7, 7, 7, 7]","[0, 0, 0, 0, 0, 0, 0, 0, 0, 0]",1
3,1,165,"[2, 3, 4, 3, 2, 3, 3, 2, 3, 2]","[0, 0, 0, 0, 0, 0, 0, 0, 1, 0]",1
3,1,166,"[7, 4, 5, 4, 4, 5, 5, 8, 5, 6]","[0, 0, 0, 0, 0, 0, 1, 0, 0, 0]",1
3,1,167,"[2, 5, 4, 5, 5, 5, 5, 5, 6, 5]","[0, 0, 0, 0, 0, 0, 0, 0, 0, 0]",1
3,1,168,"[5, 7, 1, 6, 2, 4, 5, 6, 6, 5]","[0, 1, 0, 0, 0, 0, 0, 1, 0, 0]",1
3,1,169,"[6, 6, 6, 4, 4, 7, 6, 5, 4, 8]","[1, 0, 0, 1, 1, 1, 0, 0, 1, 0]",1
3,1,170,"[5, 7, 5, 2, 5, 5, 3, 2, 3, 4]","[1, 0, 1, 0, 0, 0, 0, 0, 0, 0]",1
3,1,171,"[7, 6, 6, 5, 5, 4, 8, 7, 7, 2]","[0, 1, 0, 1, 1, 1, 0, 0, 0, 0]",1
3,1,172,"[5, 3, 8, 4, 4, 4, 3, 3, 2, 3]","[0, 0, 0, 1, 0, 0, 1, 0, 0, 1]",1
3,1,173,"[5, 4, 5, 5, 4, 5, 3, 4, 2, 6]","[0, 0, 0, 1, 0, 0, 0, 0, 1, 0]",1
3,1,174,"[8, 7, 7, 6, 9, 4, 6, 7, 5, 6]","[1, 0, 1, 0, 0, 1, 0, 1, 0, 0]",1
3,1,175,"[3, 3, 3, 3, 3, 3, 2, 4, 3, 2]","[0, 0, 0, 0, 1, 0, 0, 0, 0, 0]",1
3,1,176,"[4, 3, 2, 4, 4, 5, 8, 3, 2, 4]","[0, 0, 0, 0, 0, 0, 1, 1, 0, 0]",1
3,1,177,"[5, 5, 4, 5, 4, 5, 4, 2, 4, 6]","[0, 1, 0, 1, 1, 0, 0, 0, 1, 0]",1
3,1,178,"[5, 3, 4, 4, 5, 6, 7, 5, 4, 4]","[0, 0, 0, 0, 0, 0, 0, 0, 0, 0]",1
3,1,179,"[5, 3, 6, 6, 7, 3, 3, 7, 3, 5]","[0, 1, 0, 0, 0, 0, 0, 1, 0, 0]",1
3,1,180,"[2, 1, 2, 1, 3, 2, 4, 2, 3, 2]","[0, 0, 0, 0, 0, 0, 0, 0, 0, 0]",1
3,1,181,"[3, 5, 5, 5, 5, 5, 5, 1, 5, 3]","[0, 0, 1, 0, 0, 0, 0, 0, 0, 0]",1
3,1,182,"[2, 1, 1, 2, 2, 2, 2, 1, 4, 3]","[0, 0, 0, 0, 1, 0, 0, 0, 1, 0]",1
3,1,183,"[6, 5, 7, 5, 5, 6, 5, 5, 5, 5]","[0, 0, 0, 0, 0, 1, 1, 0, 0, 1]",1
3,1,184,"[3, 4, 3, 3, 4, 7, 5, 3, 3, 3]","[0, 0, 0, 0, 0, 1, 0, 0, 0, 0]",1
3,1,185,"[6, 5, 6, 5, 6, 5, 5, 7, 6, 6]","[0, 0, 0, 0, 0, 1, 0, 0, 0, 1]",1
3,1,186,"[2, 4, 2, 2, 2, 2, 4, 2, 2, 4]","[0, 1, 0, 0, 0, 0, 1, 0, 0, 0]",1
3,1,187,"[4, 4, 2, 3, 3, 4, 3, 4, 4, 4]","[1, 0, 0, 0, 1, 0, 0, 1, 0, 0]",1
3,1,188,"[2, 3, 2, 2, 2, 7, 2, 2, 2, 3]","[0, 0, 0, 0, 0, 1, 0, 0, 0, 0]",1
3,1,189,"[4, 3, 1, 3, 3, 2, 2, 3, 3, 3]","[0, 0, 0, 0, 0, 0, 0, 0, 0, 0]",1
3,1,190,"[4, 4, 4, 4, 5, 3, 3, 3, 2, 1]","[0, 1, 1, 1, 1, 1, 0, 0, 0, 1]",1
3,1,191,"[3, 3, 4, 4, 4, 4, 4, 4, 3, 3]","[0, 0, 0, 0, 1, 0, 0, 0, 0, 0]",1
3,1,192,"[2, 5, 5, 5, 4, 5, 5, 4, 4, 5]","[0, 0, 0, 0, 0, 0, 0, 0, 0, 0]",1
3,1,193,"[2, 5, 3, 5, 3, 5, 3, 4, 4, 4]","[0, 0, 0, 1, 0, 0, 0, 1, 0, 1]",1
3,1,194,"[5, 4, 2, 4, 4, 1, 4, 3, 5, 4]","[0, 1, 0, 1, 0, 0, 0, 0, 0, 0]",1
3,1,195,"[1, 1, 3, 1, 4, 3, 1, 1, 1, 1]","[1, 0, 0, 0, 0, 1, 1, 0, 0, 0]",1
3,1,196,"[3, 3, 3, 3, 2, 3, 3, 3, 3, 3]","[1, 0, 0, 1, 0, 0, 0, 0, 0, 0]",1
3,1,197,"[2, 2, 2, 1, 3, 2, 2, 1, 3, 3]","[0, 0, 1, 0, 0, 1, 0, 0, 0, 0]",1
3,1,198,"[4, 4, 1, 4, 4, 4, 7, 5, 4, 3]","[0, 0, 0, 0, 0, 0, 0, 0, 1, 0]",1
3,1,199,"[3, 4, 4, 4, 4, 4, 4, 4, 4, 4]","[0, 0, 0, 0, 0, 1, 0, 0, 0, 0]",1
3,1,200,"[4, 4, 3, 4, 3, 3, 3, 3, 3, 2]","[0, 1, 0, 0, 0, 0, 0, 0, 0, 0]",1
3,1,201,"[3, 4, 4, 3, 4, 6, 3, 3, 2, 2]","[0, 0, 0, 1, 0, 0, 1, 0, 0, 0]",1
3,1,202,"[3, 3, 4, 3, 3, 3, 2, 3, 3, 4]","[0, 1, 0, 0, 1, 1, 0, 0, 0, 0]",1
3,1,203,"[3, 1, 1, 2, 5, 3, 4, 4, 3, 5]","[0, 0, 0, 0, 0, 0, 0, 1, 0, 0]",1
3,1,204,"[5, 5, 5, 4, 5, 5, 5, 6, 6, 5]","[0, 0, 0, 0, 0, 0, 0, 1, 0, 0]",1
3,1,205,"[8, 5, 7, 3, 7, 7, 7, 7, 7, 7]","[1, 1, 1, 0, 0, 0, 1, 0, 0, 1]",1
3,1,206,"[3, 2, 4, 1, 3, 2, 2, 4, 4, 5]","[1, 0, 1, 0, 1, 0, 0, 0, 0, 0]",1
3,1,207,"[3, 3, 2, 4, 4, 3, 2, 3, 3, 2]","[0, 0, 0, 0, 0, 1, 0, 0, 0, 0]",1
3,1,208,"[4, 2, 4, 4, 4, 4, 1, 4, 5, 4]","[0, 0, 0, 0, 0, 1, 0, 0, 1, 0]",1
3,1,209,"[4, 2, 4, 4, 4, 4, 4, 4, 4, 5]","[0, 1, 0, 0, 0, 0, 0, 0, 0, 1]",1
4,0,0,"[5, 7, 5, 4, 5, 5, 1, 5, 5, 5]","[0, 0, 0, 0, 0, 0, 0, 0, 0, 0]",1
4,0,1,"[2, 7, 9, 2, 3, 2, 8, 3, 8, 3]","[0, 1, 0, 0, 0, 0, 1, 0, 0, 0]",1
4,0,2,"[5, 5, 6, 5, 5, 5, 2, 5, 2, 1]","[0, 0, 1, 0, 0, 1, 0, 0, 0, 0]",1
4,0,3,"[6, 5, 6, 5, 7, 5, 6, 6, 5, 6]","[0, 0, 1, 0, 1, 0, 0, 0, 0, 0]",1
4,0,4,"[5, 5, 5, 7, 4, 3, 1, 7, 4, 6]","[0, 0, 0, 0, 0, 0, 0, 0, 0, 1]",1
4,0,5,"[5, 5, 5, 5, 5, 5, 6, 4, 5, 8]","[1, 0, 0, 0, 0, 0, 0, 0, 0, 1]",1
4,0,6,"[8, 9, 8, 7, 8, 7, 8, 8, 8, 7]","[0, 0, 0, 0, 1, 0, 0, 0, 0, 0]",1
4,0,7,"[8, 8, 4, 6, 7, 6, 8, 8, 7, 6]","[0, 0, 1, 0, 0, 1, 0, 1, 1, 0]",1
4,0,8,"[6, 5, 6, 2, 6, 3, 7, 6, 5, 6]","[0, 0, 0, 0, 0, 0, 0, 0, 0, 0]",1
4,0,9,"[4, 5, 2, 5, 5, 9, 7, 5, 5, 5]","[0, 1, 0, 0, 1, 0, 0, 0, 0, 0]",1
4,0,10,"[5, 4, 2, 2, 4, 3, 6, 3, 4, 5]","[0, 0, 0, 0, 0, 0, 0, 0, 0, 0]",1
4,0,11,"[5, 4, 5, 5, 5, 5, 6, 5, 1, 5]","[0, 0, 0, 0, 0, 0, 0, 0, 0, 0]",1
4,0,12,"[7, 6, 6, 6, 5, 6, 6, 6, 7, 6]","[0, 0, 1, 1, 0, 0, 0, 0, 0, 1]",1
4,0,13,"[3, 6, 3, 3, 8, 3, 4, 5, 4, 3]","[0, 0, 0, 0, 0, 1, 0, 1, 1, 0]",1
4,0,14,"[3, 3, 4, 4, 3, 2, 7, 3, 6, 4]","[0, 0, 0, 0, 0, 0, 0, 0, 0, 1]",1
4,0,15,"[4, 4, 1, 8, 4, 3, 4, 3, 5, 4]","[0, 0, 0, 0, 0, 0, 0, 0, 0, 0]",1
4,0,16,"[7, 5, 4, 7, 2, 5, 8, 5, 4, 4]","[0, 0, 0, 0, 1, 0, 0, 0, 0, 0]",1
4,0,17,"[4, 7, 5, 6, 6, 5, 8, 5, 8, 6]","[0, 0, 0, 0, 0, 0, 0, 0, 0, 0]",1
4,0,18,"[7, 8, 6, 3, 8, 6, 7, 8, 8, 8]","[0, 0, 1, 0, 0, 0, 0, 0, 1, 1]",1
4,0,19,"[3, 3, 3, 6, 3, 3, 3, 6, 3, 3]","[0, 0, 0, 0, 1, 0, 0, 0, 0, 0]",1
4,0,20,"[4, 4, 5, 2, 4, 5, 5, 6, 4, 4]","[0, 0, 1, 0, 0, 0, 0, 0, 1, 1]",1
4,0,21,"[6, 3, 4, 8, 5, 9, 7, 5, 2, 4]","[0, 0, 0, 0, 0, 0, 0, 0, 0, 0]",1
4,0,22,"[5, 5, 5, 5, 2, 5, 5, 5, 5, 5]","[0, 0, 1, 0, 0, 0, 0, 0, 0, 0]",1
4,0,23,"[4, 3, 5, 4, 5, 2, 4, 2, 4, 4]","[0, 0, 0, 0, 0, 0, 0, 0, 0, 0]",1
4,0,24,"[3, 2, 3, 4, 5, 7, 4, 4, 8, 4]","[0, 0, 0, 1, 0, 0, 0, 0, 0, 0]",1
4,0,25,"[6, 6, 6, 5, 6, 9, 6, 6, 6, 6]","[0, 0, 0, 0, 0, 0, 0, 0, 1, 0]",1
4,0,26,"[9, 9, 8, 9, 9, 9, 9, 9, 9, 9]","[0, 1, 0, 0, 0, 0, 0, 0, 1, 0]",1
4,0,27,"[7, 7, 6, 8, 7, 7, 7, 7, 7, 7]","[0, 1, 0, 0, 0, 1, 1, 1, 0, 0]",1
4,0,28,"[5, 6, 4, 5, 5, 4, 5, 5, 5, 4]","[0, 0, 1, 1, 0, 1, 0, 0, 0, 0]",1
4,0,29,"[9, 9, 9, 9, 9, 9, 9, 9, 9, 9]","[0, 0, 0, 0, 0, 0, 0, 1, 0, 0]",1
4,0,30,"[3, 4, 4, 4, 4, 6, 4, 4, 4, 4]","[0, 1, 0, 0, 0, 0, 1, 0, 0, 1]",1
4,0,31,"[5, 4, 3, 3, 4, 5, 4, 4, 4, 4]","[0, 0, 0, 0, 0, 0, 0, 0, 0, 0]",1
4,0,32,"[5, 5, 7, 6, 5, 4, 5, 3, 5, 4]","[0, 1, 0, 0, 0, 1, 0, 0, 0, 0]",1
4,0,33,"[3, 3, 3, 3, 3, 3, 1, 4, 3, 5]","[0, 0, 0, 0, 0, 0, 0, 0, 0, 0]",1
4,0,34,"[7, 7, 6, 6, 7, 6, 6, 7, 9, 6]","[0, 0, 1, 1, 1, 0, 1, 1, 0, 1]",1
4,0,35,"[4, 4, 7, 8, 3, 6, 5, 4, 3, 4]","[0, 0, 0, 0, 0, 0, 0, 0, 0, 0]",1
4,0,36,"[9, 3, 9, 9, 8, 1, 7, 9, 8, 8]","[1, 0, 0, 1, 0, 0, 0, 1, 1, 0]",1
4,0,37,"[5, 5, 6, 4, 5, 6, 6, 6, 5, 5]","[0, 0, 0, 0, 0, 0, 1, 0, 0, 0]",1
4,0,38,"[5, 6, 4, 7, 6, 7, 5, 4, 5, 7]","[0, 0, 1, 0, 1, 0, 0, 0, 1, 0]",1
4,0,39,"[2, 3, 4, 4, 1, 1, 1, 2, 2, 6]","[1, 0, 0, 0, 0, 1, 0, 0, 0, 0]",1
4,0,40,"[2, 2, 2, 2, 2, 3, 1, 2, 2, 2]","[0, 0, 0, 1, 0, 0, 0, 0, 0, 0]",1
4,0,41,"[4, 2, 4, 4, 2, 3, 4, 3, 4, 7]","[0, 0, 0, 0, 1, 0, 1, 0, 0, 0]",1
4,0,42,"[3, 4, 3, 2, 3, 4, 6, 2, 3, 1]","[0, 0, 0, 1, 0, 0, 1, 0, 0, 0]",1
4,0,43,"[6, 5, 7, 5, 5, 5, 3, 3, 7, 4]","[1, 0, 1, 0, 0, 0, 0, 0, 0, 0]",1
4,0,44,"[3, 4, 4, 4, 1, 4, 3, 3, 5, 3]","[0, 0, 0, 1, 0, 0, 0, 1, 0, 1]",1
4,0,45,"[4, 5, 5, 7, 4, 4, 4, 4, 4, 4]","[0, 0, 0, 0, 0, 1, 0, 0, 0, 1]",1
4,0,46,"[5, 5, 5, 4, 5, 5, 5, 5, 5, 6]","[0, 0, 0, 0, 0, 0, 0, 0, 0, 1]",1
4,0,47,"[1, 7, 8, 4, 6, 6, 3, 3, 3, 5]","[1, 1, 1, 1, 0, 0, 0, 0, 1, 0]",1
4,0,48,"[6, 7, 6, 7, 6, 6, 6, 6, 6, 6]","[0, 0, 0, 1, 0, 0, 1, 1, 1, 0]",1
4,0,49,"[5, 4, 4, 5, 4, 4, 5, 4, 4, 6]","[0, 0, 1, 0, 1, 0, 1, 0, 0, 0]",1
4,0,50,"[7, 6, 4, 7, 7, 7, 8, 5, 7, 8]","[0, 0, 0, 0, 0, 1, 0, 1, 0, 0]",1
4,0,51,"[6, 6, 5, 5, 5, 6, 6, 5, 5, 6]","[0, 0, 0, 0, 1, 0, 0, 0, 1, 1]",1
4,0,52,"[2, 2, 1, 5, 2, 5, 5, 5, 5, 5]","[1, 0, 0, 0, 0, 0, 0, 0, 0, 0]",1
4,0,53,"[4, 4, 4, 5, 4, 4, 3, 4, 4, 4]","[0, 0, 0, 0, 0, 0, 0, 0, 0, 0]",1
4,0,54,"[8, 9, 7, 5, 4, 9, 8, 9, 8, 5]","[1, 0, 0, 0, 0, 1, 0, 1, 1, 0]",1
4,0,55,"[6, 6, 6, 6, 6, 3, 6, 6, 6, 9]","[0, 0, 0, 1, 0, 0, 0, 0, 0, 0]",1
4,0,56,"[1, 1, 1, 1, 1, 1, 1, 1, 2, 1]","[1, 0, 0, 0, 0, 0, 0, 0, 0, 1]",1
4,0,57,"[5, 3, 3, 1, 4, 4, 4, 4, 6, 3]","[0, 0, 0, 0, 0, 0, 0, 0, 0, 0]",1
4,0,58,"[7, 5, 3, 2, 5, 7, 7, 7, 8, 5]","[0, 0, 0, 0, 1, 0, 1, 0, 1, 1]",1
4,0,59,"[2, 5, 5, 4, 5, 5, 2, 6, 6, 5]","[0, 1, 0, 0, 0, 0, 0, 0, 0, 0]",1
4,0,60,"[2, 7, 5, 5, 4, 5, 3, 5, 4, 3]","[0, 0, 0, 0, 0, 0, 0, 0, 0, 0]",1
4,0,61,"[4, 5, 4, 3, 2, 4, 4, 5, 4, 4]","[0, 0, 0, 0, 0, 1, 0, 0, 0, 0]",1
4,0,62,"[9, 9, 9, 9, 9, 8, 8, 8, 9, 9]","[0, 0, 1, 0, 0, 1, 0, 0, 0, 0]",1
4,0,63,"[6, 7, 6, 5, 5, 6, 6, 5, 2, 5]","[0, 1, 0, 0, 0, 0, 0, 0, 0, 0]",1
4,0,64,"[8, 8, 8, 9, 8, 8, 8, 8, 8, 9]","[0, 0, 0, 1, 0, 1, 0, 1, 1, 0]",1
4,0,65,"[4, 3, 2, 1, 6, 6, 2, 3, 2, 1]","[0, 0, 0, 0, 0, 0, 0, 0, 0, 0]",1
4,0,66,"[4, 3, 6, 5, 5, 4, 4, 4, 5, 4]","[0, 0, 1, 1, 0, 0, 0, 0, 0, 0]",1
4,0,67,"[6, 6, 5, 5, 3, 2, 2, 5, 3, 5]","[0, 0, 0, 1, 0, 1, 0, 0, 0, 0]",1
4,0,68,"[6, 8, 5, 6, 5, 6, 8, 5, 5, 6]","[1, 1, 0, 1, 0, 0, 0, 1, 0, 0]",1
4,0,69,"[2, 6, 4, 5, 5, 3, 4, 6, 3, 4]","[0, 0, 0, 0, 0, 0, 0, 0, 0, 0]",1
4,0,70,"[5, 5, 7, 6, 6, 6, 6, 6, 7, 6]","[0, 0, 1, 0, 0, 0, 0, 0, 1, 1]",1
4,0,71,"[6, 5, 5, 5, 5, 5, 5, 5, 5, 6]","[0, 0, 0, 0, 0, 0, 0, 0, 0, 1]",1
4,0,72,"[4, 4, 4, 4, 4, 5, 4, 4, 6, 3]","[0, 0, 0, 0, 0, 0, 0, 1, 0, 0]",1
4,0,73,"[3, 3, 5, 3, 8, 8, 6, 6, 4, 8]","[0, 0, 0, 0, 1, 1, 1, 0, 0, 1]",1
4,0,74,"[3, 3, 4, 4, 4, 4, 3, 3, 2, 4]","[0, 0, 0, 0, 0, 0, 0, 0, 1, 0]",1
4,0,75,"[6, 3, 3, 2, 3, 3, 3, 3, 2, 3]","[1, 0, 0, 0, 0, 0, 0, 0, 0, 0]",1
4,0,76,"[5, 4, 4, 4, 5, 5, 5, 6, 1, 6]","[0, 0, 0, 0, 0, 0, 0, 0, 0, 0]",1
4,0,77,"[6, 7, 8, 8, 6, 6, 7, 8, 8, 7]","[0, 0, 0, 0, 0, 1, 0, 1, 1, 0]",1
4,0,78,"[6, 6, 6, 4, 6, 5, 3, 8, 6, 7]","[0, 1, 1, 0, 0, 0, 0, 1, 0, 0]",1
4,0,79,"[4, 5, 3, 9, 4, 3, 3, 3, 3, 4]","[0, 1, 0, 0, 0, 0, 0, 0, 0, 0]",1
4,0,80,"[9, 8, 8, 9, 9, 8, 8, 7, 8, 9]","[1, 0, 0, 0, 0, 1, 1, 0, 0, 1]",1
4,0,81,"[5, 5, 1, 7, 8, 3, 3, 5, 4, 4]","[0, 0, 0, 1, 1, 0, 0, 0, 0, 0]",1
4,0,82,"[5, 6, 4, 5, 5, 2, 4, 7, 5, 5]","[0, 0, 0, 0, 0, 0, 0, 0, 0, 0]",1
4,0,83,"[8, 5, 6, 6, 7, 4, 1, 8, 5, 7]","[0, 0, 0, 0, 0, 0, 0, 1, 0, 1]",1
4,0,84,"[4, 6, 5, 5, 5, 5, 5, 5, 5, 5]","[1, 0, 1, 0, 0, 1, 0, 0, 0, 0]",1
4,0,85,"[6, 4, 3, 3, 4, 4, 4, 4, 4, 3]","[0, 0, 0, 0, 0, 0, 0, 0, 0, 0]",1
4,0,86,"[8, 9, 8, 9, 8, 9, 9, 9, 9, 3]","[0, 0, 1, 1, 0, 0, 0, 0, 0, 0]",1
4,0,87,"[5, 5, 2, 3, 4, 6, 4, 2, 4, 5]","[0, 0, 0, 0, 0, 1, 1, 0, 0, 1]",1
4,0,88,"[3, 5, 4, 4, 4, 3, 4, 3, 4, 5]","[0, 0, 0, 0, 0, 0, 0, 0, 0, 0]",1
4,0,89,"[3, 3, 3, 2, 7, 3, 3, 5, 8, 4]","[0, 0, 0, 1, 0, 0, 0, 0, 0, 0]",1
4,0,90,"[4, 9, 9, 3, 9, 8, 9, 9, 1, 9]","[0, 0, 1, 0, 0, 0, 0, 0, 0, 0]",1
4,0,91,"[5, 6, 5, 6, 5, 5, 6, 8, 5, 5]","[0, 0, 0, 0, 0, 1, 0, 1, 0, 0]",1
4,0,92,"[7, 8, 6, 6, 5, 7, 5, 6, 6, 6]","[0, 0, 0, 1, 0, 0, 0, 0, 0, 0]",1
4,0,93,"[2, 3, 2, 6, 3, 2, 1, 1, 2, 1]","[0, 0, 0, 1, 0, 0, 0, 0, 0, 0]",1
4,0,94,"[5, 5, 5, 7, 5, 5, 5, 9, 5, 5]","[0, 0, 0, 1, 1, 0, 1, 0, 0, 0]",1
4,0,95,"[2, 2, 2, 2, 2, 3, 2, 2, 9, 1]","[0, 0, 0, 0, 0, 0, 0, 0, 0, 0]",1
4,0,96,"[6, 6, 5, 5, 5, 6, 6, 4, 4, 6]","[0, 1, 0, 0, 0, 1, 1, 0, 0, 1]",1
4,0,97,"[5, 6, 2, 5, 4, 5, 4, 4, 2, 4]","[0, 0, 0, 0, 0, 0, 0, 0, 0, 0]",1
4,0,98,"[9, 9, 9, 9, 9, 9, 9, 9, 9, 9]","[1, 1, 1, 0, 1, 0, 0, 0, 0, 0]",1
4,0,99,"[3, 3, 4, 2, 3, 3, 3, 4, 3, 2]","[0, 0, 1, 0, 1, 0, 0, 1, 1, 0]",1
4,0,100,"[3, 8, 3, 4, 3, 3, 4, 3, 3, 3]","[0, 0, 0, 1, 0, 0, 0, 0, 0, 0]",1
4,0,101,"[9, 2, 7, 8, 8, 8, 8, 8, 8, 2]","[0, 0, 0, 1, 0, 0, 1, 1, 0, 0]",1
4,0,102,"[5, 5, 4, 5, 4, 6, 4, 5, 8, 5]","[0, 1, 1, 0, 0, 0, 0, 0, 0, 0]",1
4,0,103,"[7, 7, 7, 7, 7, 7, 7, 8, 7, 7]","[0, 0, 1, 0, 0, 0, 0, 0, 0, 0]",1
4,0,104,"[9, 8, 9, 9, 9, 9, 3, 9, 9, 9]","[0, 0, 1, 1, 0, 0, 0, 0, 0, 1]",1
4,0,105,"[6, 8, 7, 6, 6, 7, 8, 6, 9, 7]","[0, 0, 1, 0, 1, 0, 1, 0, 0, 1]",1
4,0,106,"[4, 5, 3, 5, 7, 5, 5, 5, 5, 5]","[0, 0, 0, 0, 0, 0, 0, 0, 0, 0]",1
4,0,107,"[5, 4, 4, 3, 5, 4, 4, 4, 3, 6]","[0, 0, 0, 0, 1, 0, 0, 0, 0, 1]",1
4,0,108,"[8, 8, 8, 7, 9, 8, 7, 5, 8, 6]","[1, 0, 0, 0, 1, 1, 0, 0, 0, 0]",1
4,0,109,"[2, 6, 5, 5, 3, 4, 5, 6, 4, 5]","[0, 0, 0, 0, 0, 0, 1, 0, 0, 1]",1
4,0,110,"[9, 1, 9, 5, 8, 9, 4, 8, 6, 9]","[0, 0, 1, 1, 0, 0, 0, 1, 0, 0]",1
4,0,111,"[6, 7, 9, 8, 7, 7, 7, 5, 8, 4]","[0, 1, 0, 1, 0, 0, 0, 1, 0, 0]",1
4,0,112,"[4, 9, 4, 4, 4, 4, 3, 4, 4, 4]","[1, 0, 0, 0, 0, 0, 0, 0, 0, 0]",1
4,0,113,"[3, 4, 4, 7, 3, 4, 5, 4, 7, 5]","[0, 1, 0, 0, 0, 0, 0, 0, 1, 0]",1
4,0,114,"[3, 3, 4, 3, 4, 8, 3, 2, 4, 3]","[1, 0, 1, 0, 0, 1, 0, 1, 0, 0]",1
4,0,115,"[9, 8, 9, 9, 9, 9, 9, 9, 9, 9]","[0, 1, 1, 0, 0, 0, 0, 1, 1, 1]",1
4,0,116,"[9, 9, 9, 9, 9, 9, 9, 9, 9, 8]","[0, 1, 0, 1, 1, 1, 0, 1, 1, 0]",1
4,0,117,"[5, 5, 5, 6, 5, 5, 5, 6, 5, 5]","[0, 1, 0, 0, 0, 0, 0, 0, 1, 0]",1
4,0,118,"[7, 7, 7, 6, 6, 6, 8, 7, 7, 7]","[1, 0, 1, 1, 0, 0, 1, 0, 1, 0]",1
4,0,119,"[5, 5, 6, 6, 6, 6, 5, 5, 5, 5]","[0, 1, 1, 1, 0, 1, 1, 0, 0, 1]",1
4,0,120,"[6, 6, 7, 6, 3, 3, 5, 4, 6, 6]","[0, 0, 0, 1, 0, 0, 0, 0, 0, 0]",1
4,0,121,"[4, 5, 5, 5, 5, 5, 5, 6, 5, 5]","[0, 0, 0, 0, 0, 0, 1, 0, 0, 0]",1
4,0,122,"[5, 5, 5, 5, 5, 5, 5, 5, 4, 6]","[0, 0, 0, 0, 0, 0, 0, 0, 1, 0]",1
4,0,123,"[6, 4, 7, 6, 5, 5, 6, 6, 6, 5]","[0, 0, 0, 0, 1, 0, 1, 1, 0, 0]",1
4,0,124,"[7, 5, 9, 9, 7, 7, 9, 7, 7, 7]","[0, 1, 0, 0, 1, 0, 0, 0, 0, 0]",1
4,0,125,"[5, 4, 5, 5, 5, 5, 5, 5, 5, 4]","[0, 1, 0, 0, 0, 0, 0, 0, 1, 0]",1
4,0,126,"[7, 3, 3, 4, 4, 6, 5, 5, 4, 5]","[0, 0, 0, 0, 0, 1, 0, 0, 0, 0]",1
4,0,127,"[3, 3, 3, 3, 3, 3, 2, 4, 3, 7]","[0, 0, 0, 0, 0, 0, 0, 0, 0, 1]",1
4,0,128,"[4, 9, 7, 5, 5, 6, 6, 4, 8, 5]","[0, 1, 0, 0, 0, 0, 1, 0, 0, 0]",1
4,0,129,"[7, 7, 7, 6, 6, 8, 5, 7, 6, 7]","[1, 1, 0, 0, 0, 0, 0, 0, 0, 0]",1
4,0,130,"[5, 7, 7, 7, 9, 7, 6, 5, 7, 7]","[0, 0, 0, 1, 0, 0, 0, 0, 0, 0]",1
4,0,131,"[8, 7, 7, 8, 8, 7, 8, 8, 8, 8]","[1, 0, 0, 0, 1, 1, 1, 1, 0, 1]",1
4,0,132,"[5, 3, 7, 6, 4, 6, 5, 6, 5, 5]","[0, 0, 0, 0, 0, 0, 0, 0, 1, 0]",1
4,0,133,"[4, 4, 4, 5, 4, 4, 4, 4, 4, 4]","[0, 1, 0, 0, 0, 0, 0, 0, 0, 0]",1
4,0,134,"[5, 5, 6, 5, 6, 8, 5, 5, 8, 5]","[0, 0, 0, 1, 1, 1, 0, 0, 0, 0]",1
4,0,135,"[6, 2, 4, 7, 7, 5, 6, 7, 5, 6]","[0, 1, 1, 0, 0, 0, 0, 1, 1, 0]",1
4,0,136,"[6, 7, 6, 6, 5, 6, 7, 5, 2, 7]","[1, 0, 0, 0, 0, 0, 0, 0, 0, 0]",1
4,0,137,"[5, 2, 4, 4, 4, 4, 5, 4, 6, 2]","[0, 0, 0, 0, 0, 0, 0, 0, 1, 0]",1
4,0,138,"[6, 4, 5, 7, 6, 4, 5, 5, 4, 5]","[1, 0, 0, 0, 1, 1, 0, 1, 0, 0]",1
4,0,139,"[4, 4, 4, 4, 4, 4, 4, 6, 4, 3]","[0, 0, 0, 0, 0, 0, 0, 0, 0, 0]",1
4,0,140,"[9, 6, 4, 6, 8, 9, 7, 5, 4, 4]","[1, 0, 1, 0, 0, 0, 1, 0, 0, 1]",1
4,0,141,"[1, 2, 5, 4, 3, 4, 3, 4, 3, 4]","[0, 0, 1, 0, 0, 0, 0, 0, 0, 0]",1
4,0,142,"[6, 6, 8, 3, 6, 6, 9, 4, 2, 5]","[0, 0, 0, 0, 0, 0, 0, 0, 0, 0]",1
4,0,143,"[6, 3, 6, 2, 6, 6, 5, 5, 5, 5]","[0, 1, 0, 0, 0, 0, 0, 0, 0, 0]",1
4,0,144,"[7, 8, 8, 7, 8, 8, 9, 8, 9, 8]","[1, 0, 0, 0, 0, 1, 0, 0, 0, 0]",1
4,0,145,"[6, 7, 7, 6, 6, 9, 6, 6, 6, 7]","[0, 0, 0, 0, 0, 0, 1, 0, 1, 0]",1
4,0,146,"[4, 7, 5, 7, 6, 9, 7, 6, 6, 6]","[0, 0, 0, 0, 0, 0, 0, 0, 0, 0]",1
4,0,147,"[5, 5, 5, 5, 4, 4, 4, 4, 5, 5]","[0, 1, 0, 1, 0, 0, 0, 1, 0, 0]",1
4,0,148,"[6, 5, 5, 5, 5, 6, 5, 5, 5, 7]","[0, 0, 0, 0, 0, 1, 1, 1, 0, 0]",1
4,0,149,"[5, 3, 4, 5, 5, 5, 5, 5, 5, 5]","[0, 0, 0, 0, 0, 1, 1, 0, 0, 0]",1
4,0,150,"[5, 2, 3, 4, 5, 3, 9, 7, 8, 3]","[1, 0, 0, 0, 0, 0, 1, 0, 0, 0]",1
4,0,151,"[5, 3, 3, 4, 7, 8, 4, 8, 4, 4]","[1, 0, 0, 1, 0, 0, 0, 1, 0, 0]",1
4,0,152,"[5, 3, 3, 4, 4, 5, 2, 5, 6, 4]","[0, 0, 0, 0, 0, 0, 0, 0, 0, 0]",1
4,0,153,"[5, 6, 6, 5, 4, 1, 5, 6, 5, 5]","[0, 1, 0, 0, 1, 0, 0, 0, 0, 0]",1
4,0,154,"[4, 9, 7, 4, 9, 8, 8, 8, 9, 6]","[1, 0, 0, 1, 0, 1, 0, 0, 0, 1]",1
4,0,155,"[5, 5, 5, 1, 4, 5, 4, 5, 5, 6]","[0, 0, 0, 0, 0, 0, 0, 0, 1, 0]",1
4,0,156,"[3, 2, 2, 2, 3, 2, 1, 2, 2, 2]","[0, 0, 0, 0, 0, 0, 0, 0, 0, 0]",1
4,0,157,"[5, 5, 7, 5, 5, 5, 5, 4, 4, 5]","[0, 0, 0, 1, 0, 1, 0, 0, 0, 0]",1
4,0,158,"[7, 7, 7, 7, 8, 7, 7, 7, 7, 7]","[0, 0, 0, 0, 1, 1, 0, 0, 0, 0]",1
4,0,159,"[7, 7, 8, 7, 7, 7, 7, 7, 7, 6]","[0, 0, 1, 0, 0, 1, 0, 0, 1, 0]",1
4,0,160,"[5, 9, 6, 5, 5, 5, 6, 9, 5, 5]","[0, 1, 0, 0, 0, 0, 0, 1, 0, 0]",1
4,0,161,"[2, 5, 4, 3, 4, 4, 4, 5, 5, 5]","[1, 0, 0, 0, 1, 0, 0, 0, 0, 1]",1
4,0,162,"[8, 8, 8, 9, 4, 8, 8, 8, 8, 8]","[1, 0, 0, 0, 0, 1, 0, 0, 0, 0]",1
4,0,163,"[7, 8, 6, 7, 4, 8, 7, 5, 6, 5]","[0, 0, 0, 0, 1, 1, 0, 0, 0, 0]",1
4,0,164,"[9, 9, 9, 9, 9, 9, 9, 9, 9, 9]","[0, 0, 1, 1, 1, 0, 1, 0, 1, 1]",1
4,0,165,"[5, 5, 4, 6, 5, 6, 6, 7, 8, 6]","[0, 0, 0, 0, 0, 0, 0, 0, 1, 0]",1
4,0,166,"[5, 6, 4, 5, 7, 6, 6, 4, 6, 3]","[0, 1, 1, 0, 0, 0, 0, 0, 1, 1]",1
4,0,167,"[5, 4, 5, 4, 5, 5, 5, 5, 5, 5]","[0, 0, 0, 0, 1, 0, 0, 0, 0, 0]",1
4,0,168,"[7, 6, 6, 8, 6, 6, 7, 6, 8, 7]","[1, 0, 0, 0, 0, 0, 0, 0, 0, 0]",1
4,0,169,"[6, 6, 7, 5, 5, 6, 5, 5, 5, 8]","[0, 0, 0, 0, 0, 0, 0, 0, 0, 0]",1
4,0,170,"[9, 9, 9, 9, 9, 4, 7, 9, 9, 9]","[1, 0, 1, 1, 0, 0, 1, 0, 0, 0]",1
4,0,171,"[6, 6, 6, 6, 6, 6, 6, 6, 9, 5]","[1, 0, 0, 1, 1, 0, 0, 1, 0, 0]",1
4,0,172,"[7, 6, 6, 9, 8, 6, 6, 6, 7, 6]","[0, 1, 0, 1, 0, 1, 0, 1, 0, 0]",1
4,0,173,"[8, 9, 9, 9, 5, 4, 8, 6, 6, 7]","[0, 0, 1, 0, 0, 0, 0, 0, 0, 0]",1
4,0,174,"[6, 4, 9, 6, 8, 4, 6, 4, 7, 6]","[0, 0, 0, 0, 1, 1, 0, 1, 0, 0]",1
4,0,175,"[3, 4, 4, 5, 4, 3, 4, 3, 4, 5]","[0, 0, 0, 1, 1, 0, 0, 0, 0, 0]",1
4,0,176,"[8, 2, 8, 7, 7, 8, 7, 8, 7, 1]","[1, 0, 1, 1, 0, 0, 0, 0, 0, 0]",1
4,0,177,"[3, 4, 4, 1, 4, 4, 5, 5, 4, 6]","[0, 0, 0, 0, 0, 0, 0, 0, 1, 0]",1
4,0,178,"[5, 7, 7, 6, 6, 7, 6, 4, 7, 6]","[1, 0, 0, 0, 0, 1, 0, 0, 0, 1]",1
4,0,179,"[7, 8, 9, 1, 6, 7, 7, 7, 9, 7]","[0, 0, 0, 0, 1, 0, 0, 0, 0, 0]",1
4,0,180,"[3, 4, 3, 4, 4, 4, 7, 3, 4, 3]","[0, 0, 0, 0, 0, 0, 0, 0, 0, 1]",1
4,0,181,"[4, 8, 4, 5, 7, 7, 7, 7, 7, 6]","[0, 0, 0, 0, 0, 0, 0, 1, 0, 1]",1
4,0,182,"[7, 5, 2, 7, 6, 8, 7, 3, 8, 7]","[1, 1, 0, 1, 0, 0, 0, 0, 1, 1]",1
4,0,183,"[8, 3, 5, 4, 7, 5, 7, 4, 5, 3]","[0, 0, 0, 0, 1, 0, 0, 0, 1, 0]",1
4,0,184,"[6, 7, 6, 7, 7, 6, 9, 6, 6, 6]","[0, 0, 0, 0, 1, 1, 0, 0, 0, 1]",1
4,0,185,"[5, 6, 5, 7, 7, 7, 7, 3, 3, 7]","[0, 0, 0, 0, 0, 0, 0, 0, 0, 0]",1
4,0,186,"[8, 9, 3, 6, 9, 9, 5, 9, 4, 9]","[0, 0, 0, 0, 0, 0, 0, 0, 0, 0]",1
4,0,187,"[5, 6, 6, 4, 6, 4, 8, 6, 6, 6]","[0, 0, 1, 0, 0, 0, 0, 0, 1, 1]",1
4,0,188,"[9, 9, 9, 9, 9, 9, 9, 9, 9, 9]","[0, 1, 1, 1, 0, 1, 1, 0, 1, 0]",1
4,0,189,"[4, 5, 5, 5, 5, 5, 4, 4, 5, 6]","[0, 1, 0, 0, 0, 0, 0, 1, 1, 0]",1
4,0,190,"[4, 6, 4, 5, 6, 4, 2, 6, 5, 3]","[0, 0, 0, 1, 0, 0, 0, 0, 0, 0]",1
4,0,191,"[8, 9, 9, 7, 8, 8, 9, 7, 9, 9]","[1, 1, 0, 0, 0, 0, 0, 0, 1, 1]",1
4,0,192,"[9, 9, 9, 9, 9, 8, 9, 9, 9, 9]","[1, 1, 0, 0, 1, 1, 1, 0, 1, 1]",1
4,0,193,"[6, 4, 5, 5, 5, 5, 5, 7, 9, 5]","[0, 0, 1, 0, 1, 0, 0, 1, 1, 0]",1
4,0,194,"[8, 7, 7, 8, 8, 8, 6, 3, 8, 6]","[0, 1, 0, 1, 1, 1, 0, 0, 1, 0]",1
4,0,195,"[1, 1, 7, 4, 4, 4, 1, 4, 4, 1]","[0, 0, 1, 0, 0, 0, 0, 0, 0, 0]",1
4,0,196,"[4, 5, 3, 3, 3, 3, 4, 3, 3, 3]","[0, 0, 0, 0, 0, 1, 0, 0, 0, 0]",1
4,0,197,"[6, 8, 7, 7, 1, 8, 7, 8, 7, 8]","[0, 0, 0, 0, 0, 0, 0, 1, 0, 0]",1
4,0,198,"[5, 5, 4, 5, 5, 2, 3, 4, 5, 1]","[1, 0, 0, 0, 0, 0, 0, 0, 0, 0]",1
4,0,199,"[6, 4, 6, 6, 6, 2, 6, 7, 6, 7]","[1, 0, 0, 1, 0, 0, 0, 1, 0, 0]",1
4,0,200,"[7, 6, 6, 6, 5, 6, 6, 4, 6, 6]","[1, 0, 0, 1, 1, 0, 0, 0, 0, 0]",1
4,0,201,"[7, 6, 8, 7, 9, 9, 8, 7, 7, 5]","[0, 0, 0, 0, 0, 0, 0, 0, 0, 0]",1
4,0,202,"[9, 5, 6, 8, 4, 6, 6, 5, 3, 5]","[1, 0, 0, 0, 0, 0, 0, 0, 0, 1]",1
4,0,203,"[3, 3, 3, 3, 3, 2, 4, 4, 3, 4]","[0, 0, 0, 0, 0, 0, 0, 0, 0, 0]",1
4,0,204,"[8, 8, 7, 8, 8, 8, 8, 8, 8, 7]","[0, 1, 1, 0, 0, 1, 0, 0, 1, 1]",1
4,0,205,"[6, 4, 5, 5, 5, 3, 4, 5, 5, 4]","[1, 0, 1, 1, 1, 0, 0, 0, 0, 1]",1
4,0,206,"[6, 8, 6, 7, 7, 7, 6, 7, 8, 8]","[0, 0, 0, 0, 0, 0, 0, 0, 0, 0]",1
4,0,207,"[4, 4, 4, 4, 4, 4, 4, 4, 3, 4]","[0, 0, 0, 0, 0, 1, 0, 0, 1, 0]",1
4,0,208,"[3, 4, 3, 2, 9, 3, 3, 9, 7, 5]","[1, 1, 0, 1, 1, 0, 1, 0, 0, 0]",1
4,0,209,"[6, 6, 6, 7, 6, 5, 6, 5, 7, 6]","[0, 0, 0, 1, 0, 1, 1, 0, 1, 1]",1
4,1,0,"[4, 8, 7, 4, 4, 4, 4, 1, 3, 8]","[0, 0, 0, 0, 0, 0, 0, 0, 0, 1]",1
4,1,1,"[5, 4, 4, 5, 4, 4, 4, 4, 4, 4]","[0, 1, 1, 0, 1, 1, 0, 1, 0, 0]",1
4,1,2,"[2, 2, 4, 2, 2, 5, 2, 1, 1, 1]","[0, 0, 0, 0, 0, 0, 0, 0, 0, 0]",1
4,1,3,"[4, 5, 4, 5, 6, 6, 6, 8, 6, 1]","[0, 1, 0, 0, 1, 1, 1, 0, 0, 0]",1
4,1,4,"[3, 3, 3, 3, 2, 3, 3, 2, 3, 9]","[0, 0, 0, 0, 0, 0, 0, 0, 0, 0]",1
4,1,5,"[4, 4, 5, 3, 3, 6, 3, 3, 4, 3]","[0, 0, 1, 0, 0, 0, 1, 0, 1, 0]",1
4,1,6,"[4, 4, 4, 4, 4, 3, 3, 3, 3, 3]","[1, 0, 0, 0, 0, 0, 0, 0, 0, 0]",1
4,1,7,"[4, 6, 6, 1, 5, 8, 3, 5, 5, 6]","[0, 0, 0, 0, 0, 0, 0, 0, 1, 1]",1
4,1,8,"[3, 5, 4, 4, 4, 4, 4, 4, 4, 4]","[1, 1, 0, 0, 0, 0, 0, 1, 0, 0]",1
4,1,9,"[4, 3, 5, 2, 4, 3, 4, 4, 3, 6]","[0, 0, 0, 0, 0, 1, 1, 1, 0, 0]",1
4,1,10,"[4, 4, 4, 4, 4, 3, 5, 4, 4, 2]","[0, 0, 1, 1, 0, 0, 0, 0, 0, 0]",1
4,1,11,"[2, 4, 4, 2, 2, 3, 2, 2, 3, 2]","[0, 0, 0, 0, 0, 0, 0, 0, 1, 0]",1
4,1,12,"[3, 5, 3, 3, 2, 3, 3, 2, 3, 3]","[0, 1, 0, 0, 0, 0, 1, 0, 0, 0]",1
4,1,13,"[5, 3, 6, 3, 4, 5, 5, 4, 5, 4]","[0, 0, 0, 0, 0, 0, 0, 0, 0, 0]",1
4,1,14,"[3, 3, 3, 3, 6, 3, 7, 3, 3, 1]","[0, 0, 0, 0, 0, 0, 1, 0, 0, 0]",1
4,1,15,"[3, 3, 3, 3, 3, 3, 5, 6, 3, 3]","[0, 0, 0, 0, 0, 0, 0, 0, 0, 0]",1
4,1,16,"[7, 8, 3, 5, 8, 5, 3, 7, 5, 5]","[1, 1, 0, 0, 0, 0, 1, 1, 0, 1]",1
4,1,17,"[6, 5, 6, 6, 5, 5, 6, 5, 7, 5]","[0, 0, 0, 0, 1, 1, 1, 0, 1, 0]",1
4,1,18,"[4, 4, 5, 4, 4, 4, 3, 9, 1, 4]","[0, 0, 1, 0, 0, 0, 0, 1, 0, 1]",1
4,1,19,"[3, 2, 3, 2, 3, 3, 3, 3, 2, 3]","[0, 0, 0, 0, 1, 0, 0, 0, 0, 0]",1
4,1,20,"[4, 2, 4, 2, 5, 1, 3, 3, 4, 7]","[1, 0, 1, 0, 1, 0, 0, 0, 0, 1]",1
4,1,21,"[4, 6, 6, 5, 5, 7, 7, 7, 6, 6]","[0, 1, 0, 0, 1, 0, 0, 0, 0, 1]",1
4,1,22,"[3, 4, 4, 3, 4, 4, 4, 4, 4, 4]","[0, 0, 0, 0, 0, 0, 0, 0, 0, 1]",1
4,1,23,"[4, 3, 4, 3, 4, 4, 4, 3, 2, 4]","[0, 0, 0, 0, 0, 0, 0, 0, 0, 0]",1
4,1,24,"[8, 4, 4, 5, 6, 5, 4, 2, 6, 4]","[1, 1, 0, 1, 0, 0, 0, 0, 0, 1]",1
4,1,25,"[3, 3, 2, 3, 3, 3, 6, 3, 3, 3]","[0, 0, 0, 0, 0, 0, 0, 0, 0, 0]",1
4,1,26,"[9, 6, 5, 5, 5, 6, 9, 7, 9, 9]","[0, 0, 0, 0, 0, 0, 0, 0, 0, 0]",1
4,1,27,"[4, 4, 3, 4, 4, 4, 4, 4, 4, 4]","[1, 0, 0, 0, 1, 0, 1, 0, 0, 0]",1
4,1,28,"[4, 4, 4, 3, 4, 3, 4, 4, 4, 4]","[0, 0, 0, 0, 0, 1, 0, 1, 0, 1]",1
4,1,29,"[9, 9, 9, 7, 9, 9, 7, 9, 8, 9]","[1, 0, 0, 0, 1, 0, 0, 1, 0, 0]",1
4,1,30,"[3, 4, 2, 3, 3, 3, 4, 2, 3, 1]","[0, 0, 0, 0, 1, 0, 0, 0, 0, 0]",1
4,1,31,"[3, 4, 3, 3, 3, 4, 3, 4, 3, 3]","[0, 0, 0, 0, 0, 0, 0, 0, 0, 1]",1
4,1,32,"[3, 6, 7, 3, 3, 4, 3, 2, 3, 8]","[0, 1, 1, 1, 0, 1, 0, 1, 0, 1]",1
4,1,33,"[3, 3, 2, 1, 2, 2, 1, 2, 3, 2]","[0, 0, 0, 0, 0, 0, 0, 0, 0, 0]",1
4,1,34,"[1, 6, 5, 5, 5, 5, 6, 7, 6, 5]","[0, 0, 0, 1, 0, 0, 0, 0, 0, 0]",1
4,1,35,"[2, 3, 2, 2, 2, 2, 3, 2, 2, 2]","[0, 0, 0, 0, 0, 0, 0, 0, 0, 0]",1
4,1,36,"[3, 5, 5, 5, 6, 4, 6, 4, 2, 3]","[0, 1, 0, 0, 1, 0, 0, 0, 0, 0]",1
4,1,37,"[4, 5, 4, 5, 5, 4, 4, 8, 5, 3]","[0, 0, 0, 0, 0, 0, 0, 1, 0, 1]",1
4,1,38,"[4, 5, 3, 3, 3, 4, 3, 4, 3, 3]","[1, 0, 0, 1, 0, 0, 1, 0, 0, 1]",1
4,1,39,"[1, 2, 3, 1, 1, 1, 1, 7, 1, 1]","[0, 0, 1, 0, 0, 1, 0, 1, 0, 0]",1
4,1,40,"[3, 2, 2, 2, 2, 2, 2, 2, 2, 2]","[0, 0, 0, 0, 0, 0, 0, 0, 0, 0]",1
4,1,41,"[7, 3, 3, 3, 4, 6, 3, 8, 4, 4]","[0, 0, 0, 0, 0, 1, 0, 0, 0, 0]",1
4,1,42,"[2, 1, 1, 1, 2, 1, 2, 1, 3, 4]","[0, 0, 0, 0, 0, 0, 0, 0, 0, 0]",1
4,1,43,"[4, 3, 3, 2, 6, 3, 3, 4, 4, 4]","[0, 0, 0, 0, 0, 0, 1, 0, 1, 0]",1
4,1,44,"[4, 4, 4, 4, 4, 4, 4, 3, 4, 4]","[0, 0, 0, 0, 0, 0, 1, 0, 0, 0]",1
4,1,45,"[4, 7, 3, 5, 2, 7, 4, 4, 5, 2]","[0, 0, 0, 0, 0, 0, 0, 0, 0, 0]",1
4,1,46,"[3, 3, 3, 5, 3, 3, 3, 3, 3, 3]","[0, 0, 1, 0, 1, 0, 0, 0, 0, 0]",1
4,1,47,"[4, 4, 4, 4, 4, 4, 4, 4, 4, 4]","[0, 0, 0, 0, 0, 0, 0, 0, 1, 0]",1
4,1,48,"[3, 3, 4, 3, 3, 2, 3, 3, 2, 3]","[0, 0, 0, 0, 0, 0, 0, 0, 0, 0]",1
4,1,49,"[7, 4, 3, 4, 1, 5, 6, 5, 4, 1]","[1, 0, 0, 0, 0, 0, 1, 0, 0, 0]",1
4,1,50,"[3, 4, 4, 3, 7, 4, 5, 3, 4, 7]","[0, 0, 1, 0, 0, 0, 1, 0, 0, 1]",1
4,1,51,"[3, 3, 3, 3, 6, 4, 2, 3, 4, 4]","[0, 0, 0, 1, 0, 1, 0, 0, 0, 0]",1
4,1,52,"[2, 2, 4, 2, 2, 2, 2, 3, 3, 3]","[0, 0, 0, 0, 0, 0, 0, 1, 0, 0]",1
4,1,53,"[4, 4, 3, 4, 4, 4, 4, 5, 4, 4]","[0, 0, 1, 0, 0, 0, 0, 0, 0, 0]",1
4,1,54,"[4, 2, 6, 2, 2, 1, 1, 6, 3, 4]","[0, 0, 0, 0, 0, 0, 0, 1, 0, 1]",1
4,1,55,"[5, 6, 5, 5, 5, 9, 4, 5, 5, 3]","[0, 1, 0, 1, 0, 0, 1, 0, 1, 0]",1
4,1,56,"[6, 5, 2, 4, 2, 2, 3, 3, 2, 4]","[1, 1, 0, 1, 0, 0, 1, 0, 0, 0]",1
4,1,57,"[5, 4, 3, 4, 4, 6, 6, 2, 4, 5]","[0, 0, 1, 0, 0, 0, 1, 0, 0, 0]",1
4,1,58,"[2, 2, 3, 7, 3, 7, 4, 3, 3, 7]","[0, 0, 1, 0, 0, 0, 0, 0, 0, 0]",1
4,1,59,"[2, 3, 4, 5, 3, 1, 4, 4, 3, 3]","[1, 1, 0, 0, 0, 0, 0, 0, 0, 0]",1
4,1,60,"[7, 1, 3, 4, 1, 3, 2, 3, 4, 2]","[1, 0, 1, 0, 0, 0, 0, 1, 0, 0]",1
4,1,61,"[5, 4, 5, 4, 4, 7, 2, 3, 4, 5]","[1, 0, 0, 0, 1, 1, 1, 0, 0, 1]",1
4,1,62,"[8, 8, 9, 7, 3, 6, 8, 9, 9, 9]","[0, 1, 1, 1, 0, 0, 0, 0, 0, 0]",1
4,1,63,"[3, 1, 3, 2, 3, 3, 2, 4, 3, 3]","[0, 1, 0, 0, 0, 0, 0, 1, 0, 0]",1
4,1,64,"[6, 7, 7, 7, 6, 7, 6, 7, 6, 7]","[0, 0, 1, 0, 0, 0, 0, 1, 0, 0]",1
4,1,65,"[5, 3, 3, 4, 1, 1, 3, 3, 6, 3]","[0, 0, 0, 0, 0, 0, 0, 0, 1, 0]",1
4,1,66,"[5, 4, 4, 5, 5, 5, 6, 3, 6, 5]","[1, 0, 0, 0, 1, 1, 0, 0, 0, 1]",1
4,1,67,"[5, 5, 6, 7, 4, 3, 3, 4, 3, 3]","[0, 0, 0, 1, 0, 0, 0, 1, 0, 0]",1
4,1,68,"[4, 6, 5, 7, 6, 6, 4, 4, 5, 9]","[1, 1, 0, 1, 0, 0, 0, 0, 0, 0]",1
4,1,69,"[3, 3, 5, 4, 1, 4, 8, 2, 4, 3]","[0, 0, 0, 0, 0, 0, 1, 0, 0, 0]",1
4,1,70,"[5, 5, 6, 5, 5, 4, 5, 5, 8, 5]","[0, 0, 1, 0, 0, 0, 1, 1, 0, 0]",1
4,1,71,"[4, 7, 4, 4, 4, 7, 4, 4, 4, 3]","[0, 0, 1, 1, 1, 0, 1, 0, 0, 0]",1
4,1,72,"[6, 6, 7, 9, 4, 5, 6, 6, 5, 6]","[0, 1, 0, 1, 1, 0, 0, 1, 1, 1]",1
4,1,73,"[1, 1, 1, 3, 3, 1, 4, 3, 1, 4]","[0, 1, 0, 0, 1, 1, 1, 0, 1, 1]",1
4,1,74,"[3, 3, 3, 2, 3, 3, 1, 1, 2, 3]","[0, 0, 0, 0, 0, 0, 0, 0, 0, 0]",1
4,1,75,"[4, 3, 3, 3, 4, 3, 3, 4, 4, 3]","[0, 1, 0, 1, 0, 1, 0, 0, 0, 0]",1
4,1,76,"[3, 6, 5, 6, 3, 1, 1, 3, 3, 1]","[0, 0, 0, 0, 0, 0, 0, 0, 0, 0]",1
4,1,77,"[3, 1, 1, 3, 4, 5, 4, 4, 5, 4]","[1, 1, 0, 0, 1, 0, 0, 0, 1, 0]",1
4,1,78,"[5, 8, 6, 5, 5, 6, 7, 5, 6, 6]","[0, 1, 0, 1, 0, 0, 1, 0, 0, 1]",1
4,1,79,"[5, 5, 4, 5, 5, 5, 4, 5, 5, 4]","[0, 0, 0, 1, 1, 1, 0, 0, 1, 1]",1
4,1,80,"[8, 8, 8, 7, 7, 8, 8, 6, 8, 8]","[0, 0, 0, 0, 0, 0, 1, 0, 0, 0]",1
4,1,81,"[6, 4, 6, 5, 5, 4, 1, 5, 5, 6]","[0, 1, 0, 1, 0, 1, 0, 0, 0, 1]",1
4,1,82,"[4, 6, 4, 6, 3, 4, 4, 4, 3, 4]","[0, 0, 0, 0, 0, 0, 0, 0, 0, 0]",1
4,1,83,"[7, 8, 2, 3, 6, 6, 7, 7, 5, 5]","[0, 1, 1, 0, 0, 0, 0, 1, 0, 0]",1
4,1,84,"[3, 3, 5, 3, 3, 1, 2, 4, 3, 3]","[0, 0, 0, 0, 0, 0, 0, 0, 0, 0]",1
4,1,85,"[3, 3, 2, 2, 3, 3, 3, 3, 3, 3]","[1, 0, 0, 0, 0, 0, 0, 0, 0, 0]",1
4,1,86,"[6, 6, 7, 6, 5, 5, 7, 7, 7, 6]","[1, 1, 0, 0, 0, 0, 0, 0, 0, 1]",1
4,1,87,"[1, 3, 4, 4, 2, 5, 3, 2, 4, 4]","[0, 1, 0, 0, 0, 0, 0, 0, 0, 0]",1
4,1,88,"[2, 3, 4, 2, 2, 1, 2, 2, 2, 3]","[1, 1, 0, 1, 0, 0, 0, 0, 0, 0]",1
4,1,89,"[3, 2, 4, 3, 3, 4, 3, 3, 3, 3]","[0, 0, 1, 0, 0, 1, 0, 0, 0, 0]",1
4,1,90,"[6, 6, 7, 7, 6, 7, 5, 6, 6, 6]","[1, 1, 1, 0, 0, 1, 1, 0, 0, 0]",1
4,1,91,"[3, 4, 3, 3, 1, 2, 4, 4, 4, 3]","[0, 1, 0, 0, 0, 0, 0, 0, 0, 1]",1
4,1,92,"[3, 4, 5, 4, 2, 3, 4, 3, 4, 3]","[0, 0, 0, 0, 0, 0, 0, 0, 0, 0]",1
4,1,93,"[1, 1, 1, 3, 7, 4, 4, 1, 1, 8]","[0, 0, 0, 0, 1, 0, 0, 1, 0, 0]",1
4,1,94,"[6, 4, 6, 4, 7, 4, 8, 8, 3, 3]","[1, 1, 1, 0, 1, 0, 1, 1, 1, 0]",1
4,1,95,"[4, 4, 3, 1, 4, 4, 4, 4, 4, 4]","[0, 0, 0, 0, 0, 0, 0, 0, 0, 0]",1
4,1,96,"[2, 7, 2, 2, 5, 6, 5, 3, 7, 1]","[0, 0, 0, 0, 0, 0, 0, 0, 0, 0]",1
4,1,97,"[2, 3, 2, 2, 3, 3, 3, 1, 1, 3]","[0, 0, 0, 0, 1, 0, 0, 0, 0, 0]",1
4,1,98,"[3, 3, 3, 1, 3, 3, 9, 3, 3, 3]","[0, 0, 1, 1, 0, 0, 0, 0, 1, 0]",1
4,1,99,"[2, 3, 3, 3, 2, 2, 2, 5, 3, 3]","[0, 0, 1, 1, 0, 0, 1, 0, 0, 0]",1
4,1,100,"[3, 2, 2, 2, 3, 2, 3, 3, 2, 3]","[0, 0, 1, 0, 0, 0, 0, 0, 0, 0]",1
4,1,101,"[4, 6, 3, 3, 3, 2, 4, 4, 4, 3]","[0, 0, 0, 0, 0, 0, 0, 0, 0, 0]",1
4,1,102,"[3, 1, 1, 1, 4, 2, 2, 3, 1, 1]","[0, 0, 0, 0, 0, 0, 0, 0, 0, 0]",1
4,1,103,"[2, 2, 3, 2, 2, 2, 1, 2, 2, 2]","[0, 0, 0, 0, 0, 0, 0, 0, 0, 0]",1
4,1,104,"[4, 5, 7, 7, 5, 5, 8, 5, 5, 5]","[1, 1, 0, 0, 1, 0, 0, 0, 0, 0]",1
4,1,105,"[8, 4, 6, 8, 9, 4, 4, 4, 5, 3]","[1, 0, 1, 1, 0, 0, 0, 0, 0, 0]",1
4,1,106,"[4, 4, 5, 5, 5, 4, 5, 5, 4, 4]","[0, 0, 0, 0, 0, 0, 0, 1, 0, 0]",1
4,1,107,"[2, 2, 3, 2, 2, 3, 1, 4, 2, 2]","[0, 0, 0, 0, 0, 0, 0, 1, 0, 0]",1
4,1,108,"[4, 3, 6, 6, 5, 5, 4, 4, 4, 5]","[0, 0, 1, 0, 0, 1, 0, 0, 0, 0]",1
4,1,109,"[4, 4, 4, 4, 5, 4, 4, 4, 4, 4]","[1, 1, 0, 0, 0, 0, 0, 0, 0, 1]",1
4,1,110,"[4, 4, 4, 5, 4, 5, 6, 2, 4, 4]","[0, 0, 0, 1, 0, 1, 1, 0, 0, 1]",1
4,1,111,"[5, 5, 6, 3, 5, 4, 4, 5, 3, 4]","[1, 0, 1, 0, 0, 1, 0, 1, 0, 0]",1
4,1,112,"[5, 5, 4, 5, 5, 6, 4, 7, 4, 5]","[0, 0, 0, 0, 0, 1, 0, 1, 0, 0]",1
4,1,113,"[5, 4, 7, 4, 3, 3, 6, 3, 9, 5]","[0, 1, 0, 1, 1, 0, 0, 0, 1, 0]",1
4,1,114,"[3, 4, 4, 4, 4, 4, 4, 3, 4, 4]","[0, 1, 0, 0, 0, 0, 0, 0, 0, 0]",1
4,1,115,"[7, 7, 6, 4, 6, 4, 2, 3, 5, 4]","[0, 1, 0, 0, 1, 1, 1, 0, 0, 0]",1
4,1,116,"[5, 3, 4, 4, 4, 4, 5, 5, 4, 7]","[0, 0, 0, 0, 0, 0, 0, 0, 0, 0]",1
4,1,117,"[2, 3, 3, 4, 3, 3, 4, 3, 2, 2]","[0, 0, 0, 1, 0, 0, 1, 0, 0, 0]",1
4,1,118,"[4, 5, 2, 3, 3, 3, 5, 4, 8, 9]","[1, 0, 0, 0, 0, 0, 0, 0, 1, 1]",1
4,1,119,"[6, 5, 5, 6, 5, 6, 6, 5, 7, 6]","[1, 1, 0, 1, 1, 0, 0, 0, 0, 1]",1
4,1,120,"[6, 6, 5, 4, 6, 5, 5, 5, 5, 6]","[0, 0, 0, 1, 0, 0, 0, 0, 0, 0]",1
4,1,121,"[5, 5, 4, 5, 6, 5, 6, 5, 5, 5]","[0, 1, 0, 0, 1, 1, 1, 1, 0, 1]",1
4,1,122,"[3, 3, 3, 3, 3, 3, 8, 3, 3, 3]","[0, 0, 0, 0, 0, 0, 0, 0, 0, 0]",1
4,1,123,"[4, 2, 3, 1, 4, 5, 2, 3, 2, 4]","[0, 0, 0, 0, 0, 0, 1, 0, 0, 1]",1
4,1,124,"[6, 3, 5, 4, 3, 3, 3, 3, 4, 4]","[0, 0, 0, 1, 1, 0, 1, 0, 0, 0]",1
4,1,125,"[3, 2, 3, 3, 5, 3, 3, 3, 3, 3]","[0, 1, 0, 1, 0, 0, 0, 0, 0, 0]",1
4,1,126,"[4, 4, 5, 4, 4, 5, 4, 6, 4, 4]","[1, 0, 1, 0, 1, 0, 1, 1, 0, 1]",1
4,1,127,"[4, 4, 4, 3, 4, 5, 4, 4, 4, 4]","[1, 0, 0, 0, 1, 0, 0, 1, 0, 0]",1
4,1,128,"[4, 3, 5, 5, 5, 4, 6, 4, 5, 4]","[0, 0, 0, 0, 0, 0, 1, 1, 0, 0]",1
4,1,129,"[6, 8, 4, 2, 5, 4, 4, 3, 3, 3]","[1, 1, 1, 0, 0, 0, 1, 1, 1, 0]",1
4,1,130,"[4, 5, 5, 5, 8, 5, 5, 5, 5, 5]","[0, 0, 1, 0, 1, 0, 0, 0, 0, 1]",1
4,1,131,"[5, 1, 1, 1, 1, 1, 3, 1, 1, 8]","[1, 0, 0, 0, 0, 0, 1, 0, 0, 1]",1
4,1,132,"[3, 3, 5, 2, 2, 6, 5, 4, 4, 4]","[0, 0, 0, 0, 0, 0, 0, 0, 0, 0]",1
4,1,133,"[1, 3, 3, 3, 3, 3, 3, 1, 2, 2]","[0, 0, 0, 0, 0, 1, 0, 0, 0, 0]",1
4,1,134,"[3, 3, 4, 3, 3, 3, 5, 3, 4, 3]","[0, 0, 0, 0, 0, 0, 0, 0, 0, 0]",1
4,1,135,"[6, 6, 5, 4, 6, 4, 6, 4, 6, 4]","[0, 0, 0, 1, 1, 0, 0, 0, 0, 0]",1
4,1,136,"[3, 6, 6, 6, 4, 4, 6, 9, 4, 7]","[1, 0, 1, 0, 0, 1, 0, 0, 1, 1]",1
4,1,137,"[2, 5, 2, 6, 4, 1, 7, 1, 2, 2]","[0, 1, 0, 0, 0, 0, 0, 0, 0, 0]",1
4,1,138,"[3, 3, 2, 4, 2, 3, 1, 3, 2, 2]","[0, 0, 0, 0, 0, 0, 0, 0, 0, 0]",1
4,1,139,"[3, 5, 3, 2, 3, 3, 3, 4, 3, 3]","[0, 0, 1, 0, 0, 0, 0, 0, 0, 1]",1
4,1,140,"[5, 7, 5, 8, 4, 7, 3, 6, 6, 7]","[0, 1, 0, 0, 0, 1, 0, 0, 0, 0]",1
4,1,141,"[3, 5, 3, 9, 5, 6, 3, 4, 1, 5]","[0, 0, 0, 0, 1, 1, 0, 1, 0, 0]",1
4,1,142,"[7, 7, 4, 4, 4, 7, 2, 2, 1, 6]","[0, 0, 1, 0, 0, 0, 1, 1, 0, 1]",1
4,1,143,"[3, 3, 2, 4, 4, 3, 4, 6, 4, 3]","[0, 0, 0, 0, 0, 0, 1, 0, 0, 0]",1
4,1,144,"[4, 3, 4, 4, 4, 4, 4, 4, 5, 3]","[1, 1, 1, 0, 0, 0, 1, 0, 0, 0]",1
4,1,145,"[4, 6, 9, 5, 5, 5, 3, 5, 5, 4]","[0, 0, 1, 0, 0, 0, 0, 0, 0, 0]",1
4,1,146,"[5, 5, 5, 5, 1, 4, 6, 5, 4, 5]","[0, 0, 0, 0, 0, 0, 0, 0, 0, 0]",1
4,1,147,"[5, 6, 4, 5, 4, 3, 4, 4, 5, 5]","[1, 0, 0, 1, 0, 0, 0, 1, 0, 1]",1
4,1,148,"[5, 4, 4, 3, 4, 4, 2, 4, 4, 5]","[0, 0, 0, 0, 0, 1, 0, 0, 0, 0]",1
4,1,149,"[3, 5, 2, 1, 2, 2, 3, 3, 3, 3]","[0, 1, 0, 0, 0, 0, 0, 0, 1, 0]",1
4,1,150,"[5, 4, 4, 4, 4, 4, 4, 4, 1, 4]","[0, 1, 0, 0, 0, 0, 0, 0, 0, 0]",1
4,1,151,"[3, 3, 3, 3, 3, 3, 3, 4, 8, 3]","[0, 1, 0, 0, 1, 0, 0, 0, 1, 0]",1
4,1,152,"[2, 3, 3, 4, 4, 3, 2, 3, 6, 5]","[0, 0, 0, 0, 0, 0, 0, 0, 0, 0]",1
4,1,153,"[2, 6, 3, 4, 2, 3, 5, 5, 3, 3]","[0, 1, 0, 0, 0, 0, 0, 0, 0, 0]",1
4,1,154,"[3, 4, 3, 4, 3, 4, 4, 4, 3, 3]","[1, 0, 0, 0, 0, 0, 1, 0, 0, 0]",1
4,1,155,"[7, 6, 7, 7, 1, 5, 6, 7, 5, 1]","[1, 0, 0, 0, 0, 0, 0, 0, 0, 0]",1
4,1,156,"[4, 4, 5, 4, 4, 4, 4, 4, 4, 4]","[0, 0, 0, 1, 1, 0, 0, 0, 0, 0]",1
4,1,157,"[4, 3, 4, 4, 4, 4, 4, 3, 3, 5]","[0, 0, 0, 0, 0, 0, 0, 0, 1, 0]",1
4,1,158,"[4, 1, 3, 6, 2, 2, 3, 2, 2, 2]","[0, 0, 0, 1, 0, 0, 1, 0, 0, 0]",1
4,1,159,"[4, 5, 4, 3, 4, 4, 4, 4, 4, 4]","[0, 1, 0, 1, 0, 0, 1, 0, 1, 0]",1
4,1,160,"[4, 1, 7, 8, 8, 4, 6, 2, 4, 5]","[0, 0, 0, 1, 0, 0, 0, 0, 0, 0]",1
4,1,161,"[5, 5, 6, 6, 5, 5, 6, 5, 3, 8]","[0, 0, 0, 0, 0, 0, 1, 1, 0, 1]",1
4,1,162,"[2, 7, 2, 5, 9, 8, 9, 4, 5, 9]","[0, 0, 0, 0, 0, 0, 0, 0, 1, 0]",1
4,1,163,"[5, 6, 2, 3, 7, 4, 5, 5, 2, 3]","[1, 1, 0, 0, 0, 1, 0, 0, 1, 0]",1
4,1,164,"[8, 8, 7, 7, 9, 5, 9, 7, 8, 7]","[1, 0, 0, 0, 1, 0, 1, 1, 0, 0]",1
4,1,165,"[3, 3, 3, 4, 3, 2, 2, 3, 1, 3]","[0, 0, 0, 1, 0, 0, 0, 0, 0, 1]",1
4,1,166,"[5, 8, 8, 6, 3, 7, 7, 7, 7, 6]","[0, 1, 0, 0, 0, 1, 0, 0, 0, 0]",1
4,1,167,"[9, 9, 9, 9, 8, 8, 9, 9, 9, 9]","[0, 0, 1, 0, 0, 1, 0, 0, 1, 1]",1
4,1,168,"[6, 3, 6, 3, 5, 4, 4, 5, 4, 4]","[0, 0, 1, 0, 0, 0, 0, 1, 0, 0]",1
4,1,169,"[5, 5, 6, 7, 6, 5, 6, 5, 6, 5]","[0, 1, 0, 1, 0, 0, 0, 0, 0, 1]",1
4,1,170,"[5, 5, 7, 3, 3, 5, 5, 8, 5, 3]","[1, 0, 0, 0, 0, 0, 0, 0, 0, 0]",1
4,1,171,"[5, 4, 8, 5, 5, 4, 7, 7, 4, 7]","[0, 0, 1, 1, 0, 1, 1, 1, 0, 1]",1
4,1,172,"[4, 8, 4, 4, 5, 4, 5, 5, 3, 5]","[1, 0, 0, 0, 1, 0, 0, 0, 0, 0]",1
4,1,173,"[2, 3, 4, 3, 4, 5, 3, 4, 4, 2]","[0, 0, 0, 0, 1, 0, 0, 0, 0, 0]",1
4,1,174,"[5, 5, 5, 5, 7, 4, 5, 3, 6, 4]","[0, 0, 0, 1, 0, 0, 0, 1, 1, 1]",1
4,1,175,"[3, 2, 3, 3, 3, 4, 3, 2, 4, 3]","[1, 0, 0, 0, 0, 0, 0, 0, 0, 1]",1
4,1,176,"[5, 5, 5, 4, 5, 5, 5, 1, 4, 6]","[1, 0, 1, 0, 0, 0, 0, 0, 0, 1]",1
4,1,177,"[4, 5, 5, 4, 1, 6, 5, 5, 5, 5]","[0, 0, 0, 0, 0, 1, 0, 0, 1, 0]",1
4,1,178,"[5, 5, 5, 5, 4, 5, 4, 4, 3, 3]","[0, 0, 0, 0, 0, 0, 0, 0, 0, 0]",1
4,1,179,"[4, 7, 5, 3, 4, 6, 2, 2, 6, 3]","[0, 1, 0, 0, 0, 0, 0, 0, 0, 0]",1
4,1,180,"[3, 3, 2, 1, 2, 2, 2, 2, 2, 2]","[0, 0, 0, 0, 0, 0, 0, 0, 0, 0]",1
4,1,181,"[2, 6, 2, 2, 6, 6, 5, 2, 2, 6]","[0, 1, 1, 0, 0, 0, 0, 0, 0, 0]",1
4,1,182,"[5, 4, 2, 3, 4, 4, 4, 5, 4, 5]","[0, 0, 0, 1, 1, 0, 0, 0, 0, 0]",1
4,1,183,"[6, 6, 5, 2, 6, 3, 6, 6, 6, 4]","[1, 0, 0, 0, 0, 1, 0, 0, 0, 1]",1
4,1,184,"[3, 4, 3, 3, 4, 3, 3, 2, 3, 1]","[0, 0, 0, 0, 0, 0, 0, 0, 0, 0]",1
4,1,185,"[6, 6, 6, 6, 6, 6, 4, 4, 5, 5]","[1, 0, 0, 1, 1, 0, 0, 1, 0, 1]",1
4,1,186,"[3, 5, 3, 5, 4, 4, 4, 3, 1, 7]","[0, 0, 0, 0, 0, 0, 0, 0, 0, 0]",1
4,1,187,"[5, 5, 4, 4, 4, 3, 4, 3, 3, 4]","[0, 1, 0, 1, 1, 0, 0, 0, 0, 1]",1
4,1,188,"[2, 3, 2, 2, 2, 7, 2, 5, 3, 2]","[0, 0, 0, 0, 0, 0, 0, 0, 1, 1]",1
4,1,189,"[4, 3, 2, 2, 3, 3, 3, 2, 3, 3]","[0, 0, 0, 0, 0, 0, 0, 0, 1, 0]",1
4,1,190,"[3, 5, 2, 3, 2, 3, 4, 3, 2, 2]","[0, 1, 0, 0, 1, 0, 0, 0, 0, 0]",1
4,1,191,"[2, 3, 3, 3, 8, 3, 3, 3, 2, 3]","[0, 0, 0, 0, 1, 0, 0, 0, 0, 1]",1
4,1,192,"[7, 3, 3, 4, 3, 3, 3, 3, 4, 3]","[0, 0, 0, 0, 1, 0, 0, 0, 0, 0]",1
4,1,193,"[3, 4, 3, 3, 5, 3, 3, 5, 3, 2]","[1, 1, 0, 0, 1, 1, 0, 0, 0, 0]",1
4,1,194,"[4, 6, 6, 4, 6, 1, 3, 2, 2, 4]","[0, 0, 0, 1, 1, 0, 1, 0, 1, 0]",1
4,1,195,"[2, 1, 1, 1, 1, 3, 1, 1, 2, 1]","[0, 0, 1, 0, 0, 0, 0, 1, 0, 0]",1
4,1,196,"[4, 4, 3, 3, 3, 3, 2, 3, 4, 3]","[0, 0, 0, 0, 0, 0, 0, 1, 1, 0]",1
4,1,197,"[3, 4, 4, 4, 4, 4, 4, 5, 4, 4]","[0, 0, 0, 0, 0, 0, 0, 0, 0, 0]",1
4,1,198,"[4, 4, 5, 3, 2, 3, 4, 2, 4, 3]","[0, 0, 0, 0, 0, 0, 0, 0, 0, 0]",1
4,1,199,"[3, 3, 3, 5, 3, 3, 3, 4, 3, 3]","[0, 0, 0, 0, 0, 0, 0, 1, 0, 1]",1
4,1,200,"[5, 6, 5, 5, 5, 4, 8, 8, 5, 8]","[0, 0, 0, 0, 1, 0, 0, 0, 1, 0]",1
4,1,201,"[4, 4, 6, 2, 7, 3, 5, 4, 2, 3]","[0, 1, 1, 1, 1, 0, 1, 1, 1, 0]",1
4,1,202,"[5, 6, 5, 5, 7, 5, 4, 5, 4, 4]","[0, 1, 0, 0, 1, 0, 0, 0, 0, 1]",1
4,1,203,"[4, 5, 4, 4, 3, 5, 2, 3, 3, 4]","[0, 0, 0, 0, 0, 0, 0, 0, 0, 0]",1
4,1,204,"[8, 8, 7, 8, 8, 5, 7, 9, 8, 5]","[0, 0, 0, 0, 0, 0, 1, 0, 0, 0]",1
4,1,205,"[6, 8, 7, 7, 7, 7, 9, 8, 6, 7]","[0, 0, 0, 0, 0, 1, 0, 0, 0, 0]",1
4,1,206,"[2, 2, 5, 7, 3, 5, 3, 2, 1, 2]","[0, 1, 1, 1, 0, 0, 0, 1, 0, 0]",1
4,1,207,"[4, 3, 5, 4, 4, 2, 3, 4, 4, 3]","[0, 0, 1, 0, 0, 0, 0, 1, 0, 0]",1
4,1,208,"[6, 5, 6, 6, 2, 6, 4, 5, 5, 5]","[0, 1, 0, 1, 0, 0, 0, 0, 0, 0]",1
4,1,209,"[3, 4, 2, 3, 3, 2, 3, 3, 2, 3]","[0, 0, 0, 0, 0, 0, 0, 0, 0, 0]",1
5,0,0,"[8, 8, 7, 8, 8, 8, 8, 9, 7, 8]","[0, 1, 0, 0, 1, 0, 0, 0, 0, 0]",1
5,0,1,"[1, 6, 8, 8, 1, 1, 1, 1, 4, 8]","[0, 0, 0, 0, 0, 0, 0, 1, 0, 0]",1
5,0,2,"[7, 8, 8, 8, 7, 8, 5, 5, 6, 7]","[0, 1, 0, 0, 0, 0, 0, 0, 0, 0]",1
5,0,3,"[4, 6, 6, 7, 6, 6, 7, 5, 6, 5]","[0, 0, 0, 0, 0, 0, 0, 0, 0, 0]",1
5,0,4,"[4, 3, 3, 3, 5, 3, 3, 3, 4, 3]","[0, 0, 0, 1, 0, 0, 0, 0, 1, 0]",1
5,0,5,"[1, 4, 6, 4, 4, 5, 5, 4, 4, 5]","[0, 0, 1, 0, 0, 0, 0, 0, 0, 1]",1
5,0,6,"[5, 5, 4, 4, 4, 4, 5, 9, 4, 3]","[0, 0, 0, 0, 1, 0, 0, 0, 0, 0]",1
5,0,7,"[2, 6, 7, 7, 9, 7, 7, 7, 6, 6]","[1, 0, 0, 1, 0, 1, 1, 0, 1, 1]",1
5,0,8,"[4, 4, 4, 4, 4, 4, 4, 4, 4, 4]","[1, 0, 0, 1, 0, 0, 0, 0, 0, 0]",1
5,0,9,"[4, 5, 4, 6, 5, 4, 3, 1, 5, 3]","[0, 0, 0, 0, 1, 0, 0, 0, 0, 0]",1
5,0,10,"[5, 4, 3, 4, 5, 4, 3, 4, 5, 1]","[0, 0, 1, 0, 0, 0, 0, 0, 0, 0]",1
5,0,11,"[5, 4, 4, 5, 5, 4, 5, 5, 5, 6]","[0, 1, 0, 0, 1, 0, 0, 0, 0, 0]",1
5,0,12,"[6, 6, 6, 6, 6, 6, 6, 6, 6, 6]","[0, 0, 1, 1, 1, 0, 1, 1, 0, 1]",1
5,0,13,"[3, 5, 4, 8, 6, 3, 3, 2, 4, 4]","[0, 0, 0, 0, 0, 0, 0, 0, 1, 1]",1
5,0,14,"[5, 7, 2, 5, 4, 1, 4, 6, 4, 4]","[1, 0, 0, 0, 0, 0, 0, 0, 0, 0]",1
5,0,15,"[4, 4, 5, 4, 4, 4, 3, 4, 4, 4]","[1, 0, 0, 1, 0, 0, 0, 0, 0, 0]",1
5,0,16,"[7, 8, 5, 9, 5, 5, 4, 4, 5, 4]","[1, 0, 0, 0, 0, 0, 0, 1, 1, 0]",1
5,0,17,"[6, 8, 9, 6, 5, 6, 6, 7, 4, 8]","[1, 1, 0, 0, 0, 0, 0, 0, 0, 1]",1
5,0,18,"[5, 5, 3, 6, 9, 5, 7, 5, 5, 8]","[0, 1, 0, 0, 1, 0, 1, 0, 1, 0]",1
5,0,19,"[2, 1, 2, 2, 1, 2, 2, 3, 9, 2]","[0, 0, 0, 0, 0, 0, 0, 0, 0, 0]",1
5,0,20,"[6, 5, 4, 1, 6, 1, 7, 4, 5, 6]","[0, 1, 0, 0, 0, 0, 0, 0, 0, 0]",1
5,0,21,"[9, 2, 3, 9, 2, 3, 3, 3, 4, 9]","[1, 0, 0, 0, 0, 0, 0, 1, 0, 0]",1
5,0,22,"[4, 4, 4, 4, 4, 4, 4, 4, 4, 4]","[0, 0, 0, 0, 0, 0, 0, 1, 0, 0]",1
5,0,23,"[4, 4, 4, 4, 3, 4, 4, 4, 5, 4]","[0, 0, 0, 0, 0, 0, 0, 0, 1, 0]",1
5,0,24,"[2, 7, 6, 4, 3, 2, 4, 2, 5, 6]","[0, 0, 0, 0, 0, 0, 0, 0, 0, 0]",1
5,0,25,"[6, 5, 6, 6, 6, 6, 6, 6, 6, 6]","[0, 0, 0, 0, 0, 0, 0, 0, 1, 0]",1
5,0,26,"[9, 9, 9, 9, 8, 9, 6, 9, 1, 4]","[0, 0, 0, 1, 0, 0, 0, 0, 0, 0]",1
5,0,27,"[7, 7, 7, 7, 7, 7, 7, 7, 7, 7]","[0, 0, 0, 1, 0, 0, 0, 0, 0, 1]",1
5,0,28,"[7, 7, 5, 6, 6, 6, 6, 5, 5, 7]","[0, 0, 1, 0, 0, 0, 0, 0, 0, 0]",1
5,0,29,"[9, 9, 9, 9, 9, 9, 9, 9, 9, 9]","[1, 0, 1, 1, 0, 0, 1, 0, 0, 0]",1
5,0,30,"[4, 2, 6, 6, 5, 6, 3, 6, 6, 5]","[0, 0, 1, 0, 0, 0, 0, 0, 0, 0]",1
5,0,31,"[5, 1, 4, 4, 4, 4, 4, 7, 4, 6]","[0, 0, 0, 0, 0, 0, 0, 0, 0, 0]",1
5,0,32,"[9, 5, 4, 4, 4, 4, 5, 5, 4, 5]","[1, 0, 0, 0, 0, 0, 0, 0, 0, 0]",1
5,0,33,"[3, 3, 3, 3, 3, 4, 3, 3, 3, 3]","[0, 0, 0, 0, 0, 0, 0, 0, 0, 0]",1
5,0,34,"[6, 5, 8, 7, 7, 7, 6, 6, 7, 7]","[0, 1, 1, 0, 1, 0, 0, 0, 1, 0]",1
5,0,35,"[4, 4, 3, 4, 3, 3, 4, 4, 3, 4]","[0, 0, 1, 0, 0, 0, 0, 0, 0, 0]",1
5,0,36,"[9, 7, 5, 7, 4, 9, 9, 9, 5, 5]","[0, 0, 0, 0, 0, 0, 0, 0, 0, 1]",1
5,0,37,"[6, 8, 4, 5, 6, 5, 2, 7, 8, 6]","[0, 0, 0, 0, 0, 0, 1, 0, 0, 1]",1
5,0,38,"[5, 3, 5, 3, 4, 6, 5, 5, 1, 5]","[0, 0, 0, 0, 0, 1, 0, 0, 0, 0]",1
5,0,39,"[1, 6, 1, 1, 4, 6, 1, 2, 1, 1]","[0, 1, 1, 0, 0, 0, 0, 0, 0, 1]",1
5,0,40,"[3, 3, 3, 4, 3, 3, 2, 3, 3, 3]","[0, 0, 0, 0, 0, 0, 0, 0, 0, 0]",1
5,0,41,"[5, 5, 5, 8, 5, 5, 5, 4, 5, 5]","[0, 0, 1, 1, 0, 1, 0, 0, 0, 1]",1
5,0,42,"[2, 4, 4, 2, 3, 3, 3, 9, 3, 2]","[0, 0, 0, 0, 0, 0, 0, 0, 0, 0]",1
5,0,43,"[7, 8, 5, 6, 3, 4, 6, 3, 7, 2]","[1, 0, 0, 0, 0, 0, 0, 0, 0, 0]",1
5,0,44,"[4, 4, 5, 4, 3, 5, 6, 4, 5, 7]","[0, 0, 1, 0, 0, 0, 0, 0, 0, 0]",1
5,0,45,"[4, 4, 5, 6, 2, 6, 4, 4, 4, 5]","[0, 0, 0, 0, 0, 0, 0, 0, 0, 0]",1
5,0,46,"[4, 4, 4, 4, 4, 4, 4, 3, 3, 4]","[0, 0, 0, 0, 0, 0, 0, 0, 0, 0]",1
5,0,47,"[8, 5, 4, 6, 4, 6, 5, 9, 4, 4]","[0, 0, 0, 0, 0, 0, 0, 1, 0, 0]",1
5,0,48,"[6, 6, 5, 5, 4, 4, 5, 5, 5, 6]","[0, 0, 1, 0, 0, 1, 0, 0, 0, 1]",1
5,0,49,"[8, 5, 4, 4, 5, 5, 4, 5, 5, 4]","[0, 0, 0, 0, 0, 0, 0, 0, 1, 0]",1
5,0,50,"[5, 8, 5, 7, 7, 8, 7, 6, 6, 7]","[0, 1, 1, 0, 1, 1, 0, 0, 0, 1]",1
5,0,51,"[5, 5, 5, 5, 5, 5, 5, 5, 5, 6]","[0, 0, 0, 0, 0, 0, 0, 0, 0, 0]",1
5,0,52,"[3, 3, 4, 4, 1, 4, 4, 1, 4, 3]","[0, 0, 0, 1, 0, 1, 1, 0, 0, 0]",1
5,0,53,"[4, 3, 4, 2, 4, 4, 4, 4, 4, 4]","[0, 0, 0, 0, 0, 0, 0, 0, 0, 0]",1
5,0,54,"[9, 8, 8, 9, 5, 8, 8, 5, 9, 5]","[0, 0, 1, 1, 0, 0, 0, 0, 0, 0]",1
5,0,55,"[6, 4, 6, 6, 6, 6, 6, 6, 6, 7]","[0, 0, 0, 0, 0, 1, 0, 0, 1, 1]",1
5,0,56,"[1, 1, 1, 1, 1, 1, 6, 1, 1, 1]","[0, 0, 0, 0, 0, 0, 0, 0, 0, 0]",1
5,0,57,"[6, 4, 1, 4, 4, 2, 4, 3, 4, 4]","[1, 0, 0, 0, 0, 0, 0, 1, 0, 0]",1
5,0,58,"[2, 6, 4, 5, 4, 5, 4, 6, 6, 7]","[1, 0, 0, 0, 0, 1, 0, 0, 1, 0]",1
5,0,59,"[3, 7, 6, 6, 8, 2, 6, 5, 5, 3]","[1, 1, 0, 0, 0, 0, 0, 0, 0, 0]",1
5,0,60,"[4, 2, 3, 3, 4, 3, 4, 3, 4, 5]","[0, 0, 0, 0, 0, 0, 0, 0, 1, 0]",1
5,0,61,"[4, 2, 4, 4, 4, 3, 4, 4, 3, 5]","[0, 0, 0, 0, 1, 0, 0, 0, 1, 0]",1
5,0,62,"[8, 8, 7, 7, 9, 8, 9, 9, 8, 9]","[0, 1, 0, 0, 0, 0, 0, 0, 0, 0]",1
5,0,63,"[6, 7, 6, 5, 6, 6, 7, 1, 3, 6]","[0, 0, 0, 0, 1, 1, 0, 0, 0, 1]",1
5,0,64,"[7, 8, 7, 7, 7, 8, 7, 7, 7, 6]","[1, 1, 0, 1, 1, 0, 1, 0, 0, 0]",1
5,0,65,"[3, 3, 1, 4, 3, 2, 1, 2, 7, 3]","[0, 0, 0, 0, 0, 0, 0, 0, 0, 0]",1
5,0,66,"[5, 5, 7, 5, 6, 4, 4, 1, 4, 5]","[0, 0, 0, 0, 0, 1, 0, 0, 0, 0]",1
5,0,67,"[6, 5, 4, 5, 3, 5, 6, 5, 4, 5]","[0, 0, 0, 1, 0, 0, 1, 0, 0, 0]",1
5,0,68,"[6, 7, 7, 4, 7, 5, 8, 7, 6, 5]","[0, 1, 0, 0, 0, 1, 0, 0, 0, 0]",1
5,0,69,"[4, 4, 3, 3, 4, 4, 1, 4, 4, 4]","[0, 1, 1, 0, 0, 1, 0, 0, 0, 0]",1
5,0,70,"[6, 5, 6, 5, 5, 6, 3, 6, 4, 3]","[0, 0, 0, 1, 0, 1, 0, 0, 0, 1]",1
5,0,71,"[5, 5, 5, 4, 5, 5, 5, 5, 6, 5]","[1, 1, 0, 0, 0, 0, 0, 0, 0, 0]",1
5,0,72,"[6, 5, 6, 5, 5, 5, 5, 5, 6, 5]","[0, 0, 0, 0, 0, 0, 0, 0, 0, 0]",1
5,0,73,"[6, 3, 8, 3, 6, 3, 7, 4, 5, 1]","[0, 0, 1, 0, 0, 0, 1, 0, 1, 0]",1
5,0,74,"[5, 4, 2, 3, 4, 3, 2, 3, 1, 1]","[0, 0, 0, 0, 0, 0, 0, 0, 0, 0]",1
5,0,75,"[7, 2, 7, 7, 8, 7, 7, 5, 8, 7]","[0, 0, 0, 0, 0, 0, 0, 1, 0, 0]",1
5,0,76,"[5, 4, 4, 3, 4, 5, 7, 4, 4, 3]","[0, 0, 1, 1, 0, 0, 0, 0, 0, 0]",1
5,0,77,"[7, 6, 7, 6, 7, 8, 7, 8, 7, 7]","[0, 0, 1, 0, 0, 1, 0, 0, 0, 1]",1
5,0,78,"[6, 5, 3, 7, 5, 6, 6, 5, 6, 6]","[1, 0, 0, 0, 0, 0, 0, 1, 0, 0]",1
5,0,79,"[8, 9, 9, 9, 9, 9, 8, 7, 4, 9]","[0, 0, 0, 0, 0, 1, 0, 0, 1, 0]",1
5,0,80,"[7, 6, 7, 6, 6, 6, 7, 7, 7, 4]","[0, 0, 0, 0, 0, 0, 0, 0, 0, 0]",1
5,0,81,"[6, 7, 4, 4, 7, 4, 2, 5, 4, 3]","[0, 0, 0, 0, 0, 1, 0, 0, 0, 0]",1
5,0,82,"[4, 4, 4, 8, 5, 4, 4, 5, 5, 5]","[0, 1, 0, 1, 0, 0, 0, 1, 0, 0]",1
5,0,83,"[5, 7, 5, 5, 6, 6, 7, 3, 8, 8]","[0, 0, 0, 0, 1, 0, 0, 0, 0, 0]",1
5,0,84,"[4, 5, 5, 4, 5, 5, 5, 5, 6, 5]","[0, 1, 0, 1, 0, 0, 1, 0, 1, 0]",1
5,0,85,"[6, 6, 6, 5, 6, 6, 6, 6, 6, 6]","[0, 0, 0, 0, 0, 0, 1, 0, 0, 0]",1
5,0,86,"[9, 9, 9, 9, 9, 9, 9, 9, 9, 9]","[1, 0, 0, 0, 1, 1, 1, 0, 0, 1]",1
5,0,87,"[4, 3, 6, 2, 3, 8, 2, 3, 5, 5]","[0, 0, 1, 0, 1, 0, 0, 0, 0, 0]",1
5,0,88,"[5, 5, 4, 5, 5, 5, 6, 5, 5, 5]","[1, 0, 0, 0, 0, 0, 0, 0, 0, 1]",1
5,0,89,"[4, 4, 4, 4, 4, 5, 5, 4, 4, 4]","[0, 0, 1, 0, 0, 0, 1, 0, 0, 0]",1
5,0,90,"[9, 9, 9, 7, 4, 9, 9, 9, 9, 4]","[0, 1, 1, 0, 1, 0, 1, 0, 1, 0]",1
5,0,91,"[4, 5, 5, 5, 8, 5, 5, 6, 6, 5]","[0, 0, 0, 0, 0, 0, 0, 0, 0, 0]",1
5,0,92,"[4, 7, 4, 4, 5, 3, 7, 5, 5, 4]","[0, 0, 0, 0, 0, 0, 0, 0, 0, 0]",1
5,0,93,"[1, 2, 7, 2, 5, 1, 3, 4, 2, 3]","[0, 0, 0, 0, 0, 0, 0, 0, 1, 0]",1
5,0,94,"[5, 5, 5, 4, 5, 6, 5, 5, 5, 6]","[0, 1, 0, 0, 0, 0, 0, 1, 0, 1]",1
5,0,95,"[2, 2, 2, 2, 4, 2, 2, 1, 2, 2]","[0, 0, 0, 0, 0, 0, 0, 0, 0, 0]",1
5,0,96,"[5, 5, 4, 5, 5, 5, 4, 5, 5, 4]","[0, 0, 0, 0, 0, 0, 0, 0, 1, 0]",1
5,0,97,"[6, 5, 5, 7, 5, 6, 6, 6, 5, 6]","[0, 0, 0, 1, 0, 0, 0, 1, 0, 0]",1
5,0,98,"[9, 9, 9, 9, 9, 9, 9, 9, 9, 9]","[1, 0, 0, 0, 1, 0, 0, 1, 0, 1]",1
5,0,99,"[7, 7, 6, 5, 6, 6, 2, 6, 6, 7]","[1, 0, 1, 0, 0, 1, 0, 1, 1, 0]",1
5,0,100,"[5, 5, 5, 5, 5, 4, 5, 4, 5, 5]","[0, 0, 0, 0, 0, 0, 0, 0, 0, 0]",1
5,0,101,"[5, 5, 8, 8, 8, 8, 8, 8, 4, 8]","[1, 0, 1, 1, 0, 0, 1, 0, 0, 0]",1
5,0,102,"[2, 2, 8, 5, 4, 3, 5, 4, 3, 3]","[0, 0, 0, 1, 0, 0, 0, 1, 0, 0]",1
5,0,103,"[7, 6, 8, 7, 7, 7, 7, 6, 7, 7]","[0, 0, 1, 0, 1, 0, 1, 1, 0, 0]",1
5,0,104,"[6, 6, 6, 2, 6, 5, 6, 6, 7, 6]","[0, 1, 1, 0, 1, 0, 1, 0, 1, 0]",1
5,0,105,"[5, 8, 6, 6, 8, 7, 6, 5, 7, 7]","[0, 0, 0, 1, 0, 0, 1, 1, 0, 1]",1
5,0,106,"[5, 3, 3, 3, 4, 5, 3, 3, 4, 4]","[1, 0, 0, 0, 0, 1, 0, 0, 0, 0]",1
5,0,107,"[4, 6, 7, 6, 7, 6, 5, 5, 4, 5]","[0, 0, 0, 0, 1, 0, 0, 0, 0, 0]",1
5,0,108,"[8, 8, 9, 8, 9, 7, 8, 8, 4, 8]","[0, 1, 1, 1, 0, 0, 1, 1, 0, 0]",1
5,0,109,"[5, 6, 5, 5, 6, 6, 5, 4, 5, 5]","[0, 0, 1, 0, 0, 0, 0, 0, 0, 0]",1
5,0,110,"[9, 9, 6, 9, 9, 8, 7, 4, 8, 9]","[0, 1, 1, 1, 1, 0, 0, 0, 0, 0]",1
5,0,111,"[7, 6, 7, 6, 6, 7, 5, 7, 7, 9]","[0, 0, 1, 0, 0, 0, 1, 1, 0, 1]",1
5,0,112,"[1, 4, 5, 4, 4, 4, 5, 4, 4, 4]","[0, 0, 0, 0, 0, 0, 0, 0, 1, 0]",1
5,0,113,"[5, 4, 5, 7, 6, 4, 5, 5, 5, 5]","[0, 0, 0, 0, 1, 0, 0, 0, 0, 0]",1
5,0,114,"[4, 3, 4, 3, 4, 6, 3, 3, 5, 4]","[0, 0, 0, 0, 0, 0, 0, 0, 0, 0]",1
5,0,115,"[9, 9, 8, 9, 9, 9, 9, 9, 9, 9]","[1, 0, 0, 0, 1, 0, 0, 0, 0, 0]",1
5,0,116,"[7, 9, 9, 8, 9, 9, 6, 7, 8, 7]","[0, 0, 0, 0, 0, 1, 0, 1, 0, 1]",1
5,0,117,"[1, 5, 5, 4, 5, 5, 6, 5, 5, 5]","[1, 0, 0, 0, 0, 1, 0, 0, 0, 0]",1
5,0,118,"[7, 6, 6, 7, 8, 6, 6, 6, 6, 6]","[0, 0, 0, 0, 0, 1, 0, 0, 0, 0]",1
5,0,119,"[5, 6, 5, 5, 5, 5, 7, 5, 5, 5]","[0, 0, 0, 0, 1, 0, 0, 0, 0, 0]",1
5,0,120,"[5, 5, 7, 5, 7, 4, 6, 6, 5, 6]","[0, 0, 0, 0, 0, 0, 0, 1, 1, 0]",1
5,0,121,"[5, 5, 5, 5, 5, 6, 5, 4, 5, 6]","[0, 0, 0, 0, 0, 0, 0, 0, 0, 0]",1
5,0,122,"[5, 4, 5, 6, 6, 5, 5, 5, 3, 5]","[0, 0, 0, 1, 0, 0, 0, 0, 1, 0]",1
5,0,123,"[7, 5, 5, 5, 4, 8, 5, 6, 7, 8]","[1, 0, 0, 0, 0, 0, 0, 0, 0, 0]",1
5,0,124,"[8, 3, 9, 5, 9, 9, 9, 9, 9, 9]","[0, 1, 1, 0, 1, 1, 1, 1, 1, 0]",1
5,0,125,"[4, 5, 6, 5, 5, 5, 5, 5, 5, 5]","[0, 0, 1, 0, 0, 0, 0, 0, 0, 0]",1
5,0,126,"[3, 7, 3, 2, 4, 3, 3, 3, 3, 1]","[0, 0, 0, 0, 0, 0, 0, 0, 0, 0]",1
5,0,127,"[4, 4, 4, 5, 4, 5, 4, 4, 4, 4]","[0, 0, 0, 0, 0, 0, 0, 0, 0, 0]",1
5,0,128,"[8, 6, 8, 8, 6, 8, 6, 8, 7, 7]","[0, 0, 0, 0, 0, 0, 1, 1, 0, 0]",1
5,0,129,"[4, 6, 6, 5, 5, 5, 5, 7, 7, 7]","[0, 0, 1, 1, 0, 0, 0, 0, 0, 0]",1
5,0,130,"[7, 7, 7, 7, 7, 8, 7, 7, 7, 5]","[0, 0, 0, 0, 0, 0, 0, 0, 0, 0]",1
5,0,131,"[7, 8, 8, 8, 8, 6, 8, 8, 8, 8]","[0, 0, 1, 0, 0, 0, 0, 0, 0, 0]",1
5,0,132,"[4, 4, 5, 4, 5, 4, 2, 5, 4, 3]","[0, 1, 0, 0, 0, 0, 0, 0, 0, 0]",1
5,0,133,"[3, 4, 3, 5, 4, 3, 3, 3, 3, 3]","[0, 0, 0, 0, 0, 0, 0, 0, 0, 0]",1
5,0,134,"[6, 6, 7, 6, 7, 6, 6, 7, 7, 7]","[1, 0, 0, 0, 0, 0, 0, 1, 1, 0]",1
5,0,135,"[2, 7, 7, 7, 6, 8, 5, 8, 5, 8]","[0, 1, 0, 0, 0, 0, 1, 1, 0, 1]",1
5,0,136,"[7, 6, 7, 5, 5, 7, 7, 7, 6, 5]","[0, 0, 0, 0, 0, 1, 0, 0, 0, 0]",1
5,0,137,"[6, 3, 3, 6, 7, 3, 5, 5, 2, 7]","[1, 1, 1, 1, 0, 0, 0, 0, 0, 0]",1
5,0,138,"[5, 5, 5, 4, 4, 7, 4, 5, 4, 6]","[0, 0, 1, 0, 0, 0, 0, 1, 0, 0]",1
5,0,139,"[4, 4, 2, 3, 4, 5, 4, 4, 4, 3]","[0, 0, 0, 0, 0, 1, 1, 0, 0, 0]",1
5,0,140,"[5, 5, 4, 9, 5, 8, 5, 5, 5, 5]","[0, 0, 0, 1, 1, 0, 0, 0, 0, 0]",1
5,0,141,"[2, 5, 2, 2, 3, 2, 2, 2, 1, 2]","[0, 0, 0, 0, 0, 0, 0, 0, 0, 0]",1
5,0,142,"[4, 4, 5, 3, 4, 3, 7, 5, 6, 4]","[0, 0, 0, 0, 0, 0, 1, 0, 0, 0]",1
5,0,143,"[5, 5, 5, 4, 6, 5, 5, 5, 6, 6]","[1, 1, 0, 0, 0, 0, 0, 0, 0, 1]",1
5,0,144,"[6, 8, 7, 7, 6, 7, 5, 7, 7, 5]","[0, 0, 0, 1, 0, 0, 0, 0, 0, 0]",1
5,0,145,"[6, 6, 5, 8, 6, 6, 6, 7, 7, 4]","[0, 0, 1, 1, 1, 0, 1, 1, 1, 0]",1
5,0,146,"[6, 6, 7, 8, 6, 6, 6, 6, 5, 6]","[1, 0, 1, 0, 0, 0, 0, 0, 1, 0]",1
5,0,147,"[4, 5, 4, 3, 3, 4, 3, 1, 5, 4]","[0, 1, 0, 0, 0, 1, 1, 0, 0, 0]",1
5,0,148,"[5, 5, 7, 5, 5, 5, 5, 5, 5, 5]","[0, 0, 0, 0, 0, 0, 0, 0, 0, 0]",1
5,0,149,"[2, 4, 2, 5, 6, 8, 5, 5, 5, 4]","[0, 0, 0, 1, 0, 0, 1, 0, 0, 0]",1
5,0,150,"[6, 6, 6, 5, 2, 6, 6, 6, 6, 3]","[1, 0, 0, 0, 0, 1, 0, 0, 1, 0]",1
5,0,151,"[6, 7, 4, 4, 4, 7, 4, 4, 4, 4]","[1, 0, 0, 0, 0, 0, 0, 0, 0, 0]",1
5,0,152,"[5, 4, 5, 5, 6, 3, 5, 3, 4, 5]","[0, 0, 0, 0, 0, 0, 0, 1, 1, 0]",1
5,0,153,"[6, 5, 5, 6, 5, 5, 4, 6, 5, 5]","[0, 0, 1, 0, 0, 0, 0, 1, 0, 0]",1
5,0,154,"[8, 7, 8, 5, 8, 5, 9, 8, 9, 3]","[0, 0, 0, 0, 0, 0, 1, 0, 0, 0]",1
5,0,155,"[5, 6, 9, 5, 5, 5, 6, 5, 3, 5]","[0, 0, 0, 0, 0, 0, 0, 1, 0, 1]",1
5,0,156,"[2, 2, 2, 2, 2, 2, 2, 2, 2, 2]","[0, 0, 0, 0, 0, 0, 0, 0, 0, 0]",1
5,0,157,"[5, 5, 5, 4, 4, 2, 5, 6, 5, 4]","[1, 0, 0, 0, 0, 0, 0, 0, 0, 1]",1
5,0,158,"[7, 7, 7, 7, 1, 7, 9, 7, 7, 7]","[0, 0, 0, 1, 0, 0, 0, 0, 0, 0]",1
5,0,159,"[5, 5, 5, 5, 4, 5, 6, 5, 4, 5]","[1, 0, 0, 0, 0, 0, 1, 0, 0, 0]",1
5,0,160,"[3, 9, 5, 5, 5, 4, 9, 9, 5, 9]","[0, 0, 0, 0, 0, 1, 0, 1, 0, 1]",1
5,0,161,"[3, 4, 8, 5, 4, 4, 3, 4, 5, 5]","[0, 0, 0, 0, 0, 0, 0, 0, 0, 0]",1
5,0,162,"[9, 9, 9, 9, 9, 9, 9, 9, 9, 9]","[0, 0, 0, 0, 0, 1, 0, 0, 0, 0]",1
5,0,163,"[4, 4, 5, 7, 4, 8, 4, 5, 3, 3]","[0, 0, 0, 0, 0, 1, 0, 0, 1, 0]",1
5,0,164,"[9, 9, 9, 9, 9, 9, 9, 9, 9, 9]","[0, 0, 0, 1, 1, 1, 0, 0, 0, 0]",1
5,0,165,"[6, 6, 5, 7, 6, 6, 5, 6, 6, 6]","[0, 0, 1, 0, 0, 0, 0, 0, 1, 1]",1
5,0,166,"[5, 6, 8, 4, 7, 4, 8, 7, 6, 5]","[0, 0, 0, 1, 1, 0, 1, 0, 0, 0]",1
5,0,167,"[8, 8, 8, 8, 8, 8, 8, 8, 8, 8]","[1, 0, 0, 0, 0, 1, 0, 0, 0, 0]",1
5,0,168,"[7, 6, 5, 6, 8, 7, 7, 8, 7, 4]","[0, 0, 0, 0, 0, 0, 1, 0, 1, 0]",1
5,0,169,"[5, 4, 5, 4, 7, 6, 7, 6, 6, 7]","[0, 0, 0, 0, 0, 0, 0, 1, 0, 0]",1
5,0,170,"[4, 9, 9, 8, 1, 9, 9, 9, 9, 9]","[0, 0, 0, 1, 0, 1, 1, 0, 1, 1]",1
5,0,171,"[9, 6, 6, 5, 3, 9, 6, 5, 6, 3]","[0, 0, 0, 0, 0, 0, 1, 0, 0, 0]",1
5,0,172,"[8, 6, 7, 2, 4, 5, 7, 8, 7, 4]","[1, 0, 0, 0, 0, 0, 0, 1, 0, 1]",1
5,0,173,"[9, 4, 9, 5, 7, 5, 5, 5, 4, 4]","[0, 0, 0, 0, 0, 1, 0, 1, 0, 0]",1
5,0,174,"[4, 4, 5, 5, 4, 6, 6, 6, 8, 5]","[0, 0, 0, 0, 0, 1, 0, 1, 1, 0]",1
5,0,175,"[4, 5, 2, 4, 4, 4, 4, 4, 4, 4]","[1, 0, 0, 1, 0, 0, 0, 0, 0, 0]",1
5,0,176,"[6, 5, 6, 6, 7, 7, 7, 8, 6, 6]","[0, 0, 0, 0, 0, 1, 0, 0, 1, 0]",1
5,0,177,"[5, 5, 5, 9, 6, 5, 5, 5, 5, 1]","[0, 0, 0, 0, 0, 0, 0, 0, 1, 0]",1
5,0,178,"[7, 6, 6, 7, 9, 6, 9, 7, 7, 6]","[0, 0, 0, 0, 1, 0, 1, 0, 0, 0]",1
5,0,179,"[5, 9, 9, 9, 8, 9, 9, 9, 7, 7]","[0, 0, 0, 1, 0, 0, 0, 0, 0, 0]",1
5,0,180,"[4, 4, 5, 4, 7, 4, 4, 4, 4, 4]","[0, 0, 1, 0, 0, 0, 1, 1, 0, 0]",1
5,0,181,"[4, 3, 2, 4, 2, 6, 3, 4, 5, 4]","[0, 0, 0, 0, 0, 0, 0, 1, 0, 0]",1
5,0,182,"[8, 6, 8, 9, 5, 7, 9, 1, 1, 8]","[0, 0, 1, 1, 0, 1, 1, 0, 1, 0]",1
5,0,183,"[7, 8, 7, 6, 5, 5, 6, 7, 7, 5]","[0, 0, 0, 0, 0, 0, 0, 0, 1, 0]",1
5,0,184,"[3, 7, 2, 3, 7, 4, 5, 8, 3, 3]","[0, 1, 0, 0, 0, 0, 0, 0, 0, 0]",1
5,0,185,"[6, 6, 2, 3, 7, 6, 5, 6, 7, 6]","[0, 1, 1, 0, 0, 0, 1, 0, 0, 0]",1
5,0,186,"[9, 9, 5, 9, 9, 9, 8, 9, 9, 8]","[1, 0, 1, 1, 1, 0, 0, 1, 1, 0]",1
5,0,187,"[3, 2, 4, 6, 6, 3, 4, 6, 4, 6]","[0, 0, 0, 0, 0, 0, 0, 0, 0, 0]",1
5,0,188,"[9, 9, 9, 9, 4, 9, 9, 9, 9, 9]","[0, 0, 0, 0, 1, 1, 1, 0, 1, 0]",1
5,0,189,"[5, 5, 5, 6, 5, 6, 5, 6, 6, 7]","[0, 1, 0, 0, 1, 1, 0, 0, 0, 1]",1
5,0,190,"[5, 3, 5, 4, 4, 5, 5, 7, 5, 6]","[0, 0, 0, 1, 0, 0, 0, 0, 0, 0]",1
5,0,191,"[9, 7, 8, 8, 7, 7, 9, 7, 8, 9]","[0, 1, 1, 0, 1, 0, 0, 1, 0, 1]",1
5,0,192,"[9, 9, 9, 4, 9, 9, 8, 9, 9, 9]","[0, 0, 1, 0, 1, 0, 0, 1, 1, 1]",1
5,0,193,"[4, 2, 3, 9, 4, 4, 3, 3, 4, 2]","[0, 0, 0, 1, 0, 0, 0, 0, 0, 0]",1
5,0,194,"[8, 4, 4, 8, 7, 8, 6, 6, 5, 4]","[0, 0, 0, 1, 1, 0, 0, 1, 1, 1]",1
5,0,195,"[1, 3, 5, 3, 5, 3, 1, 1, 2, 1]","[0, 0, 1, 0, 0, 0, 0, 0, 1, 0]",1
5,0,196,"[2, 4, 3, 6, 5, 3, 2, 3, 3, 3]","[0, 0, 0, 0, 0, 0, 0, 0, 0, 0]",1
5,0,197,"[7, 2, 7, 8, 8, 7, 7, 7, 7, 7]","[1, 0, 0, 0, 0, 0, 0, 0, 0, 0]",1
5,0,198,"[6, 3, 3, 6, 3, 1, 1, 8, 2, 4]","[0, 0, 0, 0, 0, 0, 0, 0, 0, 0]",1
5,0,199,"[4, 5, 5, 5, 5, 6, 5, 4, 6, 5]","[1, 0, 0, 1, 0, 0, 0, 0, 0, 0]",1
5,0,200,"[7, 5, 4, 5, 6, 4, 1, 5, 6, 5]","[1, 0, 0, 0, 0, 1, 0, 0, 0, 0]",1
5,0,201,"[8, 8, 5, 7, 9, 7, 8, 8, 6, 6]","[0, 0, 0, 0, 1, 0, 0, 0, 0, 0]",1
5,0,202,"[5, 9, 7, 5, 2, 5, 9, 5, 6, 5]","[0, 0, 0, 0, 0, 0, 1, 0, 0, 0]",1
5,0,203,"[4, 4, 5, 5, 5, 5, 5, 5, 4, 5]","[1, 0, 1, 0, 0, 0, 1, 0, 0, 0]",1
5,0,204,"[2, 8, 7, 9, 7, 8, 8, 7, 8, 7]","[0, 1, 0, 1, 0, 1, 0, 0, 0, 0]",1
5,0,205,"[6, 8, 6, 7, 6, 7, 6, 6, 6, 7]","[0, 0, 1, 1, 0, 0, 0, 0, 0, 1]",1
5,0,206,"[3, 5, 5, 4, 7, 5, 5, 5, 5, 6]","[0, 1, 0, 0, 1, 1, 0, 0, 0, 0]",1
5,0,207,"[6, 6, 5, 5, 6, 3, 4, 6, 6, 5]","[0, 1, 0, 1, 0, 0, 0, 0, 0, 0]",1
5,0,208,"[7, 8, 7, 7, 8, 7, 9, 7, 7, 7]","[1, 0, 1, 0, 0, 0, 1, 1, 1, 0]",1
5,0,209,"[7, 6, 3, 7, 7, 6, 7, 8, 6, 8]","[0, 0, 1, 1, 1, 0, 1, 1, 0, 0]",1
5,1,0,"[7, 8, 7, 7, 7, 8, 8, 6, 7, 7]","[0, 0, 1, 0, 1, 1, 1, 0, 1, 1]",1
5,1,1,"[3, 4, 4, 4, 5, 4, 4, 4, 4, 4]","[0, 0, 1, 0, 0, 1, 1, 1, 1, 0]",1
5,1,2,"[5, 2, 2, 2, 2, 4, 1, 2, 2, 2]","[0, 0, 0, 0, 0, 0, 0, 0, 0, 0]",1
5,1,3,"[3, 7, 6, 5, 6, 5, 7, 7, 4, 7]","[0, 0, 1, 0, 1, 1, 1, 1, 0, 0]",1
5,1,4,"[3, 4, 3, 2, 3, 2, 3, 2, 4, 3]","[0, 0, 0, 0, 0, 0, 0, 0, 1, 0]",1
5,1,5,"[3, 7, 3, 3, 1, 3, 4, 2, 3, 2]","[0, 1, 0, 1, 0, 0, 0, 1, 0, 1]",1
5,1,6,"[5, 4, 3, 5, 5, 5, 5, 4, 5, 6]","[0, 0, 0, 0, 0, 0, 0, 0, 0, 0]",1
5,1,7,"[5, 5, 5, 3, 5, 4, 4, 5, 6, 3]","[0, 0, 0, 0, 0, 0, 1, 0, 1, 0]",1
5,1,8,"[4, 4, 4, 4, 3, 4, 4, 4, 4, 4]","[0, 0, 0, 0, 0, 0, 0, 0, 0, 1]",1
5,1,9,"[5, 4, 7, 3, 4, 3, 2, 3, 3, 5]","[0, 0, 0, 0, 0, 1, 0, 0, 0, 0]",1
5,1,10,"[4, 5, 4, 4, 3, 5, 4, 4, 5, 4]","[0, 0, 0, 0, 1, 0, 0, 0, 0, 1]",1
5,1,11,"[2, 2, 3, 3, 3, 3, 3, 3, 3, 4]","[0, 0, 0, 0, 1, 0, 0, 0, 0, 0]",1
5,1,12,"[4, 4, 4, 4, 4, 4, 4, 4, 3, 3]","[0, 1, 0, 1, 1, 0, 1, 0, 0, 1]",1
5,1,13,"[7, 2, 6, 6, 3, 8, 6, 6, 6, 4]","[1, 0, 1, 0, 0, 0, 0, 1, 0, 0]",1
5,1,14,"[4, 7, 2, 1, 4, 3, 1, 2, 5, 1]","[0, 0, 0, 0, 0, 0, 0, 0, 1, 0]",1
5,1,15,"[4, 3, 3, 2, 2, 3, 3, 6, 3, 3]","[1, 0, 0, 1, 0, 0, 0, 0, 0, 0]",1
5,1,16,"[5, 8, 6, 5, 7, 6, 4, 5, 9, 5]","[0, 1, 0, 0, 0, 0, 0, 0, 1, 0]",1
5,1,17,"[5, 5, 5, 4, 5, 4, 5, 5, 5, 5]","[0, 0, 1, 0, 1, 1, 0, 0, 0, 1]",1
5,1,18,"[5, 3, 5, 4, 4, 4, 1, 5, 4, 3]","[0, 0, 0, 0, 0, 0, 0, 1, 0, 0]",1
5,1,19,"[4, 3, 2, 3, 3, 2, 3, 2, 8, 3]","[0, 0, 0, 0, 1, 0, 0, 0, 0, 0]",1
5,1,20,"[5, 6, 3, 5, 7, 5, 3, 6, 4, 5]","[0, 0, 0, 0, 1, 1, 0, 1, 1, 0]",1
5,1,21,"[7, 7, 4, 5, 6, 4, 6, 9, 3, 3]","[0, 1, 0, 0, 1, 1, 0, 0, 1, 0]",1
5,1,22,"[4, 4, 4, 4, 4, 4, 4, 4, 4, 4]","[0, 0, 0, 1, 0, 0, 0, 1, 0, 0]",1
5,1,23,"[4, 2, 4, 5, 3, 5, 3, 3, 3, 2]","[1, 0, 1, 0, 0, 0, 0, 1, 1, 0]",1
5,1,24,"[1, 3, 5, 8, 4, 2, 4, 6, 4, 6]","[0, 0, 0, 1, 1, 0, 0, 1, 0, 1]",1
5,1,25,"[3, 3, 3, 3, 2, 3, 3, 2, 3, 3]","[1, 0, 0, 0, 1, 0, 0, 1, 1, 0]",1
5,1,26,"[6, 5, 9, 9, 6, 1, 9, 9, 9, 9]","[1, 1, 1, 1, 1, 1, 1, 1, 1, 1]",1
5,1,27,"[4, 8, 4, 4, 3, 4, 4, 4, 4, 4]","[1, 0, 1, 1, 0, 0, 0, 0, 0, 0]",1
5,1,28,"[4, 3, 3, 4, 4, 3, 3, 4, 4, 3]","[0, 0, 0, 0, 0, 0, 0, 1, 1, 0]",1
5,1,29,"[9, 9, 9, 6, 9, 9, 5, 4, 9, 9]","[0, 1, 1, 0, 0, 1, 0, 0, 0, 1]",1
5,1,30,"[4, 2, 5, 4, 3, 4, 4, 4, 5, 4]","[0, 0, 1, 0, 0, 0, 0, 0, 0, 0]",1
5,1,31,"[3, 4, 4, 3, 1, 3, 4, 4, 3, 1]","[0, 1, 0, 0, 0, 1, 0, 0, 0, 0]",1
5,1,32,"[4, 3, 4, 3, 3, 4, 4, 3, 7, 4]","[0, 1, 0, 1, 1, 1, 1, 1, 0, 0]",1
5,1,33,"[2, 2, 2, 4, 2, 1, 2, 1, 2, 3]","[0, 0, 0, 0, 0, 0, 0, 0, 0, 0]",1
5,1,34,"[7, 3, 3, 5, 3, 6, 4, 5, 3, 5]","[1, 0, 0, 1, 0, 1, 0, 1, 0, 0]",1
5,1,35,"[2, 3, 3, 2, 2, 3, 8, 2, 2, 2]","[0, 0, 0, 0, 0, 0, 0, 0, 1, 0]",1
5,1,36,"[2, 5, 3, 6, 2, 5, 5, 2, 8, 5]","[1, 0, 0, 0, 0, 0, 0, 0, 0, 0]",1
5,1,37,"[2, 4, 3, 9, 8, 5, 3, 3, 2, 4]","[0, 0, 0, 1, 1, 1, 0, 0, 0, 0]",1
5,1,38,"[3, 3, 4, 4, 4, 4, 3, 2, 3, 4]","[0, 0, 0, 0, 1, 0, 0, 0, 0, 0]",1
5,1,39,"[2, 1, 3, 2, 2, 1, 1, 5, 1, 3]","[0, 0, 0, 0, 0, 0, 0, 1, 0, 1]",1
5,1,40,"[2, 3, 3, 3, 3, 3, 3, 3, 3, 3]","[0, 1, 0, 0, 1, 0, 0, 0, 0, 0]",1
5,1,41,"[3, 5, 3, 3, 3, 4, 5, 6, 4, 2]","[0, 0, 0, 1, 0, 1, 1, 0, 0, 0]",1
5,1,42,"[4, 1, 4, 5, 4, 1, 4, 9, 4, 3]","[0, 0, 0, 1, 1, 0, 0, 1, 1, 0]",1
5,1,43,"[3, 4, 5, 5, 3, 5, 3, 5, 2, 4]","[0, 1, 0, 0, 0, 1, 0, 1, 0, 0]",1
5,1,44,"[4, 3, 5, 4, 3, 4, 4, 3, 4, 5]","[0, 0, 1, 1, 0, 0, 0, 0, 1, 0]",1
5,1,45,"[3, 4, 4, 6, 2, 4, 9, 3, 4, 3]","[0, 0, 0, 0, 0, 0, 0, 0, 0, 0]",1
5,1,46,"[3, 3, 3, 2, 3, 3, 3, 3, 4, 3]","[0, 0, 0, 1, 1, 1, 0, 1, 0, 0]",1
5,1,47,"[4, 4, 4, 4, 4, 6, 4, 4, 4, 4]","[0, 0, 0, 0, 0, 0, 0, 0, 0, 0]",1
5,1,48,"[4, 4, 4, 4, 4, 4, 4, 4, 4, 4]","[0, 0, 0, 0, 0, 1, 0, 0, 1, 0]",1
5,1,49,"[3, 4, 3, 3, 2, 4, 2, 4, 3, 4]","[0, 0, 0, 0, 1, 0, 0, 0, 0, 0]",1
5,1,50,"[4, 4, 4, 4, 4, 4, 4, 4, 5, 4]","[0, 1, 1, 0, 0, 0, 0, 0, 0, 0]",1
5,1,51,"[3, 2, 4, 3, 4, 3, 3, 4, 2, 3]","[0, 0, 0, 0, 0, 1, 0, 0, 0, 0]",1
5,1,52,"[2, 4, 7, 3, 3, 2, 4, 5, 2, 1]","[0, 0, 0, 1, 0, 0, 0, 1, 0, 1]",1
5,1,53,"[4, 4, 4, 4, 4, 3, 2, 4, 4, 4]","[0, 0, 0, 0, 0, 0, 1, 0, 0, 0]",1
5,1,54,"[1, 5, 1, 1, 1, 1, 7, 1, 2, 3]","[0, 0, 0, 0, 0, 0, 1, 0, 0, 0]",1
5,1,55,"[5, 5, 4, 5, 5, 5, 6, 5, 5, 7]","[1, 0, 0, 0, 0, 1, 0, 0, 0, 0]",1
5,1,56,"[1, 4, 1, 1, 1, 1, 1, 1, 4, 6]","[0, 0, 0, 0, 0, 0, 0, 0, 1, 0]",1
5,1,57,"[5, 4, 3, 3, 1, 1, 3, 4, 3, 4]","[0, 0, 0, 0, 0, 0, 0, 0, 0, 0]",1
5,1,58,"[5, 3, 3, 5, 1, 4, 1, 2, 5, 2]","[0, 1, 0, 0, 0, 0, 0, 0, 0, 0]",1
5,1,59,"[3, 3, 2, 3, 3, 3, 4, 3, 4, 3]","[0, 0, 0, 0, 0, 0, 0, 1, 0, 0]",1
5,1,60,"[2, 1, 1, 4, 4, 2, 2, 2, 3, 2]","[0, 0, 0, 0, 0, 0, 0, 1, 1, 0]",1
5,1,61,"[4, 4, 5, 3, 3, 4, 4, 4, 4, 3]","[1, 1, 0, 1, 0, 1, 0, 0, 1, 0]",1
5,1,62,"[8, 9, 8, 8, 7, 8, 8, 8, 8, 8]","[1, 1, 0, 0, 0, 1, 0, 0, 1, 0]",1
5,1,63,"[4, 4, 4, 6, 4, 4, 5, 4, 4, 4]","[0, 0, 0, 1, 0, 0, 0, 0, 0, 0]",1
5,1,64,"[8, 9, 8, 9, 9, 6, 8, 8, 7, 2]","[1, 1, 1, 0, 0, 0, 1, 1, 0, 0]",1
5,1,65,"[6, 5, 6, 3, 1, 3, 5, 3, 2, 4]","[1, 0, 0, 0, 0, 0, 1, 0, 0, 0]",1
5,1,66,"[3, 3, 4, 5, 3, 6, 3, 5, 5, 5]","[0, 1, 0, 0, 1, 1, 1, 1, 0, 0]",1
5,1,67,"[2, 3, 4, 4, 4, 2, 3, 2, 1, 4]","[0, 0, 0, 0, 0, 0, 0, 0, 0, 1]",1
5,1,68,"[4, 4, 5, 5, 5, 4, 5, 5, 5, 3]","[0, 0, 0, 1, 0, 1, 0, 0, 0, 0]",1
5,1,69,"[3, 3, 4, 4, 5, 6, 4, 1, 5, 4]","[0, 0, 0, 0, 0, 1, 0, 0, 0, 0]",1
5,1,70,"[5, 7, 6, 7, 5, 5, 7, 5, 6, 6]","[1, 0, 1, 0, 0, 1, 0, 0, 1, 1]",1
5,1,71,"[4, 4, 4, 4, 5, 4, 4, 3, 4, 4]","[0, 0, 1, 0, 1, 0, 0, 0, 1, 0]",1
5,1,72,"[4, 4, 4, 4, 4, 4, 3, 4, 3, 3]","[0, 0, 0, 0, 0, 0, 0, 0, 0, 1]",1
5,1,73,"[7, 1, 1, 1, 5, 4, 1, 6, 4, 1]","[1, 1, 0, 0, 1, 0, 0, 1, 0, 0]",1
5,1,74,"[3, 3, 3, 2, 2, 3, 1, 4, 2, 3]","[0, 0, 0, 0, 0, 0, 0, 0, 0, 0]",1
5,1,75,"[3, 3, 2, 2, 1, 2, 3, 3, 8, 4]","[0, 0, 0, 0, 0, 0, 1, 0, 0, 0]",1
5,1,76,"[2, 2, 3, 3, 2, 1, 3, 3, 3, 1]","[1, 0, 0, 0, 0, 0, 0, 1, 1, 0]",1
5,1,77,"[7, 8, 5, 4, 3, 5, 4, 5, 4, 4]","[0, 1, 0, 0, 0, 0, 0, 1, 0, 0]",1
5,1,78,"[5, 5, 6, 2, 5, 5, 7, 5, 4, 5]","[0, 1, 0, 0, 0, 0, 0, 1, 1, 0]",1
5,1,79,"[9, 9, 9, 7, 5, 1, 4, 5, 9, 9]","[1, 1, 0, 1, 0, 1, 1, 1, 1, 0]",1
5,1,80,"[8, 8, 7, 5, 7, 8, 7, 6, 8, 7]","[1, 1, 0, 0, 0, 1, 0, 1, 1, 1]",1
5,1,81,"[5, 4, 6, 2, 5, 6, 6, 5, 4, 5]","[0, 0, 0, 0, 0, 0, 1, 0, 1, 0]",1
5,1,82,"[4, 2, 5, 4, 4, 4, 4, 4, 7, 4]","[1, 1, 0, 0, 1, 1, 0, 0, 1, 0]",1
5,1,83,"[6, 5, 7, 3, 7, 6, 6, 1, 7, 4]","[1, 1, 1, 1, 0, 1, 1, 0, 0, 0]",1
5,1,84,"[4, 2, 3, 2, 2, 2, 2, 4, 3, 2]","[0, 0, 0, 0, 0, 1, 0, 0, 0, 0]",1
5,1,85,"[3, 3, 3, 4, 3, 3, 3, 4, 2, 9]","[0, 1, 0, 0, 0, 0, 0, 0, 0, 0]",1
5,1,86,"[7, 6, 3, 8, 6, 5, 6, 6, 6, 6]","[1, 0, 0, 0, 1, 1, 1, 0, 1, 0]",1
5,1,87,"[5, 5, 1, 4, 2, 4, 4, 1, 6, 4]","[0, 1, 0, 1, 0, 1, 0, 0, 1, 0]",1
5,1,88,"[3, 3, 3, 3, 3, 4, 2, 3, 3, 2]","[0, 0, 0, 0, 0, 0, 0, 0, 0, 0]",1
5,1,89,"[5, 6, 4, 6, 7, 6, 6, 6, 7, 7]","[0, 1, 1, 0, 1, 0, 0, 0, 1, 0]",1
5,1,90,"[6, 6, 4, 4, 6, 6, 6, 6, 6, 6]","[0, 0, 0, 0, 0, 1, 1, 0, 0, 0]",1
5,1,91,"[3, 4, 3, 3, 3, 4, 2, 4, 3, 3]","[1, 0, 1, 0, 0, 0, 0, 0, 1, 0]",1
5,1,92,"[9, 6, 5, 7, 1, 8, 7, 7, 6, 5]","[0, 0, 0, 0, 0, 1, 1, 0, 0, 0]",1
5,1,93,"[2, 6, 2, 1, 4, 2, 4, 3, 2, 1]","[0, 0, 0, 0, 0, 0, 0, 1, 0, 1]",1
5,1,94,"[4, 3, 3, 4, 5, 3, 5, 1, 6, 4]","[1, 1, 0, 1, 1, 0, 0, 0, 1, 0]",1
5,1,95,"[1, 3, 3, 4, 2, 3, 3, 3, 3, 4]","[0, 0, 0, 0, 0, 1, 0, 0, 0, 0]",1
5,1,96,"[5, 3, 4, 3, 3, 8, 4, 3, 4, 4]","[0, 0, 0, 1, 1, 0, 0, 1, 0, 0]",1
5,1,97,"[4, 4, 4, 2, 3, 5, 2, 3, 3, 2]","[1, 1, 0, 0, 0, 1, 0, 0, 0, 0]",1
5,1,98,"[8, 7, 3, 1, 7, 7, 9, 1, 7, 3]","[0, 0, 1, 0, 0, 0, 1, 0, 1, 0]",1
5,1,99,"[4, 2, 3, 2, 2, 3, 2, 2, 2, 1]","[0, 0, 0, 0, 0, 0, 0, 1, 0, 0]",1
5,1,100,"[2, 3, 2, 3, 7, 2, 3, 3, 1, 3]","[0, 0, 0, 1, 0, 0, 0, 0, 0, 1]",1
5,1,101,"[5, 6, 6, 4, 3, 2, 4, 5, 4, 4]","[0, 1, 1, 0, 0, 0, 0, 0, 0, 0]",1
5,1,102,"[2, 5, 3, 4, 5, 5, 5, 4, 4, 5]","[0, 0, 0, 1, 1, 0, 0, 0, 1, 0]",1
5,1,103,"[2, 1, 2, 2, 2, 2, 2, 2, 2, 2]","[0, 0, 0, 0, 0, 0, 0, 0, 0, 0]",1
5,1,104,"[3, 5, 7, 4, 5, 6, 1, 5, 5, 4]","[0, 0, 0, 0, 1, 0, 0, 1, 0, 1]",1
5,1,105,"[5, 4, 8, 4, 4, 4, 6, 4, 3, 4]","[1, 0, 1, 0, 0, 0, 0, 0, 0, 0]",1
5,1,106,"[3, 4, 3, 4, 3, 5, 3, 4, 4, 3]","[0, 0, 0, 0, 0, 0, 0, 0, 0, 1]",1
5,1,107,"[3, 3, 2, 2, 3, 3, 4, 3, 4, 3]","[0, 0, 0, 0, 0, 0, 0, 0, 0, 0]",1
5,1,108,"[2, 5, 3, 2, 4, 2, 5, 3, 2, 5]","[0, 0, 0, 0, 0, 0, 0, 0, 1, 0]",1
5,1,109,"[6, 5, 4, 3, 5, 4, 4, 4, 5, 3]","[0, 0, 0, 0, 0, 0, 1, 0, 1, 0]",1
5,1,110,"[7, 8, 4, 3, 3, 1, 3, 4, 3, 4]","[0, 1, 0, 0, 0, 0, 0, 0, 0, 0]",1
5,1,111,"[4, 4, 5, 4, 5, 5, 4, 5, 4, 6]","[0, 0, 0, 0, 0, 0, 0, 0, 0, 1]",1
5,1,112,"[5, 3, 5, 5, 5, 5, 6, 5, 6, 5]","[0, 0, 1, 1, 1, 0, 0, 0, 1, 1]",1
5,1,113,"[5, 4, 8, 5, 6, 5, 7, 7, 3, 4]","[0, 0, 0, 1, 1, 1, 0, 0, 0, 0]",1
5,1,114,"[4, 2, 4, 4, 4, 4, 2, 4, 3, 4]","[0, 0, 0, 1, 0, 0, 0, 0, 0, 0]",1
5,1,115,"[4, 4, 5, 8, 5, 5, 4, 4, 6, 2]","[0, 0, 1, 0, 0, 0, 0, 0, 0, 0]",1
5,1,116,"[6, 5, 6, 5, 1, 6, 6, 5, 5, 4]","[0, 0, 0, 0, 0, 1, 1, 1, 0, 1]",1
5,1,117,"[2, 1, 2, 2, 2, 2, 3, 2, 3, 2]","[0, 0, 0, 0, 0, 0, 0, 0, 0, 0]",1
5,1,118,"[4, 3, 4, 3, 4, 1, 5, 8, 5, 3]","[1, 1, 0, 0, 1, 0, 0, 1, 0, 0]",1
5,1,119,"[9, 6, 3, 4, 4, 3, 3, 4, 4, 4]","[1, 0, 1, 0, 0, 1, 0, 0, 0, 1]",1
5,1,120,"[4, 4, 4, 7, 3, 6, 2, 5, 6, 1]","[0, 0, 1, 1, 0, 1, 0, 0, 1, 0]",1
5,1,121,"[5, 5, 6, 5, 5, 5, 5, 6, 4, 5]","[0, 0, 0, 1, 0, 1, 1, 0, 0, 0]",1
5,1,122,"[4, 4, 5, 1, 4, 4, 4, 4, 4, 4]","[0, 0, 0, 0, 0, 0, 0, 0, 0, 1]",1
5,1,123,"[3, 3, 4, 5, 5, 1, 2, 4, 1, 3]","[0, 0, 0, 0, 0, 0, 0, 0, 0, 0]",1
5,1,124,"[7, 5, 3, 5, 4, 3, 3, 5, 7, 4]","[0, 0, 0, 0, 0, 1, 0, 0, 1, 0]",1
5,1,125,"[3, 1, 4, 3, 3, 3, 3, 3, 3, 4]","[0, 0, 0, 0, 0, 0, 0, 0, 0, 1]",1
5,1,126,"[6, 6, 5, 5, 5, 5, 6, 1, 4, 5]","[0, 1, 0, 0, 1, 1, 1, 0, 0, 0]",1
5,1,127,"[3, 3, 3, 7, 3, 3, 3, 3, 3, 3]","[0, 0, 0, 1, 0, 0, 0, 0, 0, 0]",1
5,1,128,"[5, 5, 5, 4, 6, 6, 6, 5, 6, 5]","[1, 0, 1, 1, 1, 1, 1, 1, 0, 0]",1
5,1,129,"[4, 5, 2, 3, 5, 6, 4, 6, 4, 5]","[0, 0, 0, 0, 0, 0, 1, 0, 0, 0]",1
5,1,130,"[5, 5, 5, 5, 5, 5, 6, 5, 9, 5]","[1, 0, 0, 1, 0, 0, 1, 0, 1, 0]",1
5,1,131,"[1, 1, 1, 3, 1, 1, 4, 1, 1, 7]","[1, 0, 0, 1, 1, 1, 0, 0, 1, 1]",1
5,1,132,"[5, 4, 5, 3, 3, 5, 2, 3, 1, 3]","[0, 1, 0, 0, 0, 0, 0, 0, 0, 0]",1
5,1,133,"[5, 5, 5, 5, 4, 5, 5, 5, 4, 5]","[0, 0, 0, 0, 0, 0, 0, 0, 0, 1]",1
5,1,134,"[3, 4, 4, 4, 4, 4, 4, 3, 3, 3]","[0, 0, 0, 0, 0, 0, 0, 0, 0, 0]",1
5,1,135,"[4, 4, 8, 4, 5, 7, 4, 3, 4, 7]","[0, 0, 0, 0, 0, 1, 0, 0, 0, 0]",1
5,1,136,"[8, 9, 6, 5, 5, 5, 4, 6, 5, 6]","[0, 0, 0, 1, 1, 0, 0, 0, 0, 0]",1
5,1,137,"[4, 4, 7, 3, 6, 5, 2, 1, 5, 3]","[0, 0, 0, 0, 0, 0, 0, 0, 1, 0]",1
5,1,138,"[7, 6, 6, 6, 7, 6, 6, 6, 6, 5]","[0, 0, 0, 0, 0, 0, 0, 0, 1, 0]",1
5,1,139,"[3, 3, 3, 3, 3, 3, 6, 3, 5, 3]","[0, 0, 0, 0, 0, 0, 0, 0, 0, 0]",1
5,1,140,"[6, 4, 5, 8, 5, 4, 5, 4, 6, 5]","[0, 0, 0, 1, 0, 0, 0, 0, 0, 0]",1
5,1,141,"[4, 5, 2, 4, 2, 6, 2, 6, 2, 2]","[1, 0, 0, 0, 0, 0, 0, 0, 0, 0]",1
5,1,142,"[5, 5, 6, 6, 5, 6, 6, 5, 6, 8]","[0, 0, 1, 0, 0, 0, 0, 1, 0, 0]",1
5,1,143,"[4, 2, 4, 3, 3, 4, 3, 3, 3, 3]","[0, 0, 1, 0, 0, 0, 0, 0, 0, 0]",1
5,1,144,"[5, 5, 5, 4, 4, 5, 6, 5, 5, 6]","[0, 0, 0, 0, 0, 0, 1, 0, 0, 0]",1
5,1,145,"[5, 4, 5, 5, 5, 6, 5, 4, 5, 2]","[0, 0, 0, 0, 0, 1, 1, 0, 0, 0]",1
5,1,146,"[3, 4, 4, 4, 3, 3, 3, 3, 2, 4]","[0, 0, 1, 0, 1, 0, 0, 0, 0, 0]",1
5,1,147,"[5, 4, 5, 5, 6, 5, 5, 2, 4, 6]","[0, 1, 1, 0, 1, 0, 0, 0, 0, 1]",1
5,1,148,"[4, 5, 4, 4, 3, 5, 4, 4, 4, 3]","[1, 0, 1, 0, 0, 1, 1, 0, 0, 0]",1
5,1,149,"[4, 4, 3, 7, 2, 3, 4, 5, 1, 2]","[1, 0, 1, 0, 1, 0, 0, 1, 0, 0]",1
5,1,150,"[6, 4, 4, 4, 4, 4, 4, 4, 2, 4]","[0, 0, 0, 0, 0, 0, 0, 0, 0, 0]",1
5,1,151,"[4, 3, 3, 3, 3, 3, 3, 5, 2, 4]","[1, 1, 0, 0, 0, 0, 0, 0, 0, 1]",1
5,1,152,"[3, 3, 3, 3, 4, 2, 2, 3, 3, 4]","[0, 0, 1, 0, 0, 0, 0, 0, 0, 0]",1
5,1,153,"[2, 3, 1, 3, 5, 5, 1, 5, 1, 6]","[0, 0, 0, 1, 0, 0, 0, 0, 0, 0]",1
5,1,154,"[3, 2, 3, 3, 3, 3, 3, 2, 3, 3]","[0, 0, 0, 0, 0, 0, 0, 0, 0, 0]",1
5,1,155,"[4, 5, 6, 4, 7, 3, 6, 5, 5, 5]","[0, 0, 1, 0, 1, 1, 0, 1, 0, 1]",1
5,1,156,"[4, 4, 6, 4, 4, 4, 3, 4, 4, 4]","[0, 1, 0, 0, 0, 1, 0, 0, 1, 0]",1
5,1,157,"[4, 3, 3, 8, 4, 4, 4, 3, 3, 3]","[0, 0, 0, 1, 0, 0, 1, 0, 0, 0]",1
5,1,158,"[5, 1, 2, 3, 3, 3, 2, 2, 2, 4]","[0, 0, 0, 0, 0, 0, 0, 0, 0, 0]",1
5,1,159,"[5, 5, 5, 5, 5, 5, 5, 4, 5, 5]","[1, 0, 0, 0, 0, 0, 0, 0, 0, 0]",1
5,1,160,"[4, 1, 3, 3, 5, 7, 4, 4, 4, 4]","[0, 0, 0, 0, 1, 1, 1, 0, 1, 1]",1
5,1,161,"[5, 5, 6, 6, 4, 4, 4, 6, 5, 4]","[0, 1, 1, 1, 1, 1, 0, 1, 0, 0]",1
5,1,162,"[7, 4, 6, 1, 9, 6, 6, 7, 2, 6]","[1, 0, 0, 0, 0, 0, 1, 0, 0, 1]",1
5,1,163,"[6, 3, 6, 3, 2, 5, 1, 3, 6, 3]","[1, 0, 0, 0, 0, 0, 0, 0, 0, 0]",1
5,1,164,"[6, 9, 9, 8, 7, 8, 8, 8, 5, 8]","[1, 0, 1, 0, 0, 1, 0, 1, 0, 0]",1
5,1,165,"[4, 3, 4, 1, 3, 3, 3, 3, 3, 3]","[0, 0, 0, 0, 0, 1, 0, 1, 0, 0]",1
5,1,166,"[7, 2, 2, 7, 2, 4, 7, 6, 8, 7]","[1, 0, 0, 0, 1, 0, 0, 0, 1, 1]",1
5,1,167,"[5, 5, 5, 5, 5, 5, 6, 5, 5, 5]","[0, 0, 0, 0, 1, 0, 0, 0, 0, 0]",1
5,1,168,"[4, 4, 5, 4, 4, 4, 4, 8, 6, 4]","[0, 0, 0, 1, 0, 0, 1, 1, 0, 1]",1
5,1,169,"[6, 2, 5, 6, 5, 6, 5, 5, 6, 7]","[0, 0, 1, 0, 0, 0, 0, 0, 0, 1]",1
5,1,170,"[6, 5, 3, 3, 5, 5, 3, 3, 3, 5]","[0, 0, 0, 0, 1, 0, 0, 0, 0, 0]",1
5,1,171,"[7, 5, 8, 7, 7, 7, 6, 7, 8, 7]","[0, 0, 1, 0, 0, 0, 0, 1, 0, 0]",1
5,1,172,"[3, 4, 4, 4, 3, 5, 4, 4, 7, 4]","[0, 1, 0, 0, 0, 0, 0, 0, 1, 0]",1
5,1,173,"[3, 2, 3, 4, 2, 4, 3, 2, 2, 3]","[0, 0, 1, 0, 0, 1, 0, 0, 0, 0]",1
5,1,174,"[5, 3, 4, 5, 8, 4, 4, 5, 5, 3]","[1, 1, 0, 0, 0, 0, 1, 1, 0, 0]",1
5,1,175,"[2, 4, 3, 2, 2, 4, 3, 3, 3, 1]","[0, 0, 0, 0, 0, 0, 0, 0, 1, 0]",1
5,1,176,"[4, 4, 7, 1, 4, 5, 2, 3, 6, 1]","[1, 0, 0, 0, 1, 0, 0, 0, 0, 0]",1
5,1,177,"[4, 6, 7, 4, 2, 3, 5, 4, 1, 1]","[0, 0, 0, 0, 0, 0, 0, 1, 0, 0]",1
5,1,178,"[3, 5, 8, 5, 6, 4, 4, 3, 5, 6]","[0, 0, 1, 0, 0, 0, 0, 0, 0, 0]",1
5,1,179,"[3, 6, 2, 7, 1, 2, 6, 6, 7, 8]","[0, 0, 0, 1, 0, 0, 0, 1, 0, 0]",1
5,1,180,"[2, 2, 2, 2, 2, 2, 1, 1, 2, 3]","[0, 0, 0, 0, 0, 0, 0, 0, 0, 0]",1
5,1,181,"[4, 5, 3, 4, 3, 3, 4, 4, 3, 4]","[0, 0, 0, 1, 0, 0, 1, 0, 0, 0]",1
5,1,182,"[5, 4, 4, 6, 1, 5, 1, 5, 6, 2]","[0, 0, 0, 0, 0, 1, 0, 0, 0, 0]",1
5,1,183,"[5, 6, 7, 3, 5, 5, 4, 4, 5, 5]","[0, 0, 0, 0, 0, 1, 0, 0, 0, 1]",1
5,1,184,"[3, 1, 2, 3, 3, 3, 3, 1, 5, 4]","[0, 0, 0, 0, 0, 0, 0, 0, 1, 0]",1
5,1,185,"[5, 1, 6, 6, 8, 6, 3, 7, 7, 8]","[0, 0, 0, 1, 0, 1, 0, 0, 0, 1]",1
5,1,186,"[2, 3, 1, 1, 1, 3, 6, 1, 1, 2]","[1, 1, 0, 0, 0, 0, 0, 0, 0, 0]",1
5,1,187,"[4, 3, 3, 4, 3, 3, 3, 5, 5, 4]","[0, 0, 0, 0, 0, 0, 0, 0, 0, 0]",1
5,1,188,"[2, 1, 1, 3, 1, 2, 2, 2, 2, 5]","[0, 0, 0, 0, 0, 0, 0, 0, 0, 1]",1
5,1,189,"[3, 3, 3, 1, 3, 2, 2, 4, 1, 3]","[0, 0, 0, 0, 0, 0, 0, 1, 0, 0]",1
5,1,190,"[3, 5, 2, 7, 2, 2, 3, 1, 1, 3]","[0, 1, 1, 0, 0, 1, 0, 0, 0, 0]",1
5,1,191,"[4, 4, 6, 3, 4, 2, 4, 4, 4, 1]","[0, 0, 0, 0, 0, 0, 0, 1, 0, 0]",1
5,1,192,"[3, 3, 3, 3, 3, 4, 3, 3, 3, 3]","[0, 0, 0, 0, 0, 0, 0, 0, 0, 0]",1
5,1,193,"[1, 2, 1, 2, 1, 3, 5, 6, 1, 5]","[0, 0, 0, 0, 0, 0, 0, 0, 0, 1]",1
5,1,194,"[3, 2, 3, 1, 4, 4, 3, 4, 4, 4]","[0, 1, 0, 0, 0, 0, 1, 0, 0, 1]",1
5,1,195,"[1, 1, 3, 2, 2, 1, 2, 1, 1, 2]","[0, 0, 1, 0, 1, 1, 1, 0, 0, 0]",1
5,1,196,"[3, 3, 4, 3, 3, 3, 3, 3, 3, 2]","[0, 0, 1, 0, 0, 0, 0, 0, 0, 0]",1
5,1,197,"[4, 3, 6, 4, 4, 4, 5, 4, 3, 5]","[1, 1, 1, 1, 0, 0, 0, 0, 0, 0]",1
5,1,198,"[3, 5, 1, 5, 5, 1, 6, 5, 3, 4]","[0, 0, 0, 0, 0, 0, 1, 0, 0, 0]",1
5,1,199,"[1, 2, 1, 1, 2, 2, 1, 2, 2, 2]","[0, 0, 0, 0, 0, 0, 0, 0, 0, 0]",1
5,1,200,"[3, 1, 3, 4, 3, 8, 4, 3, 3, 4]","[1, 0, 0, 0, 0, 0, 0, 0, 0, 0]",1
5,1,201,"[1, 4, 4, 4, 4, 4, 4, 3, 3, 4]","[0, 0, 1, 0, 1, 1, 1, 0, 1, 1]",1
5,1,202,"[5, 5, 4, 4, 4, 4, 3, 5, 5, 9]","[0, 0, 0, 0, 0, 0, 0, 1, 0, 1]",1
5,1,203,"[3, 2, 4, 4, 4, 4, 3, 4, 4, 3]","[1, 0, 0, 0, 0, 1, 0, 0, 1, 0]",1
5,1,204,"[3, 4, 3, 3, 3, 4, 3, 2, 4, 8]","[0, 1, 0, 0, 0, 0, 0, 0, 0, 0]",1
5,1,205,"[5, 5, 5, 6, 5, 5, 6, 4, 5, 5]","[0, 1, 0, 1, 0, 0, 0, 0, 1, 0]",1
5,1,206,"[3, 3, 7, 3, 2, 7, 2, 3, 6, 3]","[0, 0, 0, 0, 0, 0, 1, 0, 0, 0]",1
5,1,207,"[3, 3, 4, 3, 4, 3, 3, 3, 4, 4]","[0, 0, 0, 0, 0, 0, 0, 0, 1, 0]",1
5,1,208,"[5, 5, 3, 4, 5, 4, 6, 4, 6, 8]","[0, 0, 0, 0, 1, 0, 1, 0, 1, 0]",1
5,1,209,"[4, 7, 4, 4, 4, 3, 4, 4, 5, 4]","[0, 0, 0, 0, 0, 0, 0, 0, 0, 0]",1
6,0,0,"[8, 1, 7, 3, 3, 7, 3, 4, 4, 6]","[1, 0, 0, 0, 0, 0, 0, 0, 1, 1]",1
6,0,1,"[5, 4, 4, 3, 2, 4, 5, 5, 4, 4]","[1, 0, 0, 0, 0, 0, 0, 0, 0, 0]",1
6,0,2,"[8, 9, 8, 8, 8, 2, 8, 6, 8, 8]","[0, 0, 1, 1, 0, 0, 0, 0, 1, 0]",1
6,0,3,"[6, 2, 5, 7, 7, 4, 3, 5, 8, 3]","[0, 0, 0, 1, 0, 0, 0, 0, 0, 0]",1
6,0,4,"[3, 6, 3, 3, 3, 4, 2, 1, 5, 4]","[0, 0, 0, 0, 0, 0, 0, 0, 0, 0]",1
6,0,5,"[4, 4, 6, 3, 4, 5, 6, 3, 4, 4]","[0, 0, 0, 0, 0, 0, 0, 0, 0, 0]",1
6,0,6,"[6, 5, 5, 3, 2, 7, 5, 5, 5, 5]","[0, 0, 1, 0, 0, 0, 0, 0, 0, 0]",1
6,0,7,"[7, 7, 8, 7, 7, 3, 6, 7, 5, 7]","[0, 0, 1, 1, 1, 0, 0, 0, 0, 0]",1
6,0,8,"[5, 4, 5, 3, 4, 4, 3, 4, 4, 4]","[0, 0, 0, 0, 0, 0, 0, 0, 0, 0]",1
6,0,9,"[7, 5, 5, 4, 3, 5, 4, 4, 5, 3]","[1, 1, 1, 1, 0, 0, 1, 1, 0, 0]",1
6,0,10,"[4, 4, 7, 5, 5, 4, 3, 4, 4, 4]","[0, 0, 0, 0, 0, 0, 0, 0, 0, 0]",1
6,0,11,"[6, 3, 5, 5, 5, 5, 5, 5, 5, 4]","[0, 0, 1, 0, 1, 0, 0, 0, 0, 0]",1
6,0,12,"[6, 5, 6, 6, 6, 6, 8, 6, 5, 7]","[1, 0, 1, 0, 0, 0, 0, 0, 1, 0]",1
6,0,13,"[4, 6, 6, 4, 6, 5, 6, 6, 7, 5]","[0, 0, 0, 0, 0, 0, 0, 0, 0, 0]",1
6,0,14,"[8, 5, 5, 4, 4, 4, 4, 4, 4, 4]","[0, 1, 0, 0, 0, 0, 0, 0, 0, 0]",1
6,0,15,"[4, 3, 8, 3, 3, 3, 3, 4, 4, 3]","[0, 0, 1, 0, 1, 0, 0, 0, 0, 0]",1
6,0,16,"[5, 8, 7, 4, 4, 9, 4, 4, 5, 4]","[0, 0, 0, 0, 1, 0, 0, 0, 0, 0]",1
6,0,17,"[7, 6, 4, 8, 8, 6, 3, 5, 5, 5]","[0, 1, 0, 0, 0, 0, 0, 0, 0, 0]",1
6,0,18,"[6, 5, 6, 6, 6, 6, 6, 6, 6, 7]","[0, 0, 0, 0, 0, 0, 0, 0, 0, 1]",1
6,0,19,"[1, 3, 6, 4, 3, 2, 3, 2, 3, 3]","[0, 0, 0, 0, 0, 0, 0, 0, 0, 0]",1
6,0,20,"[5, 6, 7, 3, 5, 5, 4, 8, 3, 2]","[0, 0, 0, 0, 0, 0, 0, 0, 0, 0]",1
6,0,21,"[7, 9, 9, 3, 9, 3, 9, 6, 2, 9]","[1, 0, 1, 0, 0, 0, 0, 0, 0, 0]",1
6,0,22,"[5, 5, 5, 5, 5, 5, 4, 5, 5, 5]","[0, 0, 0, 1, 0, 0, 0, 0, 0, 0]",1
6,0,23,"[5, 4, 5, 1, 4, 3, 4, 4, 3, 5]","[0, 1, 0, 0, 0, 0, 0, 0, 0, 0]",1
6,0,24,"[6, 6, 3, 5, 5, 6, 8, 4, 5, 5]","[0, 0, 0, 0, 0, 0, 0, 0, 0, 0]",1
6,0,25,"[7, 6, 6, 7, 5, 6, 6, 6, 6, 5]","[0, 0, 1, 1, 0, 1, 0, 0, 0, 1]",1
6,0,26,"[9, 9, 9, 9, 9, 9, 6, 9, 9, 9]","[1, 0, 0, 0, 1, 0, 1, 0, 1, 1]",1
6,0,27,"[6, 6, 6, 6, 6, 6, 6, 7, 6, 6]","[0, 0, 0, 0, 0, 0, 0, 1, 0, 0]",1
6,0,28,"[6, 6, 6, 6, 7, 5, 6, 6, 6, 6]","[0, 0, 1, 0, 0, 0, 0, 0, 0, 1]",1
6,0,29,"[9, 9, 9, 9, 9, 9, 9, 9, 9, 9]","[0, 0, 1, 1, 1, 0, 1, 1, 0, 0]",1
6,0,30,"[6, 7, 9, 8, 7, 7, 7, 7, 6, 7]","[1, 0, 1, 0, 0, 0, 1, 0, 0, 0]",1
6,0,31,"[6, 8, 4, 2, 3, 5, 6, 2, 3, 4]","[0, 0, 0, 0, 0, 0, 0, 0, 0, 0]",1
6,0,32,"[4, 4, 4, 3, 4, 4, 6, 4, 4, 5]","[0, 0, 0, 0, 0, 0, 0, 0, 0, 0]",1
6,0,33,"[3, 2, 3, 3, 3, 3, 3, 3, 3, 8]","[0, 0, 0, 0, 0, 0, 0, 0, 0, 0]",1
6,0,34,"[7, 5, 6, 7, 7, 5, 6, 7, 7, 7]","[0, 0, 0, 0, 0, 1, 0, 0, 0, 0]",1
6,0,35,"[5, 4, 8, 4, 4, 4, 3, 5, 4, 4]","[0, 0, 0, 0, 0, 0, 0, 0, 0, 0]",1
6,0,36,"[8, 8, 9, 9, 9, 9, 9, 9, 9, 8]","[0, 1, 0, 1, 0, 0, 0, 0, 0, 0]",1
6,0,37,"[4, 3, 6, 4, 2, 7, 6, 4, 5, 5]","[0, 0, 0, 1, 0, 0, 0, 0, 0, 0]",1
6,0,38,"[6, 5, 5, 5, 4, 6, 3, 5, 3, 3]","[0, 0, 0, 0, 1, 0, 0, 0, 0, 1]",1
6,0,39,"[5, 1, 1, 1, 3, 1, 1, 1, 4, 2]","[0, 0, 0, 0, 0, 0, 0, 0, 0, 0]",1
6,0,40,"[2, 2, 2, 2, 2, 2, 2, 2, 2, 2]","[0, 0, 0, 0, 0, 0, 0, 0, 0, 0]",1
6,0,41,"[2, 5, 7, 6, 5, 4, 4, 7, 6, 5]","[0, 0, 0, 0, 0, 0, 0, 1, 0, 0]",1
6,0,42,"[3, 2, 3, 4, 3, 3, 8, 3, 3, 3]","[0, 0, 0, 1, 0, 0, 0, 0, 0, 0]",1
6,0,43,"[3, 5, 4, 3, 3, 4, 3, 5, 3, 4]","[0, 0, 0, 0, 0, 0, 0, 0, 0, 0]",1
6,0,44,"[5, 6, 4, 5, 6, 6, 5, 5, 5, 3]","[0, 1, 0, 0, 0, 0, 0, 1, 0, 0]",1
6,0,45,"[4, 3, 6, 5, 2, 3, 3, 7, 3, 4]","[0, 0, 0, 0, 0, 0, 0, 0, 0, 0]",1
6,0,46,"[1, 1, 1, 1, 1, 4, 1, 1, 1, 1]","[0, 0, 0, 0, 0, 0, 0, 0, 0, 0]",1
6,0,47,"[7, 7, 7, 7, 7, 7, 6, 7, 7, 7]","[0, 0, 0, 0, 0, 0, 0, 0, 1, 0]",1
6,0,48,"[5, 1, 5, 6, 3, 5, 4, 5, 6, 5]","[0, 0, 0, 0, 1, 0, 0, 0, 0, 0]",1
6,0,49,"[4, 6, 6, 4, 6, 5, 5, 4, 5, 5]","[0, 0, 0, 0, 0, 0, 0, 0, 0, 0]",1
6,0,50,"[6, 8, 7, 7, 7, 5, 8, 8, 6, 7]","[0, 0, 0, 1, 0, 0, 1, 0, 0, 1]",1
6,0,51,"[6, 6, 5, 5, 4, 6, 6, 1, 5, 3]","[0, 0, 0, 0, 0, 1, 0, 0, 0, 0]",1
6,0,52,"[2, 3, 1, 4, 4, 5, 4, 2, 1, 4]","[0, 0, 0, 1, 0, 0, 0, 0, 0, 0]",1
6,0,53,"[3, 4, 4, 4, 4, 4, 4, 4, 4, 4]","[0, 0, 1, 0, 0, 0, 0, 0, 0, 0]",1
6,0,54,"[3, 7, 1, 3, 6, 9, 8, 7, 8, 7]","[0, 1, 0, 0, 0, 0, 0, 0, 0, 1]",1
6,0,55,"[5, 1, 3, 4, 4, 3, 3, 9, 7, 5]","[0, 0, 0, 0, 0, 0, 0, 0, 0, 0]",1
6,0,56,"[1, 1, 1, 7, 4, 1, 1, 1, 1, 5]","[0, 0, 0, 0, 0, 0, 0, 0, 0, 1]",1
6,0,57,"[6, 3, 2, 4, 3, 4, 3, 5, 4, 9]","[0, 0, 0, 0, 0, 0, 0, 0, 0, 0]",1
6,0,58,"[7, 7, 4, 5, 5, 5, 4, 6, 4, 6]","[1, 1, 0, 1, 1, 0, 0, 1, 0, 0]",1
6,0,59,"[4, 3, 4, 5, 4, 4, 3, 4, 4, 4]","[0, 0, 0, 0, 0, 0, 0, 0, 0, 0]",1
6,0,60,"[5, 2, 6, 6, 5, 3, 6, 4, 1, 8]","[0, 0, 0, 0, 0, 0, 0, 0, 0, 1]",1
6,0,61,"[3, 5, 3, 4, 6, 4, 4, 4, 5, 4]","[0, 0, 1, 0, 0, 0, 1, 0, 0, 0]",1
6,0,62,"[9, 9, 9, 9, 9, 9, 9, 9, 9, 9]","[0, 0, 1, 0, 0, 0, 0, 0, 0, 0]",1
6,0,63,"[5, 5, 5, 5, 2, 5, 5, 5, 6, 5]","[1, 0, 0, 0, 0, 0, 0, 0, 0, 0]",1
6,0,64,"[6, 7, 7, 6, 5, 7, 6, 9, 9, 7]","[0, 0, 0, 0, 0, 0, 0, 0, 1, 0]",1
6,0,65,"[4, 3, 3, 5, 4, 3, 3, 2, 5, 3]","[0, 0, 0, 0, 0, 0, 0, 0, 0, 0]",1
6,0,66,"[6, 4, 5, 7, 4, 5, 5, 4, 5, 8]","[0, 0, 0, 0, 0, 0, 0, 0, 0, 1]",1
6,0,67,"[6, 7, 7, 7, 7, 6, 6, 6, 5, 7]","[0, 1, 1, 0, 0, 0, 0, 0, 1, 0]",1
6,0,68,"[3, 4, 5, 5, 5, 4, 5, 4, 4, 7]","[0, 1, 0, 0, 1, 0, 0, 0, 0, 0]",1
6,0,69,"[3, 2, 1, 3, 4, 7, 6, 4, 6, 4]","[0, 0, 0, 0, 0, 0, 0, 0, 0, 0]",1
6,0,70,"[6, 6, 6, 5, 5, 5, 6, 6, 9, 6]","[1, 0, 1, 0, 1, 0, 0, 0, 1, 0]",1
6,0,71,"[7, 5, 6, 5, 5, 4, 5, 5, 5, 5]","[0, 0, 1, 1, 1, 0, 0, 0, 0, 0]",1
6,0,72,"[4, 5, 3, 4, 4, 4, 4, 5, 4, 4]","[0, 0, 0, 0, 1, 1, 0, 0, 0, 1]",1
6,0,73,"[7, 7, 5, 4, 6, 3, 6, 6, 6, 7]","[1, 0, 1, 1, 0, 1, 0, 0, 0, 0]",1
6,0,74,"[1, 2, 2, 4, 5, 4, 4, 4, 3, 3]","[0, 0, 0, 0, 0, 1, 0, 0, 0, 0]",1
6,0,75,"[6, 4, 6, 5, 5, 4, 5, 5, 5, 6]","[1, 0, 0, 0, 1, 0, 0, 0, 0, 0]",1
6,0,76,"[4, 6, 4, 2, 4, 4, 4, 4, 4, 4]","[0, 0, 1, 0, 0, 0, 0, 0, 0, 0]",1
6,0,77,"[6, 5, 4, 5, 6, 6, 6, 5, 8, 6]","[0, 0, 0, 1, 0, 0, 0, 0, 1, 0]",1
6,0,78,"[5, 5, 3, 6, 5, 7, 6, 4, 5, 5]","[0, 0, 0, 1, 1, 1, 0, 0, 0, 1]",1
6,0,79,"[5, 5, 4, 3, 4, 3, 4, 6, 4, 4]","[0, 0, 0, 0, 0, 0, 0, 0, 0, 0]",1
6,0,80,"[7, 2, 7, 7, 2, 8, 9, 6, 9, 9]","[0, 1, 0, 0, 0, 0, 1, 0, 0, 1]",1
6,0,81,"[7, 6, 1, 6, 6, 6, 6, 5, 7, 5]","[0, 0, 0, 0, 0, 0, 0, 0, 1, 0]",1
6,0,82,"[4, 5, 6, 5, 5, 5, 5, 9, 4, 7]","[0, 0, 0, 0, 0, 1, 0, 0, 0, 0]",1
6,0,83,"[3, 6, 7, 8, 2, 5, 6, 2, 3, 8]","[0, 0, 1, 0, 0, 0, 0, 0, 0, 0]",1
6,0,84,"[6, 3, 3, 7, 2, 5, 5, 4, 3, 3]","[0, 0, 1, 0, 0, 0, 0, 0, 0, 1]",1
6,0,85,"[6, 6, 6, 6, 1, 5, 6, 8, 6, 6]","[0, 0, 0, 0, 0, 0, 0, 0, 1, 0]",1
6,0,86,"[5, 9, 9, 9, 9, 9, 9, 9, 9, 9]","[1, 1, 1, 1, 0, 1, 0, 1, 0, 0]",1
6,0,87,"[4, 5, 6, 4, 3, 3, 2, 5, 5, 5]","[0, 0, 0, 1, 0, 0, 0, 0, 0, 1]",1
6,0,88,"[5, 6, 6, 4, 5, 6, 6, 6, 6, 1]","[0, 1, 0, 0, 0, 0, 0, 0, 0, 1]",1
6,0,89,"[5, 4, 5, 4, 4, 4, 4, 4, 5, 4]","[0, 0, 0, 0, 0, 0, 1, 0, 0, 0]",1
6,0,90,"[9, 9, 9, 9, 9, 9, 9, 9, 9, 9]","[0, 0, 0, 1, 0, 0, 0, 1, 0, 0]",1
6,0,91,"[5, 5, 4, 9, 5, 9, 8, 5, 4, 4]","[1, 0, 0, 0, 0, 0, 1, 0, 0, 0]",1
6,0,92,"[6, 7, 5, 7, 7, 7, 6, 7, 6, 6]","[0, 0, 0, 0, 0, 0, 0, 0, 0, 0]",1
6,0,93,"[5, 3, 3, 3, 2, 3, 3, 1, 1, 2]","[0, 0, 1, 0, 0, 1, 0, 0, 1, 0]",1
6,0,94,"[4, 4, 4, 5, 4, 4, 5, 9, 4, 5]","[0, 0, 0, 1, 0, 0, 0, 0, 1, 1]",1
6,0,95,"[3, 2, 2, 2, 3, 2, 4, 2, 2, 2]","[0, 0, 0, 0, 0, 0, 0, 0, 0, 0]",1
6,0,96,"[5, 5, 3, 6, 5, 8, 6, 6, 5, 5]","[0, 0, 0, 0, 0, 0, 0, 1, 1, 0]",1
6,0,97,"[4, 6, 8, 4, 5, 6, 3, 4, 5, 4]","[0, 0, 0, 0, 0, 0, 0, 0, 0, 0]",1
6,0,98,"[9, 9, 9, 9, 9, 9, 9, 9, 9, 9]","[0, 1, 0, 0, 1, 1, 0, 0, 0, 0]",1
6,0,99,"[3, 3, 4, 3, 3, 4, 4, 4, 3, 3]","[0, 0, 1, 0, 0, 0, 0, 1, 0, 0]",1
6,0,100,"[3, 5, 3, 4, 3, 1, 2, 3, 2, 3]","[0, 0, 1, 0, 0, 0, 0, 0, 0, 0]",1
6,0,101,"[6, 8, 8, 8, 8, 8, 8, 2, 8, 8]","[0, 0, 0, 0, 0, 0, 0, 0, 0, 0]",1
6,0,102,"[3, 3, 2, 4, 3, 5, 3, 4, 4, 8]","[0, 0, 0, 0, 0, 0, 0, 0, 0, 1]",1
6,0,103,"[7, 6, 7, 7, 7, 7, 7, 7, 7, 6]","[0, 0, 1, 1, 0, 0, 0, 0, 0, 0]",1
6,0,104,"[6, 4, 7, 8, 8, 8, 8, 7, 9, 7]","[0, 1, 1, 1, 0, 0, 0, 0, 0, 1]",1
6,0,105,"[1, 6, 6, 5, 7, 6, 6, 8, 8, 6]","[0, 1, 1, 1, 1, 1, 1, 0, 1, 1]",1
6,0,106,"[3, 4, 4, 4, 5, 9, 7, 5, 4, 4]","[0, 0, 0, 0, 0, 1, 0, 0, 0, 0]",1
6,0,107,"[6, 4, 3, 4, 3, 5, 4, 5, 4, 5]","[0, 0, 1, 0, 0, 0, 0, 0, 0, 0]",1
6,0,108,"[3, 9, 5, 9, 4, 2, 5, 2, 4, 8]","[0, 1, 1, 0, 0, 0, 1, 0, 0, 1]",1
6,0,109,"[5, 5, 6, 5, 3, 7, 6, 4, 6, 7]","[0, 0, 0, 0, 0, 0, 0, 1, 0, 0]",1
6,0,110,"[9, 9, 5, 8, 9, 9, 9, 6, 8, 9]","[1, 1, 0, 1, 1, 1, 1, 0, 1, 0]",1
6,0,111,"[7, 6, 7, 2, 8, 7, 6, 9, 8, 7]","[0, 0, 1, 0, 1, 0, 0, 0, 0, 0]",1
6,0,112,"[6, 2, 4, 3, 3, 3, 3, 3, 3, 3]","[1, 0, 0, 0, 0, 0, 0, 1, 0, 0]",1
6,0,113,"[4, 6, 5, 3, 4, 5, 3, 4, 7, 4]","[0, 0, 0, 1, 0, 0, 0, 1, 1, 1]",1
6,0,114,"[3, 3, 4, 4, 2, 3, 6, 3, 3, 3]","[0, 0, 1, 0, 0, 0, 0, 0, 0, 0]",1
6,0,115,"[8, 9, 7, 9, 9, 9, 9, 8, 7, 8]","[0, 0, 1, 1, 0, 0, 0, 1, 0, 0]",1
6,0,116,"[9, 9, 9, 9, 9, 9, 9, 9, 9, 9]","[1, 0, 0, 0, 1, 1, 0, 0, 1, 1]",1
6,0,117,"[5, 5, 6, 5, 4, 5, 3, 5, 5, 5]","[0, 0, 0, 0, 0, 0, 0, 1, 0, 0]",1
6,0,118,"[8, 7, 7, 7, 7, 7, 7, 7, 7, 6]","[1, 0, 0, 1, 1, 0, 1, 0, 0, 0]",1
6,0,119,"[4, 4, 4, 4, 4, 4, 4, 4, 5, 5]","[0, 0, 0, 0, 0, 0, 1, 0, 1, 0]",1
6,0,120,"[4, 3, 6, 7, 7, 6, 5, 7, 5, 5]","[0, 1, 0, 0, 0, 0, 0, 0, 0, 0]",1
6,0,121,"[4, 4, 4, 6, 4, 4, 3, 4, 4, 4]","[0, 0, 0, 0, 1, 0, 0, 0, 0, 0]",1
6,0,122,"[6, 6, 6, 6, 6, 6, 6, 7, 7, 6]","[0, 1, 1, 0, 1, 0, 1, 0, 0, 0]",1
6,0,123,"[5, 6, 6, 6, 5, 5, 5, 4, 5, 8]","[0, 0, 1, 0, 1, 0, 0, 0, 0, 0]",1
6,0,124,"[9, 7, 9, 7, 8, 2, 9, 9, 3, 9]","[0, 0, 0, 0, 0, 0, 0, 0, 0, 0]",1
6,0,125,"[5, 3, 4, 5, 5, 5, 4, 5, 6, 5]","[1, 0, 0, 0, 0, 0, 0, 0, 1, 0]",1
6,0,126,"[5, 2, 3, 4, 4, 3, 7, 2, 5, 4]","[0, 0, 0, 0, 0, 0, 1, 0, 0, 0]",1
6,0,127,"[4, 6, 5, 5, 4, 4, 4, 4, 3, 4]","[0, 0, 0, 0, 0, 0, 0, 0, 0, 0]",1
6,0,128,"[6, 6, 3, 8, 8, 7, 6, 8, 6, 6]","[0, 1, 0, 0, 0, 0, 0, 0, 0, 0]",1
6,0,129,"[5, 7, 7, 6, 5, 7, 8, 5, 8, 7]","[0, 1, 1, 1, 1, 0, 1, 0, 1, 1]",1
6,0,130,"[6, 8, 7, 6, 7, 6, 7, 7, 6, 8]","[0, 0, 0, 0, 0, 0, 0, 0, 0, 0]",1
6,0,131,"[9, 9, 8, 9, 9, 9, 9, 9, 9, 8]","[1, 0, 1, 0, 1, 1, 1, 0, 0, 0]",1
6,0,132,"[6, 2, 2, 5, 5, 5, 6, 5, 4, 6]","[1, 0, 0, 0, 0, 1, 0, 1, 0, 0]",1
6,0,133,"[2, 2, 2, 2, 3, 2, 2, 2, 1, 2]","[0, 0, 0, 0, 0, 0, 0, 1, 1, 0]",1
6,0,134,"[6, 5, 9, 7, 6, 7, 7, 7, 7, 7]","[0, 0, 0, 0, 0, 0, 1, 0, 1, 0]",1
6,0,135,"[6, 7, 8, 5, 5, 6, 4, 5, 6, 7]","[0, 0, 1, 1, 0, 0, 1, 0, 1, 0]",1
6,0,136,"[8, 6, 7, 4, 7, 4, 6, 7, 6, 9]","[0, 0, 1, 1, 1, 0, 0, 0, 0, 1]",1
6,0,137,"[5, 6, 3, 7, 3, 7, 3, 4, 3, 5]","[0, 1, 0, 0, 0, 0, 0, 0, 0, 0]",1
6,0,138,"[4, 4, 3, 4, 4, 4, 4, 4, 4, 4]","[0, 0, 0, 0, 0, 0, 0, 0, 0, 0]",1
6,0,139,"[4, 5, 7, 4, 4, 4, 3, 4, 7, 3]","[0, 0, 0, 0, 0, 0, 0, 0, 1, 0]",1
6,0,140,"[4, 8, 5, 5, 7, 5, 4, 5, 5, 5]","[0, 0, 0, 0, 1, 0, 0, 1, 1, 1]",1
6,0,141,"[4, 4, 3, 3, 4, 3, 4, 8, 3, 4]","[0, 0, 0, 0, 0, 0, 0, 1, 0, 0]",1
6,0,142,"[3, 5, 5, 7, 6, 5, 3, 2, 7, 6]","[1, 0, 0, 1, 0, 0, 0, 0, 0, 1]",1
6,0,143,"[4, 6, 4, 5, 4, 4, 4, 3, 5, 4]","[0, 0, 0, 0, 0, 0, 0, 0, 0, 0]",1
6,0,144,"[8, 8, 8, 6, 9, 9, 9, 8, 8, 9]","[0, 0, 0, 0, 1, 1, 0, 0, 1, 0]",1
6,0,145,"[7, 6, 6, 6, 4, 6, 6, 7, 7, 8]","[1, 0, 0, 0, 0, 0, 0, 0, 1, 1]",1
6,0,146,"[7, 7, 7, 7, 8, 9, 7, 7, 7, 7]","[1, 0, 1, 0, 0, 0, 0, 0, 1, 0]",1
6,0,147,"[3, 6, 4, 4, 3, 3, 5, 5, 4, 3]","[0, 0, 0, 0, 0, 0, 0, 1, 0, 0]",1
6,0,148,"[5, 1, 2, 6, 4, 5, 5, 2, 2, 2]","[0, 0, 0, 0, 0, 0, 0, 0, 0, 0]",1
6,0,149,"[5, 3, 5, 2, 6, 5, 2, 3, 6, 5]","[0, 0, 0, 0, 1, 0, 0, 0, 1, 1]",1
6,0,150,"[5, 6, 9, 7, 7, 4, 4, 5, 5, 5]","[0, 0, 0, 0, 1, 0, 0, 0, 0, 0]",1
6,0,151,"[6, 4, 4, 2, 4, 3, 4, 4, 5, 4]","[0, 0, 0, 0, 0, 0, 0, 0, 0, 0]",1
6,0,152,"[5, 5, 5, 5, 3, 5, 5, 3, 4, 5]","[0, 0, 0, 0, 0, 0, 0, 0, 0, 0]",1
6,0,153,"[5, 6, 5, 4, 5, 6, 6, 5, 6, 6]","[1, 0, 0, 0, 0, 0, 0, 1, 0, 0]",1
6,0,154,"[7, 7, 8, 7, 8, 7, 7, 7, 6, 8]","[1, 0, 1, 0, 1, 0, 0, 0, 0, 0]",1
6,0,155,"[6, 4, 5, 5, 6, 5, 6, 9, 4, 5]","[0, 0, 0, 0, 1, 0, 0, 1, 0, 0]",1
6,0,156,"[2, 3, 2, 2, 2, 2, 2, 3, 2, 3]","[0, 0, 0, 0, 0, 0, 0, 0, 0, 0]",1
6,0,157,"[5, 5, 5, 5, 5, 6, 5, 5, 4, 6]","[0, 0, 0, 0, 1, 0, 0, 0, 0, 1]",1
6,0,158,"[7, 7, 7, 7, 7, 8, 7, 7, 7, 7]","[0, 1, 1, 0, 0, 1, 0, 0, 0, 0]",1
6,0,159,"[6, 5, 6, 6, 6, 6, 6, 6, 6, 6]","[0, 0, 1, 0, 0, 1, 0, 1, 0, 1]",1
6,0,160,"[9, 9, 9, 5, 9, 5, 5, 5, 4, 3]","[1, 0, 1, 1, 1, 0, 0, 0, 0, 1]",1
6,0,161,"[5, 5, 5, 5, 5, 5, 4, 5, 5, 1]","[0, 1, 0, 0, 1, 0, 0, 0, 0, 0]",1
6,0,162,"[9, 9, 9, 9, 9, 9, 9, 9, 9, 9]","[0, 1, 0, 0, 0, 0, 0, 1, 0, 0]",1
6,0,163,"[7, 8, 3, 4, 3, 4, 5, 4, 8, 4]","[1, 0, 0, 0, 1, 0, 0, 0, 0, 0]",1
6,0,164,"[9, 9, 9, 9, 9, 9, 9, 9, 9, 9]","[0, 1, 1, 0, 0, 1, 0, 1, 0, 1]",1
6,0,165,"[4, 4, 5, 5, 5, 6, 5, 5, 5, 6]","[0, 0, 0, 1, 0, 1, 0, 0, 0, 0]",1
6,0,166,"[9, 9, 4, 4, 8, 8, 8, 8, 5, 8]","[0, 0, 0, 0, 0, 1, 0, 0, 0, 0]",1
6,0,167,"[5, 3, 5, 5, 8, 5, 5, 6, 4, 5]","[0, 0, 0, 1, 0, 1, 0, 1, 0, 0]",1
6,0,168,"[5, 7, 6, 8, 6, 6, 7, 7, 5, 6]","[0, 1, 1, 1, 0, 1, 1, 0, 1, 1]",1
6,0,169,"[5, 6, 7, 6, 7, 6, 5, 4, 5, 6]","[0, 0, 0, 0, 0, 1, 0, 0, 0, 0]",1
6,0,170,"[8, 9, 9, 9, 9, 9, 9, 9, 3, 9]","[0, 1, 0, 1, 0, 0, 0, 0, 0, 1]",1
6,0,171,"[7, 6, 6, 9, 5, 9, 9, 4, 5, 9]","[0, 0, 1, 0, 0, 1, 1, 0, 0, 0]",1
6,0,172,"[2, 4, 7, 7, 6, 6, 5, 5, 8, 5]","[1, 0, 1, 1, 0, 0, 0, 0, 1, 0]",1
6,0,173,"[8, 5, 8, 8, 8, 8, 5, 7, 8, 6]","[0, 0, 0, 0, 0, 0, 0, 0, 0, 0]",1
6,0,174,"[6, 7, 5, 8, 7, 6, 6, 7, 6, 6]","[0, 0, 1, 0, 0, 1, 0, 0, 0, 0]",1
6,0,175,"[6, 5, 4, 5, 3, 5, 5, 5, 4, 5]","[0, 0, 0, 1, 0, 0, 0, 0, 0, 0]",1
6,0,176,"[9, 1, 9, 8, 4, 9, 9, 1, 6, 9]","[1, 1, 0, 1, 0, 0, 0, 0, 0, 0]",1
6,0,177,"[1, 7, 7, 6, 5, 2, 7, 6, 5, 1]","[1, 1, 1, 0, 0, 0, 0, 0, 1, 0]",1
6,0,178,"[8, 5, 6, 7, 7, 5, 5, 6, 9, 7]","[0, 0, 0, 0, 0, 0, 0, 0, 1, 0]",1
6,0,179,"[5, 9, 7, 9, 9, 5, 9, 4, 3, 9]","[0, 0, 0, 0, 0, 0, 1, 0, 0, 0]",1
6,0,180,"[3, 3, 4, 3, 2, 3, 3, 4, 3, 2]","[0, 0, 0, 0, 0, 0, 0, 0, 0, 0]",1
6,0,181,"[7, 5, 2, 7, 5, 6, 7, 2, 7, 4]","[1, 0, 1, 1, 1, 0, 0, 1, 1, 1]",1
6,0,182,"[3, 2, 2, 3, 3, 4, 3, 4, 2, 3]","[0, 1, 0, 1, 0, 1, 0, 0, 0, 0]",1
6,0,183,"[7, 6, 8, 5, 5, 7, 6, 6, 7, 5]","[1, 1, 0, 0, 0, 0, 0, 0, 0, 0]",1
6,0,184,"[6, 6, 4, 7, 6, 4, 6, 6, 6, 8]","[0, 0, 0, 0, 0, 0, 0, 1, 0, 0]",1
6,0,185,"[2, 6, 6, 4, 6, 1, 8, 5, 4, 4]","[0, 0, 0, 0, 0, 1, 0, 0, 0, 0]",1
6,0,186,"[8, 8, 4, 9, 7, 7, 9, 4, 8, 9]","[0, 0, 0, 1, 0, 1, 1, 0, 1, 1]",1
6,0,187,"[6, 5, 5, 4, 6, 6, 6, 6, 6, 7]","[0, 1, 1, 0, 1, 1, 0, 0, 0, 0]",1
6,0,188,"[9, 9, 9, 9, 8, 9, 9, 9, 9, 9]","[1, 1, 0, 0, 0, 0, 1, 1, 0, 1]",1
6,0,189,"[6, 5, 6, 5, 7, 5, 8, 7, 5, 5]","[1, 0, 0, 0, 1, 0, 1, 0, 0, 0]",1
6,0,190,"[3, 3, 3, 4, 4, 2, 4, 3, 4, 4]","[1, 1, 0, 1, 1, 0, 0, 0, 0, 0]",1
6,0,191,"[9, 9, 9, 9, 9, 9, 9, 9, 9, 9]","[1, 0, 0, 0, 0, 0, 0, 1, 1, 0]",1
6,0,192,"[8, 9, 9, 9, 9, 7, 9, 9, 9, 9]","[0, 0, 0, 0, 1, 1, 0, 1, 1, 1]",1
6,0,193,"[9, 9, 9, 9, 9, 9, 9, 9, 9, 6]","[0, 0, 1, 1, 0, 0, 0, 0, 0, 1]",1
6,0,194,"[6, 8, 8, 8, 7, 5, 6, 8, 5, 8]","[0, 1, 0, 0, 0, 1, 1, 1, 1, 1]",1
6,0,195,"[1, 1, 4, 1, 7, 2, 2, 2, 1, 1]","[1, 0, 1, 0, 0, 0, 0, 1, 0, 0]",1
6,0,196,"[5, 4, 5, 3, 4, 4, 3, 2, 2, 3]","[0, 0, 0, 0, 0, 1, 0, 0, 0, 0]",1
6,0,197,"[6, 6, 7, 6, 6, 6, 6, 9, 6, 6]","[0, 0, 0, 0, 1, 0, 0, 0, 0, 1]",1
6,0,198,"[4, 6, 2, 3, 2, 3, 2, 4, 1, 4]","[0, 0, 0, 0, 0, 0, 0, 0, 0, 1]",1
6,0,199,"[5, 5, 5, 5, 5, 4, 5, 5, 5, 5]","[0, 0, 1, 0, 0, 0, 0, 0, 0, 0]",1
6,0,200,"[5, 5, 5, 5, 5, 5, 5, 4, 5, 5]","[0, 0, 0, 0, 0, 0, 0, 0, 0, 0]",1
6,0,201,"[9, 8, 5, 7, 7, 7, 8, 9, 9, 8]","[0, 0, 1, 1, 0, 0, 1, 1, 0, 0]",1
6,0,202,"[4, 5, 6, 6, 5, 7, 7, 6, 5, 6]","[0, 1, 0, 0, 1, 0, 0, 1, 0, 1]",1
6,0,203,"[6, 6, 6, 5, 6, 7, 2, 6, 5, 9]","[0, 1, 0, 0, 0, 0, 1, 0, 0, 1]",1
6,0,204,"[8, 8, 9, 7, 8, 8, 8, 8, 7, 9]","[1, 0, 1, 0, 1, 1, 0, 1, 1, 0]",1
6,0,205,"[7, 7, 7, 7, 7, 6, 7, 6, 6, 7]","[1, 1, 0, 1, 1, 0, 0, 0, 0, 1]",1
6,0,206,"[3, 3, 3, 3, 7, 4, 3, 2, 8, 3]","[0, 0, 0, 1, 0, 0, 0, 0, 0, 1]",1
6,0,207,"[4, 3, 3, 4, 4, 4, 5, 4, 4, 4]","[0, 0, 0, 1, 0, 0, 0, 0, 1, 0]",1
6,0,208,"[9, 9, 7, 8, 9, 9, 9, 8, 9, 9]","[0, 0, 1, 0, 0, 0, 1, 0, 0, 1]",1
6,0,209,"[7, 7, 7, 7, 5, 7, 6, 7, 7, 7]","[1, 0, 1, 0, 0, 0, 0, 0, 0, 0]",1
6,1,0,"[2, 9, 4, 5, 3, 5, 1, 3, 7, 3]","[0, 0, 0, 0, 0, 0, 0, 0, 1, 1]",1
6,1,1,"[3, 5, 3, 2, 4, 4, 4, 4, 5, 3]","[0, 1, 0, 0, 1, 0, 0, 0, 0, 0]",1
6,1,2,"[2, 2, 2, 4, 2, 2, 2, 2, 1, 5]","[0, 0, 0, 1, 0, 1, 1, 0, 1, 1]",1
6,1,3,"[4, 6, 6, 6, 7, 3, 7, 6, 6, 6]","[0, 0, 0, 0, 0, 0, 0, 0, 0, 0]",1
6,1,4,"[4, 6, 4, 4, 3, 4, 4, 3, 2, 5]","[0, 1, 1, 0, 0, 0, 1, 0, 0, 1]",1
6,1,5,"[2, 2, 6, 3, 6, 6, 3, 7, 2, 5]","[0, 0, 0, 0, 0, 0, 1, 0, 1, 1]",1
6,1,6,"[5, 5, 5, 5, 5, 5, 5, 5, 2, 5]","[0, 0, 1, 1, 1, 0, 0, 0, 0, 0]",1
6,1,7,"[5, 6, 5, 5, 8, 5, 5, 6, 5, 5]","[1, 0, 0, 1, 0, 0, 0, 1, 0, 0]",1
6,1,8,"[5, 4, 1, 7, 4, 4, 3, 5, 3, 3]","[0, 0, 0, 1, 0, 0, 0, 0, 0, 0]",1
6,1,9,"[3, 2, 3, 2, 4, 4, 3, 2, 7, 5]","[0, 0, 0, 0, 1, 1, 1, 1, 1, 0]",1
6,1,10,"[4, 2, 5, 4, 3, 4, 4, 2, 5, 4]","[0, 0, 1, 0, 0, 0, 0, 0, 0, 1]",1
6,1,11,"[3, 2, 4, 3, 4, 2, 2, 5, 4, 3]","[0, 0, 0, 0, 0, 0, 0, 0, 0, 0]",1
6,1,12,"[3, 8, 3, 3, 3, 6, 3, 3, 3, 4]","[0, 1, 0, 0, 0, 0, 0, 0, 0, 0]",1
6,1,13,"[5, 4, 3, 5, 4, 4, 6, 6, 4, 4]","[0, 0, 0, 1, 0, 0, 0, 1, 0, 0]",1
6,1,14,"[3, 3, 2, 3, 6, 2, 2, 2, 2, 2]","[0, 0, 1, 0, 0, 0, 0, 0, 0, 0]",1
6,1,15,"[6, 5, 3, 6, 6, 5, 6, 5, 6, 5]","[0, 0, 0, 0, 0, 0, 0, 0, 0, 0]",1
6,1,16,"[7, 4, 5, 8, 6, 7, 5, 7, 6, 7]","[0, 1, 0, 0, 0, 1, 0, 0, 0, 1]",1
6,1,17,"[5, 6, 5, 6, 5, 4, 4, 4, 5, 5]","[0, 0, 1, 1, 0, 0, 0, 0, 1, 0]",1
6,1,18,"[3, 2, 3, 1, 2, 3, 4, 3, 3, 3]","[1, 0, 0, 0, 0, 0, 0, 0, 1, 0]",1
6,1,19,"[2, 2, 3, 2, 4, 2, 2, 2, 2, 2]","[0, 0, 0, 0, 1, 0, 0, 0, 0, 0]",1
6,1,20,"[4, 5, 4, 4, 4, 1, 8, 5, 4, 6]","[0, 0, 0, 0, 0, 0, 0, 1, 0, 0]",1
6,1,21,"[6, 3, 5, 3, 6, 5, 4, 4, 6, 4]","[0, 0, 0, 1, 0, 0, 0, 0, 0, 0]",1
6,1,22,"[4, 4, 4, 4, 4, 5, 3, 3, 4, 4]","[0, 0, 0, 0, 0, 0, 0, 0, 0, 0]",1
6,1,23,"[5, 3, 4, 4, 3, 5, 4, 3, 3, 4]","[1, 0, 0, 0, 1, 1, 0, 0, 0, 0]",1
6,1,24,"[6, 1, 4, 2, 1, 6, 4, 1, 5, 4]","[0, 0, 0, 0, 0, 0, 0, 0, 0, 1]",1
6,1,25,"[5, 5, 5, 6, 5, 5, 4, 6, 5, 5]","[0, 0, 0, 0, 0, 1, 0, 0, 1, 0]",1
6,1,26,"[3, 3, 3, 6, 4, 6, 3, 8, 4, 6]","[0, 0, 0, 0, 1, 1, 0, 0, 0, 0]",1
6,1,27,"[4, 4, 4, 4, 4, 4, 4, 4, 4, 4]","[0, 0, 0, 0, 0, 0, 0, 0, 0, 0]",1
6,1,28,"[4, 4, 4, 4, 4, 4, 4, 4, 4, 4]","[0, 0, 0, 0, 0, 0, 0, 0, 0, 0]",1
6,1,29,"[9, 9, 9, 7, 9, 9, 7, 9, 9, 9]","[0, 0, 0, 1, 0, 0, 0, 1, 1, 0]",1
6,1,30,"[3, 3, 4, 6, 4, 3, 4, 2, 4, 4]","[0, 0, 0, 0, 0, 0, 0, 0, 0, 0]",1
6,1,31,"[5, 2, 3, 3, 2, 3, 4, 3, 3, 3]","[0, 0, 0, 0, 0, 0, 0, 0, 0, 0]",1
6,1,32,"[4, 4, 4, 2, 4, 3, 3, 2, 4, 4]","[0, 0, 1, 0, 1, 1, 0, 0, 0, 0]",1
6,1,33,"[2, 2, 2, 3, 3, 2, 2, 2, 2, 2]","[0, 0, 0, 0, 0, 0, 0, 0, 0, 0]",1
6,1,34,"[7, 7, 5, 5, 4, 5, 5, 5, 5, 5]","[1, 0, 0, 0, 0, 1, 1, 0, 0, 0]",1
6,1,35,"[3, 7, 2, 2, 2, 4, 6, 2, 2, 9]","[0, 1, 0, 0, 0, 1, 0, 0, 0, 1]",1
6,1,36,"[5, 1, 5, 3, 5, 5, 7, 5, 5, 4]","[0, 0, 0, 0, 1, 0, 0, 0, 0, 0]",1
6,1,37,"[4, 4, 4, 4, 4, 3, 4, 4, 4, 4]","[0, 0, 1, 0, 1, 0, 1, 0, 0, 0]",1
6,1,38,"[4, 5, 5, 2, 3, 9, 4, 4, 5, 3]","[0, 0, 0, 0, 0, 0, 0, 1, 0, 0]",1
6,1,39,"[2, 3, 1, 3, 1, 1, 1, 1, 1, 1]","[1, 1, 0, 1, 0, 0, 0, 0, 0, 0]",1
6,1,40,"[2, 3, 2, 5, 2, 2, 2, 2, 2, 2]","[0, 1, 0, 0, 0, 0, 0, 0, 0, 0]",1
6,1,41,"[6, 5, 4, 3, 5, 6, 5, 6, 6, 2]","[0, 0, 1, 0, 0, 0, 0, 1, 0, 0]",1
6,1,42,"[4, 4, 4, 4, 2, 4, 4, 4, 4, 4]","[0, 1, 0, 0, 0, 1, 0, 0, 1, 0]",1
6,1,43,"[4, 4, 3, 7, 4, 3, 5, 3, 2, 3]","[0, 0, 0, 0, 1, 0, 0, 1, 0, 0]",1
6,1,44,"[5, 5, 4, 3, 4, 4, 5, 3, 4, 4]","[1, 0, 0, 0, 0, 1, 0, 0, 0, 0]",1
6,1,45,"[8, 4, 4, 5, 6, 8, 5, 3, 5, 3]","[0, 0, 1, 0, 1, 0, 0, 0, 0, 0]",1
6,1,46,"[4, 3, 3, 3, 3, 3, 3, 3, 4, 3]","[0, 0, 0, 0, 0, 0, 0, 1, 0, 0]",1
6,1,47,"[4, 4, 6, 2, 4, 4, 4, 4, 5, 5]","[0, 0, 0, 0, 0, 0, 0, 0, 0, 0]",1
6,1,48,"[2, 3, 3, 9, 3, 3, 3, 3, 4, 3]","[0, 0, 0, 0, 0, 0, 0, 0, 0, 1]",1
6,1,49,"[3, 6, 4, 1, 5, 4, 4, 1, 7, 6]","[0, 0, 0, 0, 0, 0, 0, 0, 0, 0]",1
6,1,50,"[3, 9, 4, 4, 4, 3, 4, 4, 5, 5]","[0, 0, 0, 1, 0, 0, 1, 1, 1, 0]",1
6,1,51,"[3, 3, 3, 3, 4, 2, 7, 4, 2, 3]","[0, 0, 0, 0, 1, 1, 0, 1, 0, 0]",1
6,1,52,"[2, 9, 3, 3, 1, 2, 2, 2, 6, 1]","[0, 1, 0, 0, 0, 0, 0, 0, 0, 0]",1
6,1,53,"[3, 3, 3, 3, 3, 4, 2, 3, 3, 5]","[0, 0, 0, 1, 0, 0, 0, 0, 0, 0]",1
6,1,54,"[2, 3, 2, 2, 7, 2, 3, 5, 6, 5]","[0, 0, 0, 0, 0, 0, 1, 0, 0, 0]",1
6,1,55,"[7, 7, 6, 7, 6, 3, 6, 6, 7, 7]","[0, 1, 0, 0, 0, 0, 0, 0, 1, 1]",1
6,1,56,"[5, 2, 2, 3, 3, 1, 1, 4, 6, 2]","[0, 0, 0, 0, 0, 0, 1, 1, 0, 0]",1
6,1,57,"[4, 4, 3, 3, 5, 5, 3, 3, 6, 3]","[0, 0, 0, 0, 1, 1, 1, 0, 0, 1]",1
6,1,58,"[5, 6, 3, 5, 2, 6, 3, 3, 1, 3]","[0, 0, 0, 0, 0, 0, 0, 0, 0, 0]",1
6,1,59,"[2, 4, 3, 1, 4, 3, 4, 5, 6, 2]","[0, 0, 1, 0, 0, 0, 0, 0, 0, 0]",1
6,1,60,"[1, 1, 2, 2, 4, 7, 4, 3, 5, 2]","[0, 0, 1, 0, 0, 1, 0, 0, 0, 0]",1
6,1,61,"[4, 4, 4, 3, 4, 5, 4, 4, 4, 8]","[0, 0, 0, 0, 0, 0, 0, 1, 0, 1]",1
6,1,62,"[8, 8, 8, 8, 8, 7, 7, 8, 8, 5]","[0, 1, 1, 1, 0, 1, 0, 0, 0, 0]",1
6,1,63,"[4, 4, 4, 4, 3, 4, 4, 4, 5, 4]","[0, 0, 0, 0, 1, 0, 0, 0, 0, 0]",1
6,1,64,"[3, 2, 3, 3, 3, 4, 3, 3, 5, 3]","[0, 0, 0, 1, 0, 0, 0, 0, 1, 0]",1
6,1,65,"[6, 3, 2, 3, 7, 2, 5, 7, 5, 6]","[1, 1, 0, 0, 0, 0, 1, 0, 0, 0]",1
6,1,66,"[7, 5, 5, 5, 5, 6, 3, 6, 4, 3]","[1, 0, 0, 1, 1, 1, 1, 0, 0, 0]",1
6,1,67,"[4, 4, 4, 2, 3, 3, 3, 6, 4, 4]","[1, 1, 0, 0, 1, 0, 0, 1, 1, 0]",1
6,1,68,"[3, 4, 6, 4, 5, 5, 5, 5, 3, 5]","[0, 0, 0, 0, 0, 1, 0, 1, 0, 0]",1
6,1,69,"[4, 4, 6, 4, 5, 4, 7, 3, 6, 4]","[0, 0, 0, 0, 0, 1, 0, 0, 1, 0]",1
6,1,70,"[6, 5, 2, 5, 6, 4, 5, 4, 4, 6]","[0, 0, 0, 0, 0, 0, 0, 0, 1, 0]",1
6,1,71,"[4, 4, 4, 4, 4, 4, 4, 5, 4, 4]","[0, 0, 0, 0, 1, 0, 0, 0, 0, 0]",1
6,1,72,"[6, 4, 6, 6, 6, 5, 6, 6, 6, 4]","[0, 0, 0, 0, 0, 0, 1, 0, 0, 0]",1
6,1,73,"[4, 1, 7, 6, 1, 4, 1, 1, 1, 4]","[1, 1, 1, 1, 1, 0, 1, 0, 0, 0]",1
6,1,74,"[2, 9, 1, 2, 2, 2, 2, 3, 4, 1]","[0, 1, 1, 0, 0, 0, 0, 0, 0, 1]",1
6,1,75,"[7, 1, 5, 5, 8, 9, 9, 8, 8, 7]","[1, 0, 1, 0, 0, 1, 0, 0, 0, 0]",1
6,1,76,"[4, 3, 4, 4, 5, 5, 2, 4, 5, 1]","[0, 0, 0, 1, 1, 0, 1, 0, 0, 0]",1
6,1,77,"[3, 4, 5, 4, 4, 4, 3, 3, 3, 8]","[0, 0, 0, 1, 0, 0, 1, 0, 0, 0]",1
6,1,78,"[2, 3, 5, 6, 4, 6, 5, 2, 4, 5]","[0, 1, 1, 0, 0, 1, 0, 0, 1, 0]",1
6,1,79,"[5, 7, 7, 7, 7, 7, 5, 7, 3, 6]","[1, 1, 1, 1, 1, 0, 1, 1, 0, 0]",1
6,1,80,"[6, 8, 7, 4, 7, 5, 7, 7, 7, 8]","[0, 1, 0, 0, 0, 0, 0, 1, 0, 1]",1
6,1,81,"[3, 5, 4, 5, 5, 6, 4, 5, 4, 6]","[0, 0, 1, 1, 0, 1, 0, 0, 1, 1]",1
6,1,82,"[5, 5, 5, 4, 4, 3, 2, 3, 4, 4]","[0, 0, 1, 0, 0, 0, 0, 1, 0, 1]",1
6,1,83,"[7, 4, 1, 3, 7, 6, 5, 1, 6, 6]","[1, 0, 0, 0, 1, 1, 0, 1, 1, 0]",1
6,1,84,"[2, 2, 1, 2, 2, 1, 1, 1, 1, 5]","[0, 0, 0, 0, 0, 0, 0, 0, 0, 1]",1
6,1,85,"[3, 3, 3, 3, 3, 3, 3, 5, 3, 3]","[0, 0, 0, 1, 0, 0, 0, 0, 1, 0]",1
6,1,86,"[7, 6, 7, 2, 7, 6, 4, 7, 6, 6]","[0, 1, 0, 1, 1, 0, 0, 1, 0, 1]",1
6,1,87,"[4, 1, 2, 3, 2, 5, 1, 3, 3, 4]","[0, 0, 0, 0, 1, 1, 0, 0, 1, 0]",1
6,1,88,"[3, 3, 3, 3, 3, 3, 3, 3, 3, 3]","[1, 0, 0, 0, 0, 0, 0, 0, 0, 0]",1
6,1,89,"[4, 4, 4, 3, 3, 4, 5, 4, 3, 3]","[0, 0, 0, 0, 1, 1, 0, 0, 1, 0]",1
6,1,90,"[6, 1, 5, 6, 6, 5, 6, 6, 7, 6]","[0, 0, 0, 0, 1, 0, 0, 0, 0, 1]",1
6,1,91,"[3, 3, 3, 4, 3, 8, 6, 4, 7, 5]","[0, 1, 0, 1, 1, 0, 0, 1, 0, 1]",1
6,1,92,"[6, 4, 4, 1, 4, 8, 6, 5, 4, 5]","[0, 1, 0, 0, 0, 0, 0, 0, 0, 0]",1
6,1,93,"[4, 4, 3, 6, 3, 4, 2, 1, 3, 1]","[0, 0, 1, 1, 0, 0, 0, 0, 1, 0]",1
6,1,94,"[4, 3, 5, 1, 3, 3, 8, 6, 4, 7]","[1, 0, 1, 0, 0, 1, 1, 0, 0, 0]",1
6,1,95,"[5, 5, 5, 5, 3, 5, 4, 5, 5, 5]","[0, 0, 1, 0, 0, 1, 0, 1, 0, 0]",1
6,1,96,"[5, 4, 4, 4, 3, 4, 3, 4, 4, 4]","[0, 0, 1, 0, 0, 1, 1, 1, 0, 0]",1
6,1,97,"[2, 3, 3, 4, 3, 2, 3, 2, 3, 3]","[0, 0, 0, 0, 0, 0, 0, 0, 0, 0]",1
6,1,98,"[9, 7, 4, 1, 7, 7, 9, 3, 3, 3]","[0, 1, 0, 0, 0, 1, 1, 0, 0, 0]",1
6,1,99,"[2, 3, 3, 3, 2, 2, 3, 3, 3, 2]","[0, 0, 0, 0, 0, 0, 0, 0, 0, 0]",1
6,1,100,"[1, 2, 3, 3, 2, 2, 3, 2, 3, 3]","[0, 0, 0, 0, 0, 0, 0, 0, 0, 0]",1
6,1,101,"[4, 6, 3, 3, 2, 3, 4, 1, 4, 2]","[0, 0, 1, 0, 0, 0, 0, 0, 0, 0]",1
6,1,102,"[5, 8, 4, 5, 3, 5, 3, 5, 1, 5]","[0, 0, 0, 0, 0, 0, 0, 0, 1, 0]",1
6,1,103,"[2, 2, 2, 2, 2, 8, 2, 2, 2, 2]","[0, 0, 0, 0, 0, 0, 0, 0, 0, 0]",1
6,1,104,"[4, 4, 4, 4, 4, 4, 4, 2, 7, 4]","[0, 0, 0, 0, 0, 0, 1, 1, 1, 0]",1
6,1,105,"[9, 5, 3, 3, 3, 4, 5, 4, 5, 4]","[0, 0, 0, 0, 0, 0, 0, 0, 0, 0]",1
6,1,106,"[4, 4, 4, 5, 4, 5, 4, 4, 3, 3]","[0, 0, 0, 0, 0, 0, 0, 0, 0, 0]",1
6,1,107,"[3, 3, 4, 4, 3, 4, 2, 3, 3, 3]","[1, 0, 0, 1, 0, 0, 0, 0, 0, 0]",1
6,1,108,"[5, 2, 3, 2, 7, 3, 5, 3, 3, 4]","[0, 0, 0, 0, 1, 0, 0, 0, 0, 0]",1
6,1,109,"[3, 4, 4, 4, 6, 3, 4, 5, 3, 4]","[1, 1, 0, 0, 0, 0, 0, 0, 0, 0]",1
6,1,110,"[5, 4, 4, 3, 6, 4, 3, 5, 4, 2]","[0, 0, 0, 0, 1, 0, 0, 0, 0, 0]",1
6,1,111,"[4, 6, 5, 3, 4, 4, 4, 7, 4, 5]","[0, 1, 0, 0, 0, 0, 0, 1, 1, 0]",1
6,1,112,"[5, 5, 5, 5, 5, 5, 5, 5, 5, 4]","[0, 1, 0, 0, 0, 0, 1, 0, 1, 1]",1
6,1,113,"[5, 6, 5, 4, 4, 6, 5, 3, 5, 5]","[1, 0, 0, 0, 0, 0, 0, 0, 0, 0]",1
6,1,114,"[4, 4, 5, 3, 4, 4, 4, 5, 4, 4]","[0, 0, 0, 0, 0, 0, 0, 0, 0, 0]",1
6,1,115,"[2, 5, 4, 7, 3, 5, 4, 4, 5, 5]","[0, 1, 0, 0, 0, 0, 0, 0, 1, 0]",1
6,1,116,"[4, 4, 4, 4, 4, 4, 4, 4, 4, 3]","[0, 1, 0, 0, 1, 1, 1, 0, 0, 0]",1
6,1,117,"[3, 3, 3, 3, 4, 2, 3, 2, 3, 3]","[1, 0, 0, 0, 0, 0, 0, 0, 0, 0]",1
6,1,118,"[6, 5, 4, 5, 4, 5, 5, 3, 4, 6]","[1, 0, 0, 0, 1, 0, 0, 0, 0, 0]",1
6,1,119,"[3, 2, 3, 4, 3, 3, 3, 5, 3, 4]","[0, 0, 0, 0, 0, 0, 0, 1, 0, 0]",1
6,1,120,"[7, 4, 6, 6, 6, 6, 6, 4, 7, 7]","[0, 1, 1, 0, 0, 0, 1, 0, 0, 0]",1
6,1,121,"[5, 5, 5, 5, 5, 5, 5, 4, 5, 4]","[1, 1, 0, 1, 0, 1, 1, 0, 0, 0]",1
6,1,122,"[3, 3, 3, 3, 3, 3, 3, 5, 3, 4]","[0, 0, 0, 0, 0, 0, 0, 0, 0, 1]",1
6,1,123,"[4, 4, 4, 3, 2, 3, 2, 3, 3, 3]","[0, 1, 0, 0, 0, 0, 0, 1, 0, 0]",1
6,1,124,"[3, 3, 3, 3, 4, 5, 7, 3, 3, 3]","[0, 0, 0, 0, 0, 1, 0, 0, 0, 0]",1
6,1,125,"[3, 3, 3, 3, 3, 2, 3, 3, 3, 3]","[0, 0, 0, 0, 0, 0, 0, 1, 1, 0]",1
6,1,126,"[6, 5, 6, 5, 2, 6, 1, 4, 5, 5]","[1, 1, 1, 0, 0, 0, 0, 0, 1, 1]",1
6,1,127,"[3, 4, 3, 3, 2, 3, 3, 3, 3, 3]","[0, 0, 0, 0, 1, 0, 0, 0, 0, 0]",1
6,1,128,"[5, 2, 6, 5, 4, 4, 6, 4, 7, 6]","[1, 0, 0, 0, 0, 0, 0, 0, 0, 1]",1
6,1,129,"[3, 6, 5, 4, 5, 4, 4, 3, 5, 5]","[0, 1, 0, 0, 0, 0, 0, 0, 0, 0]",1
6,1,130,"[5, 5, 5, 5, 6, 9, 5, 5, 5, 5]","[0, 0, 1, 1, 0, 0, 0, 1, 0, 0]",1
6,1,131,"[1, 1, 1, 1, 1, 7, 1, 1, 1, 1]","[0, 0, 1, 0, 0, 0, 0, 0, 0, 1]",1
6,1,132,"[4, 7, 4, 4, 1, 3, 5, 3, 4, 2]","[0, 1, 0, 0, 0, 0, 0, 0, 1, 0]",1
6,1,133,"[2, 2, 2, 2, 3, 2, 2, 2, 2, 1]","[1, 0, 0, 0, 0, 1, 0, 0, 0, 0]",1
6,1,134,"[3, 3, 4, 3, 9, 9, 3, 3, 3, 4]","[0, 1, 1, 1, 1, 1, 0, 0, 0, 1]",1
6,1,135,"[5, 5, 5, 3, 4, 3, 4, 5, 4, 7]","[0, 0, 0, 0, 0, 0, 0, 1, 0, 1]",1
6,1,136,"[6, 7, 5, 6, 5, 6, 6, 5, 3, 6]","[0, 0, 0, 0, 0, 0, 1, 1, 0, 0]",1
6,1,137,"[5, 3, 5, 2, 6, 2, 6, 1, 4, 3]","[0, 0, 0, 0, 0, 0, 0, 0, 0, 1]",1
6,1,138,"[6, 6, 6, 6, 6, 6, 6, 6, 6, 7]","[0, 0, 0, 0, 0, 0, 0, 0, 1, 1]",1
6,1,139,"[3, 3, 2, 3, 3, 3, 4, 2, 3, 3]","[0, 0, 0, 0, 0, 0, 0, 0, 0, 0]",1
6,1,140,"[4, 5, 7, 4, 4, 5, 6, 4, 6, 7]","[1, 0, 0, 0, 0, 0, 0, 0, 0, 0]",1
6,1,141,"[6, 4, 6, 4, 2, 2, 3, 4, 5, 1]","[0, 0, 0, 0, 0, 0, 0, 0, 1, 0]",1
6,1,142,"[3, 2, 6, 2, 7, 6, 7, 1, 4, 8]","[0, 0, 0, 0, 0, 1, 0, 0, 0, 0]",1
6,1,143,"[3, 3, 4, 3, 3, 3, 3, 6, 3, 3]","[0, 0, 0, 1, 0, 0, 0, 1, 0, 0]",1
6,1,144,"[7, 7, 7, 9, 8, 7, 8, 6, 7, 4]","[0, 0, 1, 0, 1, 1, 0, 1, 1, 0]",1
6,1,145,"[6, 6, 6, 1, 5, 5, 4, 5, 4, 5]","[1, 0, 0, 0, 0, 0, 1, 0, 1, 0]",1
6,1,146,"[4, 4, 4, 4, 4, 4, 4, 4, 3, 4]","[0, 0, 0, 0, 0, 1, 0, 1, 0, 0]",1
6,1,147,"[6, 5, 2, 8, 6, 5, 4, 3, 4, 6]","[1, 1, 0, 1, 1, 0, 0, 0, 0, 1]",1
6,1,148,"[8, 4, 4, 8, 4, 4, 3, 4, 2, 5]","[1, 0, 1, 0, 0, 1, 0, 1, 0, 0]",1
6,1,149,"[3, 6, 6, 8, 3, 6, 6, 4, 2, 4]","[1, 0, 0, 1, 0, 1, 0, 0, 1, 1]",1
6,1,150,"[4, 3, 4, 1, 4, 3, 4, 4, 4, 5]","[0, 0, 0, 0, 0, 0, 1, 0, 0, 0]",1
6,1,151,"[2, 3, 4, 3, 3, 2, 1, 3, 2, 3]","[0, 0, 0, 0, 0, 0, 0, 0, 0, 0]",1
6,1,152,"[5, 2, 3, 3, 2, 4, 3, 3, 3, 3]","[0, 0, 0, 0, 0, 0, 1, 1, 0, 0]",1
6,1,153,"[2, 3, 9, 3, 3, 4, 3, 3, 3, 4]","[0, 1, 1, 0, 0, 0, 1, 0, 0, 0]",1
6,1,154,"[4, 5, 4, 4, 4, 4, 4, 2, 5, 4]","[0, 0, 1, 1, 0, 0, 0, 0, 0, 0]",1
6,1,155,"[5, 2, 4, 5, 4, 2, 5, 5, 4, 8]","[1, 0, 0, 0, 0, 0, 0, 0, 0, 0]",1
6,1,156,"[4, 4, 4, 4, 4, 3, 4, 4, 4, 4]","[0, 1, 0, 0, 0, 0, 0, 0, 0, 0]",1
6,1,157,"[4, 4, 4, 5, 4, 4, 4, 3, 4, 3]","[0, 0, 0, 1, 0, 0, 0, 0, 0, 1]",1
6,1,158,"[1, 3, 3, 3, 2, 3, 2, 7, 2, 3]","[0, 0, 0, 1, 0, 0, 0, 0, 0, 0]",1
6,1,159,"[6, 6, 5, 6, 6, 6, 6, 6, 5, 6]","[0, 1, 1, 1, 0, 1, 0, 0, 0, 1]",1
6,1,160,"[4, 3, 4, 1, 4, 2, 8, 6, 4, 4]","[1, 0, 0, 0, 0, 0, 1, 1, 0, 1]",1
6,1,161,"[5, 4, 5, 5, 5, 7, 5, 5, 5, 4]","[1, 0, 0, 0, 0, 1, 0, 1, 1, 0]",1
6,1,162,"[4, 7, 6, 7, 4, 6, 6, 7, 6, 5]","[0, 0, 0, 0, 0, 0, 0, 1, 0, 0]",1
6,1,163,"[5, 4, 4, 5, 5, 5, 2, 4, 4, 4]","[0, 0, 0, 0, 0, 0, 0, 0, 0, 0]",1
6,1,164,"[9, 9, 8, 9, 9, 9, 9, 9, 9, 9]","[1, 0, 0, 0, 1, 1, 1, 0, 0, 1]",1
6,1,165,"[3, 4, 3, 3, 4, 3, 3, 3, 3, 3]","[0, 1, 0, 0, 0, 0, 0, 0, 0, 0]",1
6,1,166,"[5, 8, 2, 8, 8, 8, 8, 4, 3, 8]","[1, 1, 0, 1, 0, 1, 1, 0, 0, 1]",1
6,1,167,"[8, 8, 8, 8, 7, 8, 8, 8, 3, 8]","[0, 1, 0, 1, 0, 1, 0, 1, 0, 0]",1
6,1,168,"[3, 5, 5, 4, 6, 4, 5, 2, 5, 6]","[0, 0, 1, 0, 0, 0, 1, 1, 1, 1]",1
6,1,169,"[3, 3, 3, 7, 6, 3, 6, 6, 5, 4]","[0, 0, 0, 0, 0, 0, 1, 0, 0, 0]",1
6,1,170,"[1, 5, 1, 5, 2, 5, 7, 3, 5, 5]","[0, 1, 0, 0, 0, 0, 0, 0, 1, 0]",1
6,1,171,"[6, 4, 8, 7, 7, 5, 7, 5, 6, 4]","[0, 0, 1, 0, 1, 0, 0, 0, 0, 0]",1
6,1,172,"[5, 4, 8, 4, 4, 4, 4, 4, 3, 3]","[1, 0, 1, 0, 0, 0, 0, 0, 0, 0]",1
6,1,173,"[4, 3, 5, 5, 4, 8, 4, 4, 5, 2]","[0, 0, 0, 0, 0, 1, 0, 1, 0, 0]",1
6,1,174,"[5, 5, 6, 6, 5, 4, 5, 5, 4, 6]","[0, 0, 0, 0, 0, 0, 0, 1, 0, 0]",1
6,1,175,"[3, 3, 3, 3, 6, 3, 2, 3, 3, 3]","[0, 0, 0, 0, 1, 0, 0, 0, 0, 0]",1
6,1,176,"[1, 1, 2, 2, 2, 4, 3, 1, 1, 2]","[0, 0, 1, 1, 1, 1, 1, 1, 1, 0]",1
6,1,177,"[4, 8, 4, 4, 7, 2, 1, 7, 4, 6]","[0, 1, 0, 0, 0, 0, 1, 1, 0, 0]",1
6,1,178,"[6, 5, 4, 4, 4, 5, 5, 5, 5, 5]","[0, 1, 0, 0, 0, 0, 0, 1, 0, 0]",1
6,1,179,"[2, 6, 3, 4, 7, 3, 5, 1, 4, 3]","[1, 0, 0, 0, 0, 0, 1, 0, 0, 0]",1
6,1,180,"[8, 2, 2, 2, 2, 3, 2, 2, 2, 2]","[1, 0, 0, 0, 0, 0, 0, 0, 0, 1]",1
6,1,181,"[3, 3, 4, 3, 3, 3, 2, 3, 3, 2]","[0, 0, 0, 0, 0, 0, 0, 0, 0, 0]",1
6,1,182,"[2, 1, 2, 5, 2, 2, 2, 2, 3, 3]","[0, 0, 0, 0, 1, 0, 0, 0, 0, 1]",1
6,1,183,"[5, 6, 5, 4, 5, 2, 4, 4, 4, 2]","[0, 1, 0, 0, 0, 1, 0, 0, 0, 0]",1
6,1,184,"[3, 2, 1, 4, 3, 3, 3, 3, 4, 4]","[0, 0, 0, 0, 0, 0, 0, 0, 0, 0]",1
6,1,185,"[4, 8, 7, 7, 4, 6, 4, 5, 2, 7]","[1, 1, 0, 0, 0, 1, 0, 0, 1, 0]",1
6,1,186,"[4, 5, 3, 5, 4, 3, 5, 5, 4, 4]","[0, 1, 0, 1, 0, 0, 0, 0, 0, 0]",1
6,1,187,"[4, 4, 4, 3, 4, 4, 4, 4, 4, 4]","[1, 0, 0, 1, 0, 0, 1, 0, 0, 0]",1
6,1,188,"[2, 2, 2, 2, 3, 9, 5, 5, 1, 2]","[0, 0, 0, 0, 0, 0, 0, 0, 0, 0]",1
6,1,189,"[3, 3, 2, 1, 3, 2, 3, 3, 2, 5]","[1, 0, 0, 0, 0, 0, 0, 0, 0, 0]",1
6,1,190,"[2, 1, 1, 6, 3, 5, 1, 5, 4, 5]","[0, 0, 0, 0, 0, 0, 0, 0, 1, 1]",1
6,1,191,"[3, 3, 3, 3, 4, 3, 3, 2, 6, 3]","[1, 0, 1, 0, 0, 0, 0, 0, 0, 0]",1
6,1,192,"[3, 3, 3, 4, 4, 1, 1, 3, 4, 3]","[0, 0, 0, 0, 0, 0, 0, 0, 0, 0]",1
6,1,193,"[3, 2, 3, 4, 3, 5, 4, 6, 3, 7]","[0, 0, 0, 0, 0, 0, 0, 0, 0, 0]",1
6,1,194,"[5, 5, 4, 3, 4, 5, 2, 1, 3, 3]","[0, 1, 0, 0, 1, 1, 0, 0, 0, 0]",1
6,1,195,"[2, 1, 2, 4, 1, 7, 1, 5, 1, 1]","[0, 0, 0, 0, 0, 0, 0, 0, 0, 0]",1
6,1,196,"[4, 2, 3, 3, 1, 3, 3, 3, 3, 3]","[0, 0, 0, 1, 0, 0, 0, 0, 0, 0]",1
6,1,197,"[5, 5, 5, 7, 6, 5, 5, 6, 5, 5]","[0, 1, 0, 1, 1, 0, 0, 0, 0, 1]",1
6,1,198,"[3, 4, 2, 2, 3, 2, 2, 5, 1, 5]","[1, 0, 0, 0, 0, 0, 0, 0, 0, 1]",1
6,1,199,"[2, 6, 2, 3, 2, 2, 1, 2, 2, 2]","[0, 1, 0, 0, 0, 0, 0, 0, 0, 0]",1
6,1,200,"[7, 1, 2, 9, 1, 1, 6, 1, 9, 4]","[0, 0, 0, 1, 0, 0, 1, 0, 0, 0]",1
6,1,201,"[9, 3, 3, 4, 4, 6, 3, 8, 2, 3]","[1, 0, 0, 0, 0, 0, 0, 1, 0, 0]",1
6,1,202,"[4, 5, 3, 6, 4, 5, 5, 6, 5, 5]","[0, 0, 1, 0, 0, 1, 0, 0, 1, 0]",1
6,1,203,"[4, 5, 8, 5, 5, 5, 2, 5, 4, 5]","[0, 1, 1, 0, 1, 0, 0, 1, 0, 1]",1
6,1,204,"[3, 3, 3, 3, 3, 3, 3, 4, 3, 5]","[0, 0, 0, 0, 0, 1, 0, 0, 0, 0]",1
6,1,205,"[4, 3, 4, 4, 3, 4, 4, 4, 4, 4]","[0, 0, 0, 0, 0, 0, 0, 0, 0, 0]",1
6,1,206,"[3, 2, 2, 3, 3, 4, 2, 5, 2, 3]","[1, 0, 0, 0, 0, 0, 1, 0, 0, 0]",1
6,1,207,"[3, 3, 3, 4, 4, 3, 3, 3, 3, 3]","[0, 0, 0, 0, 0, 0, 0, 0, 0, 0]",1
6,1,208,"[4, 3, 3, 5, 4, 4, 4, 4, 4, 6]","[0, 0, 0, 0, 1, 0, 0, 0, 0, 1]",1
6,1,209,"[4, 4, 6, 5, 5, 5, 5, 4, 4, 6]","[0, 0, 0, 1, 0, 0, 1, 0, 0, 0]",1
7,0,0,"[8, 9, 8, 7, 8, 8, 8, 8, 7, 8]","[0, 0, 1, 0, 1, 0, 0, 0, 0, 0]",1
7,0,1,"[6, 6, 6, 6, 6, 5, 7, 7, 5, 5]","[0, 0, 1, 1, 1, 0, 0, 1, 0, 0]",1
7,0,2,"[5, 9, 8, 5, 8, 5, 9, 3, 9, 9]","[0, 1, 0, 1, 0, 0, 1, 0, 0, 0]",1
7,0,3,"[4, 7, 6, 6, 4, 5, 6, 6, 7, 6]","[0, 0, 0, 0, 1, 0, 1, 0, 0, 0]",1
7,0,4,"[4, 3, 4, 4, 4, 3, 5, 3, 3, 3]","[0, 0, 1, 0, 0, 0, 0, 0, 0, 0]",1
7,0,5,"[4, 4, 5, 4, 4, 5, 5, 7, 4, 3]","[0, 0, 1, 0, 0, 0, 0, 1, 0, 0]",1
7,0,6,"[6, 6, 6, 7, 5, 7, 7, 6, 5, 5]","[0, 0, 0, 0, 0, 1, 0, 0, 0, 0]",1
7,0,7,"[8, 8, 6, 6, 7, 6, 6, 7, 9, 8]","[1, 0, 1, 1, 0, 0, 0, 0, 0, 1]",1
7,0,8,"[3, 4, 5, 4, 4, 5, 4, 4, 5, 4]","[1, 1, 0, 0, 1, 0, 1, 0, 1, 0]",1
7,0,9,"[7, 2, 4, 3, 4, 4, 5, 6, 4, 4]","[0, 0, 1, 0, 0, 1, 0, 0, 0, 0]",1
7,0,10,"[7, 4, 5, 5, 4, 3, 5, 5, 3, 4]","[0, 0, 0, 0, 0, 0, 0, 1, 1, 0]",1
7,0,11,"[5, 5, 3, 5, 6, 5, 5, 5, 5, 5]","[0, 0, 0, 1, 0, 0, 1, 0, 1, 0]",1
7,0,12,"[6, 6, 6, 2, 6, 6, 7, 6, 6, 6]","[0, 1, 0, 0, 0, 0, 0, 0, 0, 0]",1
7,0,13,"[7, 6, 5, 7, 5, 7, 6, 6, 4, 6]","[0, 0, 0, 0, 0, 0, 0, 0, 1, 0]",1
7,0,14,"[9, 6, 7, 3, 4, 5, 5, 9, 5, 5]","[0, 1, 0, 0, 0, 0, 0, 1, 0, 0]",1
7,0,15,"[5, 4, 4, 3, 5, 4, 4, 4, 4, 5]","[0, 0, 0, 0, 0, 1, 0, 0, 0, 0]",1
7,0,16,"[4, 4, 9, 5, 6, 7, 6, 7, 7, 5]","[0, 0, 1, 0, 0, 0, 0, 0, 1, 0]",1
7,0,17,"[5, 8, 8, 6, 8, 8, 4, 6, 5, 9]","[0, 0, 1, 0, 0, 0, 0, 0, 1, 1]",1
7,0,18,"[6, 7, 6, 1, 7, 6, 5, 6, 6, 6]","[0, 0, 0, 1, 0, 1, 0, 0, 0, 1]",1
7,0,19,"[5, 3, 6, 2, 6, 6, 7, 6, 3, 3]","[0, 0, 0, 0, 0, 0, 0, 0, 0, 0]",1
7,0,20,"[5, 8, 8, 4, 7, 7, 5, 5, 4, 5]","[0, 0, 1, 0, 1, 0, 0, 0, 0, 1]",1
7,0,21,"[3, 4, 9, 4, 5, 3, 2, 4, 3, 9]","[0, 0, 0, 0, 0, 0, 0, 0, 0, 1]",1
7,0,22,"[5, 5, 6, 4, 5, 5, 6, 5, 5, 5]","[0, 0, 0, 0, 0, 0, 0, 0, 0, 0]",1
7,0,23,"[4, 3, 4, 4, 5, 4, 5, 2, 4, 5]","[0, 1, 0, 0, 1, 1, 0, 0, 0, 0]",1
7,0,24,"[3, 3, 4, 4, 4, 3, 6, 4, 2, 4]","[0, 1, 0, 0, 0, 0, 0, 0, 0, 0]",1
7,0,25,"[6, 5, 5, 5, 5, 5, 5, 5, 5, 1]","[0, 0, 0, 0, 0, 0, 0, 0, 0, 0]",1
7,0,26,"[9, 9, 9, 8, 9, 2, 9, 8, 9, 9]","[0, 0, 1, 0, 0, 0, 0, 0, 0, 0]",1
7,0,27,"[6, 6, 5, 6, 6, 6, 6, 6, 6, 7]","[0, 1, 0, 0, 0, 0, 0, 0, 0, 0]",1
7,0,28,"[7, 5, 7, 7, 7, 6, 9, 7, 7, 5]","[0, 0, 0, 1, 1, 0, 0, 0, 1, 0]",1
7,0,29,"[9, 9, 9, 9, 9, 9, 9, 9, 9, 9]","[1, 1, 0, 0, 0, 1, 0, 0, 0, 1]",1
7,0,30,"[7, 8, 7, 5, 6, 7, 2, 9, 6, 6]","[1, 0, 0, 0, 0, 0, 0, 0, 0, 0]",1
7,0,31,"[3, 4, 3, 4, 7, 5, 4, 6, 4, 4]","[0, 0, 0, 0, 0, 0, 0, 0, 0, 0]",1
7,0,32,"[6, 4, 6, 5, 4, 4, 4, 5, 5, 5]","[0, 0, 0, 0, 0, 1, 0, 0, 0, 0]",1
7,0,33,"[1, 2, 2, 3, 3, 9, 2, 2, 2, 2]","[0, 0, 0, 1, 0, 1, 0, 0, 0, 0]",1
7,0,34,"[3, 5, 7, 6, 8, 7, 6, 7, 9, 9]","[0, 0, 1, 0, 1, 1, 0, 0, 0, 1]",1
7,0,35,"[5, 6, 4, 5, 4, 1, 4, 7, 4, 5]","[0, 0, 0, 0, 0, 0, 0, 0, 0, 1]",1
7,0,36,"[9, 9, 5, 9, 8, 8, 7, 8, 5, 9]","[0, 0, 0, 0, 1, 0, 0, 0, 1, 1]",1
7,0,37,"[4, 5, 2, 4, 6, 3, 5, 5, 6, 7]","[0, 0, 0, 0, 0, 1, 0, 0, 0, 0]",1
7,0,38,"[7, 5, 5, 8, 4, 4, 3, 5, 6, 5]","[0, 0, 0, 1, 1, 0, 0, 0, 0, 0]",1
7,0,39,"[1, 1, 1, 1, 1, 1, 2, 1, 3, 6]","[1, 0, 0, 0, 0, 0, 0, 0, 0, 0]",1
7,0,40,"[3, 3, 2, 3, 3, 3, 3, 3, 3, 3]","[0, 0, 0, 0, 0, 0, 0, 0, 0, 1]",1
7,0,41,"[6, 5, 4, 7, 2, 4, 4, 3, 3, 4]","[0, 0, 0, 0, 0, 0, 1, 0, 0, 0]",1
7,0,42,"[3, 3, 3, 3, 2, 3, 4, 6, 3, 3]","[0, 0, 0, 0, 0, 0, 0, 0, 0, 0]",1
7,0,43,"[3, 4, 3, 5, 2, 3, 3, 3, 7, 3]","[0, 0, 0, 0, 0, 0, 0, 0, 0, 0]",1
7,0,44,"[4, 5, 1, 5, 4, 7, 4, 3, 5, 5]","[0, 0, 0, 0, 0, 0, 0, 0, 0, 0]",1
7,0,45,"[5, 5, 6, 5, 3, 5, 5, 5, 5, 5]","[0, 0, 0, 0, 0, 0, 1, 0, 1, 0]",1
7,0,46,"[4, 5, 4, 4, 5, 5, 5, 1, 5, 6]","[1, 0, 0, 0, 1, 0, 1, 0, 1, 0]",1
7,0,47,"[6, 6, 6, 5, 6, 6, 6, 7, 6, 6]","[1, 1, 1, 0, 0, 0, 0, 1, 0, 1]",1
7,0,48,"[5, 5, 5, 5, 4, 5, 5, 5, 5, 5]","[1, 0, 0, 0, 1, 1, 0, 0, 0, 0]",1
7,0,49,"[4, 5, 4, 5, 6, 5, 5, 4, 4, 4]","[0, 0, 0, 0, 1, 0, 0, 0, 0, 0]",1
7,0,50,"[4, 7, 4, 7, 6, 8, 7, 6, 8, 7]","[0, 1, 0, 1, 0, 0, 1, 0, 1, 0]",1
7,0,51,"[5, 7, 6, 5, 3, 5, 5, 5, 5, 5]","[0, 0, 0, 0, 0, 1, 0, 0, 0, 1]",1
7,0,52,"[5, 1, 8, 3, 5, 4, 4, 2, 3, 6]","[0, 0, 0, 0, 1, 0, 0, 0, 0, 0]",1
7,0,53,"[4, 4, 1, 4, 4, 4, 4, 4, 4, 4]","[0, 0, 0, 0, 1, 0, 0, 0, 0, 0]",1
7,0,54,"[4, 9, 6, 8, 8, 4, 4, 5, 4, 7]","[0, 0, 0, 0, 0, 0, 0, 1, 0, 0]",1
7,0,55,"[5, 5, 4, 6, 6, 5, 5, 5, 6, 5]","[0, 1, 0, 0, 0, 0, 0, 0, 0, 0]",1
7,0,56,"[1, 1, 1, 1, 1, 1, 1, 1, 1, 1]","[0, 0, 0, 0, 0, 0, 0, 0, 1, 1]",1
7,0,57,"[3, 2, 3, 4, 6, 1, 2, 2, 5, 4]","[0, 0, 0, 0, 0, 0, 0, 0, 0, 0]",1
7,0,58,"[6, 4, 4, 5, 4, 4, 4, 5, 5, 7]","[0, 0, 1, 1, 1, 0, 0, 0, 0, 0]",1
7,0,59,"[3, 3, 5, 4, 3, 4, 4, 5, 5, 5]","[0, 0, 0, 0, 0, 0, 0, 0, 0, 0]",1
7,0,60,"[3, 2, 2, 2, 3, 3, 4, 4, 6, 5]","[0, 0, 0, 0, 0, 0, 0, 0, 0, 0]",1
7,0,61,"[4, 3, 4, 4, 5, 4, 4, 4, 4, 4]","[0, 0, 0, 1, 0, 0, 1, 0, 0, 0]",1
7,0,62,"[8, 6, 8, 8, 8, 9, 8, 5, 8, 8]","[0, 0, 0, 1, 0, 0, 0, 0, 0, 0]",1
7,0,63,"[7, 6, 6, 6, 5, 6, 6, 6, 5, 6]","[0, 0, 0, 0, 1, 1, 1, 1, 1, 1]",1
7,0,64,"[7, 7, 7, 7, 7, 7, 7, 7, 7, 8]","[0, 0, 0, 0, 1, 0, 0, 0, 0, 0]",1
7,0,65,"[3, 4, 3, 1, 3, 3, 3, 3, 4, 3]","[0, 0, 0, 0, 0, 0, 0, 0, 0, 0]",1
7,0,66,"[4, 4, 5, 6, 4, 4, 4, 4, 3, 5]","[0, 0, 0, 0, 0, 0, 0, 0, 0, 0]",1
7,0,67,"[5, 2, 6, 5, 4, 6, 2, 4, 6, 4]","[0, 1, 0, 0, 0, 0, 0, 0, 0, 0]",1
7,0,68,"[5, 3, 7, 6, 4, 5, 5, 5, 5, 4]","[1, 1, 0, 1, 0, 0, 0, 0, 0, 0]",1
7,0,69,"[4, 6, 3, 4, 4, 4, 4, 4, 4, 5]","[0, 0, 1, 0, 0, 0, 1, 0, 0, 0]",1
7,0,70,"[6, 6, 6, 6, 7, 6, 7, 6, 5, 6]","[1, 0, 0, 0, 0, 1, 1, 0, 0, 0]",1
7,0,71,"[6, 5, 4, 5, 5, 5, 5, 5, 5, 5]","[0, 0, 0, 0, 0, 0, 0, 0, 0, 1]",1
7,0,72,"[4, 4, 5, 5, 3, 5, 5, 4, 4, 5]","[0, 0, 0, 0, 0, 0, 0, 0, 0, 1]",1
7,0,73,"[6, 7, 5, 7, 7, 4, 3, 5, 5, 6]","[0, 0, 1, 1, 0, 0, 0, 0, 0, 0]",1
7,0,74,"[4, 4, 5, 5, 3, 5, 5, 3, 2, 2]","[0, 0, 0, 1, 0, 0, 1, 0, 0, 0]",1
7,0,75,"[4, 4, 4, 6, 5, 4, 4, 4, 4, 4]","[1, 0, 1, 1, 1, 0, 0, 0, 1, 0]",1
7,0,76,"[3, 6, 4, 6, 3, 4, 4, 4, 5, 3]","[0, 0, 0, 0, 0, 0, 0, 0, 0, 0]",1
7,0,77,"[7, 5, 3, 3, 4, 8, 8, 8, 4, 8]","[0, 0, 0, 0, 0, 0, 1, 1, 0, 0]",1
7,0,78,"[6, 3, 5, 4, 4, 4, 5, 4, 4, 2]","[0, 0, 0, 1, 0, 1, 0, 0, 1, 0]",1
7,0,79,"[5, 6, 3, 6, 4, 5, 4, 4, 5, 4]","[0, 0, 0, 1, 0, 0, 0, 0, 0, 1]",1
7,0,80,"[7, 6, 9, 7, 6, 7, 8, 6, 5, 4]","[0, 1, 1, 0, 0, 0, 1, 1, 1, 0]",1
7,0,81,"[5, 4, 1, 6, 5, 7, 2, 5, 5, 9]","[0, 0, 0, 1, 1, 1, 0, 0, 1, 0]",1
7,0,82,"[7, 4, 5, 3, 4, 5, 4, 4, 8, 4]","[0, 0, 0, 0, 0, 0, 0, 0, 1, 0]",1
7,0,83,"[6, 8, 3, 8, 6, 4, 5, 3, 6, 8]","[0, 0, 0, 0, 0, 0, 1, 0, 0, 1]",1
7,0,84,"[3, 3, 3, 5, 5, 3, 5, 2, 6, 3]","[1, 0, 0, 1, 0, 0, 0, 0, 0, 1]",1
7,0,85,"[6, 6, 6, 6, 6, 6, 6, 6, 6, 6]","[1, 0, 0, 1, 0, 1, 0, 0, 1, 0]",1
7,0,86,"[9, 9, 9, 9, 9, 8, 9, 9, 9, 8]","[0, 1, 1, 1, 1, 1, 1, 0, 0, 0]",1
7,0,87,"[4, 1, 8, 3, 5, 5, 1, 7, 5, 2]","[0, 0, 0, 0, 0, 0, 0, 1, 0, 0]",1
7,0,88,"[5, 5, 5, 5, 5, 5, 5, 4, 5, 4]","[0, 0, 0, 0, 0, 1, 0, 0, 0, 0]",1
7,0,89,"[5, 4, 9, 3, 4, 3, 4, 4, 5, 4]","[0, 0, 0, 0, 1, 0, 0, 0, 0, 0]",1
7,0,90,"[8, 9, 9, 5, 9, 8, 9, 7, 8, 9]","[0, 0, 0, 1, 1, 0, 0, 0, 0, 0]",1
7,0,91,"[8, 5, 5, 5, 5, 5, 4, 8, 6, 8]","[0, 1, 0, 0, 0, 0, 0, 1, 0, 0]",1
7,0,92,"[4, 5, 7, 7, 7, 6, 5, 5, 7, 8]","[0, 0, 0, 0, 0, 0, 0, 0, 0, 0]",1
7,0,93,"[4, 3, 6, 2, 7, 1, 1, 3, 3, 2]","[1, 0, 1, 1, 1, 0, 0, 0, 0, 0]",1
7,0,94,"[3, 5, 5, 5, 5, 4, 5, 7, 5, 6]","[1, 0, 0, 0, 1, 0, 0, 1, 0, 1]",1
7,0,95,"[2, 7, 2, 1, 2, 2, 2, 2, 2, 1]","[0, 0, 0, 0, 0, 0, 0, 0, 0, 0]",1
7,0,96,"[4, 4, 5, 6, 5, 3, 6, 2, 4, 4]","[0, 0, 0, 0, 0, 0, 0, 0, 0, 1]",1
7,0,97,"[5, 5, 4, 7, 5, 7, 6, 4, 5, 4]","[1, 1, 0, 0, 1, 1, 0, 1, 1, 0]",1
7,0,98,"[9, 9, 9, 9, 9, 9, 9, 9, 9, 9]","[0, 0, 0, 0, 0, 0, 0, 0, 0, 0]",1
7,0,99,"[4, 7, 3, 3, 4, 5, 3, 3, 3, 6]","[0, 1, 1, 0, 1, 0, 0, 0, 0, 0]",1
7,0,100,"[3, 7, 3, 8, 2, 2, 3, 3, 3, 3]","[0, 1, 0, 0, 0, 0, 0, 0, 0, 0]",1
7,0,101,"[8, 8, 2, 8, 8, 1, 8, 3, 8, 5]","[1, 1, 0, 0, 1, 0, 0, 0, 1, 0]",1
7,0,102,"[6, 3, 8, 2, 5, 2, 2, 9, 8, 6]","[0, 0, 0, 1, 0, 0, 0, 0, 0, 1]",1
7,0,103,"[7, 7, 7, 7, 8, 7, 7, 7, 7, 7]","[0, 0, 1, 0, 0, 0, 1, 0, 0, 1]",1
7,0,104,"[2, 9, 7, 9, 9, 9, 8, 9, 8, 8]","[0, 0, 0, 0, 0, 0, 0, 0, 0, 0]",1
7,0,105,"[5, 6, 5, 7, 5, 7, 3, 9, 6, 5]","[1, 1, 0, 0, 1, 1, 1, 0, 1, 1]",1
7,0,106,"[3, 4, 4, 4, 9, 4, 9, 7, 4, 4]","[0, 0, 0, 0, 1, 0, 0, 0, 0, 0]",1
7,0,107,"[5, 5, 1, 4, 4, 5, 5, 5, 5, 5]","[0, 0, 0, 1, 0, 0, 0, 0, 0, 0]",1
7,0,108,"[9, 9, 8, 9, 9, 9, 9, 8, 8, 9]","[0, 0, 1, 0, 1, 1, 0, 1, 1, 1]",1
7,0,109,"[5, 4, 5, 5, 7, 6, 6, 7, 6, 6]","[0, 0, 0, 0, 0, 0, 0, 0, 0, 0]",1
7,0,110,"[7, 9, 5, 8, 9, 8, 9, 7, 6, 8]","[0, 1, 0, 0, 1, 1, 1, 1, 0, 1]",1
7,0,111,"[7, 6, 6, 6, 9, 7, 7, 7, 7, 4]","[0, 0, 1, 1, 1, 0, 1, 0, 0, 0]",1
7,0,112,"[5, 4, 5, 4, 4, 4, 1, 4, 4, 4]","[0, 0, 0, 0, 0, 0, 0, 0, 1, 0]",1
7,0,113,"[4, 6, 6, 7, 5, 5, 5, 5, 7, 5]","[0, 0, 0, 0, 1, 0, 0, 1, 0, 0]",1
7,0,114,"[2, 2, 3, 3, 3, 2, 4, 3, 2, 3]","[0, 0, 0, 0, 0, 0, 0, 0, 0, 0]",1
7,0,115,"[9, 9, 9, 1, 9, 9, 9, 8, 9, 9]","[0, 0, 0, 0, 0, 0, 1, 1, 0, 0]",1
7,0,116,"[9, 9, 9, 9, 9, 9, 9, 8, 9, 5]","[0, 1, 1, 1, 1, 1, 1, 1, 1, 0]",1
7,0,117,"[4, 5, 6, 6, 5, 4, 5, 4, 5, 5]","[0, 0, 0, 1, 0, 1, 0, 0, 0, 1]",1
7,0,118,"[7, 6, 8, 6, 7, 7, 5, 7, 7, 6]","[1, 1, 0, 0, 0, 0, 0, 0, 0, 0]",1
7,0,119,"[5, 6, 6, 8, 5, 6, 6, 6, 5, 6]","[1, 0, 1, 0, 0, 0, 0, 0, 0, 0]",1
7,0,120,"[4, 5, 6, 1, 4, 3, 7, 1, 5, 7]","[1, 0, 0, 0, 0, 0, 0, 0, 0, 0]",1
7,0,121,"[4, 4, 5, 5, 5, 4, 5, 4, 5, 5]","[0, 1, 0, 0, 0, 0, 0, 0, 0, 0]",1
7,0,122,"[6, 6, 9, 6, 6, 6, 5, 6, 6, 6]","[1, 0, 0, 0, 0, 0, 0, 1, 0, 0]",1
7,0,123,"[5, 6, 6, 6, 5, 8, 6, 6, 5, 3]","[0, 0, 1, 1, 0, 1, 0, 0, 0, 0]",1
7,0,124,"[9, 9, 9, 9, 5, 9, 9, 9, 9, 9]","[0, 1, 0, 1, 0, 1, 0, 0, 0, 0]",1
7,0,125,"[5, 6, 7, 6, 6, 5, 5, 6, 5, 6]","[0, 0, 1, 1, 0, 0, 1, 0, 1, 0]",1
7,0,126,"[3, 5, 6, 1, 3, 4, 4, 8, 2, 6]","[0, 1, 0, 1, 0, 0, 0, 1, 0, 0]",1
7,0,127,"[6, 4, 7, 4, 4, 4, 4, 5, 4, 5]","[0, 0, 0, 1, 0, 0, 0, 0, 0, 0]",1
7,0,128,"[7, 2, 6, 4, 6, 5, 6, 5, 5, 8]","[1, 0, 0, 0, 0, 0, 1, 0, 0, 1]",1
7,0,129,"[6, 7, 6, 7, 3, 6, 8, 7, 4, 7]","[0, 0, 1, 1, 0, 0, 1, 0, 0, 0]",1
7,0,130,"[7, 7, 5, 7, 7, 6, 8, 7, 8, 8]","[0, 1, 0, 0, 0, 1, 0, 0, 1, 0]",1
7,0,131,"[9, 9, 9, 9, 9, 9, 9, 9, 9, 9]","[1, 0, 1, 0, 0, 0, 0, 1, 0, 0]",1
7,0,132,"[5, 4, 4, 3, 6, 4, 4, 4, 4, 4]","[0, 0, 0, 0, 0, 0, 0, 0, 1, 0]",1
7,0,133,"[2, 4, 4, 3, 4, 2, 4, 2, 3, 3]","[0, 0, 0, 0, 0, 0, 1, 0, 0, 0]",1
7,0,134,"[6, 6, 6, 8, 5, 7, 6, 7, 6, 6]","[0, 0, 0, 0, 0, 1, 0, 1, 0, 0]",1
7,0,135,"[6, 5, 8, 6, 5, 5, 7, 6, 8, 7]","[0, 0, 0, 0, 0, 0, 0, 0, 1, 0]",1
7,0,136,"[8, 7, 5, 5, 6, 7, 6, 4, 7, 7]","[0, 1, 0, 0, 1, 1, 0, 0, 1, 0]",1
7,0,137,"[4, 5, 7, 6, 4, 6, 5, 5, 6, 7]","[1, 0, 0, 0, 1, 0, 1, 0, 0, 0]",1
7,0,138,"[5, 4, 4, 5, 5, 6, 7, 9, 5, 5]","[0, 1, 0, 0, 0, 0, 0, 1, 0, 0]",1
7,0,139,"[5, 4, 4, 5, 4, 5, 5, 3, 4, 3]","[0, 0, 0, 0, 1, 0, 0, 0, 0, 0]",1
7,0,140,"[5, 6, 5, 6, 9, 8, 6, 4, 5, 4]","[0, 0, 0, 0, 1, 1, 0, 0, 0, 0]",1
7,0,141,"[3, 3, 4, 3, 3, 3, 1, 3, 4, 3]","[0, 0, 0, 0, 0, 0, 0, 0, 1, 0]",1
7,0,142,"[2, 7, 7, 6, 4, 6, 4, 7, 5, 3]","[0, 1, 0, 1, 0, 0, 1, 0, 0, 0]",1
7,0,143,"[4, 5, 5, 7, 5, 5, 5, 4, 5, 5]","[0, 0, 1, 1, 0, 1, 1, 1, 1, 0]",1
7,0,144,"[8, 8, 7, 7, 6, 7, 8, 6, 8, 7]","[0, 1, 0, 1, 1, 0, 1, 0, 1, 1]",1
7,0,145,"[5, 6, 7, 7, 6, 6, 6, 6, 7, 6]","[0, 0, 1, 0, 0, 0, 0, 1, 0, 0]",1
7,0,146,"[6, 6, 6, 5, 6, 6, 6, 6, 7, 4]","[0, 0, 1, 0, 0, 0, 1, 1, 0, 0]",1
7,0,147,"[5, 6, 4, 5, 5, 5, 5, 5, 5, 6]","[0, 0, 0, 1, 0, 0, 0, 0, 1, 0]",1
7,0,148,"[6, 5, 2, 5, 2, 5, 3, 3, 4, 5]","[0, 0, 0, 0, 0, 0, 0, 0, 1, 0]",1
7,0,149,"[4, 3, 4, 2, 5, 1, 7, 6, 5, 6]","[0, 0, 0, 0, 1, 1, 0, 0, 0, 0]",1
7,0,150,"[6, 6, 6, 4, 4, 7, 5, 6, 7, 4]","[0, 0, 1, 1, 1, 0, 0, 1, 0, 1]",1
7,0,151,"[5, 9, 4, 3, 4, 5, 4, 9, 6, 4]","[1, 0, 0, 0, 0, 0, 0, 0, 0, 0]",1
7,0,152,"[5, 4, 4, 5, 6, 4, 5, 6, 5, 4]","[0, 1, 0, 0, 0, 0, 0, 0, 0, 0]",1
7,0,153,"[6, 6, 5, 4, 5, 6, 5, 5, 6, 6]","[0, 0, 1, 0, 0, 0, 0, 0, 0, 1]",1
7,0,154,"[7, 8, 8, 7, 6, 8, 8, 8, 5, 8]","[0, 1, 0, 0, 0, 1, 0, 0, 0, 0]",1
7,0,155,"[5, 2, 5, 6, 5, 5, 5, 5, 5, 5]","[0, 0, 0, 0, 0, 0, 0, 1, 0, 0]",1
7,0,156,"[3, 2, 2, 2, 4, 2, 3, 2, 2, 2]","[0, 0, 0, 0, 0, 0, 0, 0, 0, 0]",1
7,0,157,"[6, 5, 5, 6, 5, 3, 6, 6, 5, 5]","[0, 0, 0, 0, 0, 0, 0, 0, 0, 1]",1
7,0,158,"[7, 7, 8, 7, 8, 7, 7, 8, 8, 8]","[0, 0, 0, 0, 1, 0, 0, 0, 1, 1]",1
7,0,159,"[6, 6, 6, 5, 6, 6, 5, 5, 6, 5]","[0, 0, 0, 0, 0, 1, 0, 0, 0, 0]",1
7,0,160,"[5, 5, 9, 5, 5, 6, 5, 6, 5, 5]","[0, 1, 0, 0, 0, 1, 0, 1, 0, 0]",1
7,0,161,"[3, 5, 4, 4, 4, 4, 7, 4, 6, 5]","[0, 0, 0, 0, 0, 0, 0, 0, 0, 1]",1
7,0,162,"[9, 9, 9, 9, 9, 9, 9, 9, 9, 9]","[0, 1, 0, 0, 0, 0, 0, 0, 0, 0]",1
7,0,163,"[5, 8, 9, 3, 9, 8, 4, 4, 4, 3]","[0, 1, 1, 0, 0, 0, 0, 0, 0, 0]",1
7,0,164,"[9, 9, 9, 9, 9, 9, 9, 9, 9, 9]","[0, 1, 0, 0, 0, 0, 1, 1, 1, 1]",1
7,0,165,"[4, 9, 6, 6, 6, 1, 5, 6, 5, 5]","[1, 0, 1, 1, 0, 0, 0, 0, 0, 0]",1
7,0,166,"[7, 9, 7, 7, 5, 4, 5, 7, 7, 7]","[0, 0, 0, 0, 0, 0, 0, 0, 0, 0]",1
7,0,167,"[5, 6, 6, 6, 6, 8, 6, 6, 5, 5]","[0, 0, 0, 1, 0, 0, 0, 0, 0, 0]",1
7,0,168,"[7, 6, 4, 6, 7, 9, 9, 6, 8, 8]","[0, 1, 1, 0, 0, 0, 1, 0, 1, 1]",1
7,0,169,"[5, 5, 7, 4, 6, 6, 4, 6, 7, 8]","[0, 0, 0, 0, 0, 0, 0, 0, 0, 0]",1
7,0,170,"[9, 9, 9, 4, 9, 9, 9, 9, 9, 9]","[0, 0, 1, 0, 0, 1, 0, 1, 0, 0]",1
7,0,171,"[6, 3, 5, 2, 3, 4, 2, 4, 6, 2]","[0, 0, 0, 0, 0, 0, 0, 0, 0, 0]",1
7,0,172,"[5, 3, 5, 8, 9, 6, 4, 5, 6, 4]","[1, 0, 0, 0, 0, 1, 0, 1, 0, 0]",1
7,0,173,"[5, 8, 6, 5, 8, 9, 7, 9, 8, 6]","[0, 0, 0, 0, 0, 0, 0, 0, 1, 1]",1
7,0,174,"[4, 8, 5, 5, 6, 5, 5, 6, 8, 6]","[0, 0, 0, 1, 1, 0, 0, 1, 0, 1]",1
7,0,175,"[5, 6, 6, 6, 6, 6, 6, 6, 7, 5]","[1, 0, 1, 0, 0, 0, 0, 0, 0, 0]",1
7,0,176,"[6, 2, 1, 9, 6, 9, 9, 3, 2, 9]","[0, 0, 0, 0, 0, 0, 1, 0, 0, 0]",1
7,0,177,"[1, 6, 6, 7, 8, 9, 9, 9, 8, 1]","[0, 0, 0, 1, 0, 0, 0, 1, 0, 1]",1
7,0,178,"[6, 3, 7, 8, 6, 7, 7, 7, 7, 4]","[0, 0, 0, 0, 0, 0, 0, 1, 0, 0]",1
7,0,179,"[6, 8, 5, 7, 8, 7, 8, 7, 6, 7]","[0, 0, 0, 0, 0, 0, 1, 1, 0, 0]",1
7,0,180,"[4, 7, 4, 4, 4, 3, 2, 3, 4, 5]","[0, 0, 0, 0, 1, 1, 0, 0, 0, 0]",1
7,0,181,"[8, 6, 3, 7, 8, 8, 6, 2, 4, 7]","[0, 0, 0, 0, 0, 1, 0, 0, 1, 0]",1
7,0,182,"[2, 1, 6, 7, 7, 6, 6, 2, 6, 7]","[0, 0, 0, 0, 0, 0, 1, 0, 1, 0]",1
7,0,183,"[3, 3, 8, 5, 6, 7, 5, 5, 9, 6]","[0, 1, 1, 0, 1, 0, 0, 1, 0, 0]",1
7,0,184,"[8, 6, 6, 5, 8, 5, 5, 7, 6, 7]","[1, 1, 0, 0, 0, 0, 0, 0, 1, 1]",1
7,0,185,"[5, 6, 7, 7, 7, 7, 2, 5, 4, 4]","[0, 0, 0, 0, 1, 1, 0, 0, 1, 0]",1
7,0,186,"[9, 9, 4, 9, 9, 9, 7, 7, 4, 9]","[1, 0, 0, 0, 0, 0, 0, 0, 0, 0]",1
7,0,187,"[5, 5, 5, 5, 6, 3, 4, 6, 4, 6]","[0, 0, 0, 0, 0, 0, 0, 0, 0, 0]",1
7,0,188,"[6, 9, 9, 9, 9, 8, 9, 9, 9, 9]","[1, 1, 0, 0, 0, 0, 1, 1, 1, 1]",1
7,0,189,"[5, 7, 6, 6, 5, 9, 6, 6, 5, 3]","[0, 0, 1, 0, 0, 0, 0, 0, 1, 0]",1
7,0,190,"[6, 5, 6, 4, 6, 6, 5, 4, 5, 5]","[0, 0, 1, 1, 1, 0, 0, 0, 0, 0]",1
7,0,191,"[9, 9, 9, 9, 9, 9, 9, 9, 9, 9]","[1, 0, 1, 1, 1, 0, 0, 0, 1, 1]",1
7,0,192,"[5, 3, 6, 5, 5, 4, 5, 5, 4, 5]","[1, 0, 1, 1, 0, 0, 1, 0, 1, 0]",1
7,0,193,"[7, 6, 5, 7, 5, 5, 6, 6, 5, 6]","[0, 1, 0, 0, 0, 0, 0, 0, 0, 1]",1
7,0,194,"[8, 5, 6, 3, 7, 7, 7, 5, 8, 7]","[0, 0, 1, 0, 0, 0, 1, 0, 0, 0]",1
7,0,195,"[4, 1, 1, 2, 1, 1, 2, 2, 4, 3]","[1, 0, 0, 1, 0, 0, 0, 1, 0, 1]",1
7,0,196,"[3, 3, 3, 4, 4, 4, 4, 3, 3, 4]","[0, 0, 0, 0, 1, 1, 0, 0, 0, 1]",1
7,0,197,"[5, 6, 5, 5, 5, 5, 5, 2, 6, 4]","[1, 0, 0, 0, 0, 0, 0, 0, 0, 0]",1
7,0,198,"[3, 2, 4, 3, 5, 5, 2, 5, 3, 1]","[0, 0, 0, 0, 0, 0, 0, 0, 0, 0]",1
7,0,199,"[5, 5, 5, 5, 5, 5, 6, 3, 5, 5]","[0, 0, 0, 1, 0, 0, 0, 0, 0, 0]",1
7,0,200,"[5, 5, 5, 5, 4, 5, 4, 6, 5, 5]","[0, 0, 0, 0, 1, 0, 1, 0, 0, 0]",1
7,0,201,"[6, 9, 5, 6, 7, 8, 9, 8, 8, 5]","[0, 1, 0, 0, 1, 1, 0, 1, 1, 0]",1
7,0,202,"[4, 3, 3, 5, 7, 8, 9, 4, 4, 7]","[0, 0, 0, 0, 1, 0, 1, 0, 1, 1]",1
7,0,203,"[3, 4, 4, 3, 4, 3, 4, 3, 2, 3]","[0, 0, 0, 0, 0, 0, 0, 0, 0, 0]",1
7,0,204,"[8, 7, 8, 8, 8, 8, 8, 9, 7, 8]","[1, 0, 0, 0, 0, 1, 1, 1, 0, 0]",1
7,0,205,"[7, 7, 7, 7, 7, 7, 7, 5, 7, 7]","[0, 1, 0, 1, 0, 1, 0, 0, 0, 0]",1
7,0,206,"[8, 8, 8, 8, 8, 8, 8, 8, 8, 8]","[0, 0, 0, 0, 0, 1, 0, 0, 0, 1]",1
7,0,207,"[5, 5, 4, 5, 5, 6, 5, 7, 5, 5]","[0, 1, 0, 1, 0, 1, 0, 1, 0, 0]",1
7,0,208,"[8, 8, 9, 8, 8, 3, 8, 7, 9, 8]","[1, 1, 1, 1, 0, 0, 0, 1, 0, 0]",1
7,0,209,"[8, 3, 1, 5, 6, 9, 5, 3, 5, 6]","[0, 1, 0, 0, 1, 0, 0, 0, 1, 0]",1
7,1,0,"[4, 4, 7, 6, 4, 3, 5, 9, 4, 5]","[0, 0, 0, 1, 0, 0, 0, 1, 0, 0]",1
7,1,1,"[3, 4, 6, 4, 3, 3, 4, 4, 5, 4]","[0, 1, 0, 1, 1, 1, 1, 0, 0, 0]",1
7,1,2,"[2, 2, 7, 5, 6, 5, 5, 8, 5, 5]","[0, 0, 0, 1, 0, 0, 0, 0, 0, 0]",1
7,1,3,"[5, 6, 5, 5, 7, 6, 6, 5, 7, 7]","[0, 0, 0, 0, 1, 0, 0, 0, 1, 0]",1
7,1,4,"[2, 9, 2, 3, 3, 3, 2, 2, 3, 4]","[0, 0, 0, 0, 0, 0, 0, 1, 1, 1]",1
7,1,5,"[4, 3, 4, 2, 4, 4, 3, 4, 4, 2]","[0, 0, 0, 0, 0, 0, 0, 0, 0, 0]",1
7,1,6,"[5, 7, 6, 8, 8, 1, 7, 7, 6, 8]","[0, 1, 0, 0, 1, 0, 1, 1, 0, 1]",1
7,1,7,"[6, 5, 6, 7, 6, 5, 5, 4, 6, 5]","[0, 1, 0, 1, 0, 0, 1, 0, 0, 0]",1
7,1,8,"[4, 4, 4, 4, 4, 4, 3, 4, 4, 5]","[0, 0, 0, 1, 1, 0, 0, 1, 1, 0]",1
7,1,9,"[4, 8, 3, 4, 4, 3, 3, 4, 2, 4]","[0, 1, 0, 0, 0, 0, 0, 1, 0, 0]",1
7,1,10,"[4, 5, 3, 4, 6, 4, 5, 4, 4, 1]","[1, 0, 1, 0, 1, 1, 0, 0, 0, 0]",1
7,1,11,"[4, 3, 3, 3, 3, 7, 3, 5, 3, 3]","[0, 0, 1, 1, 0, 1, 0, 0, 0, 0]",1
7,1,12,"[4, 4, 4, 2, 4, 3, 1, 4, 4, 4]","[1, 0, 1, 0, 0, 0, 0, 0, 0, 0]",1
7,1,13,"[7, 4, 4, 4, 3, 4, 4, 6, 5, 6]","[1, 0, 0, 1, 0, 1, 0, 0, 0, 0]",1
7,1,14,"[3, 2, 2, 3, 2, 4, 4, 2, 3, 2]","[0, 0, 0, 0, 0, 0, 0, 0, 0, 0]",1
7,1,15,"[4, 7, 3, 4, 5, 3, 3, 4, 5, 5]","[1, 0, 0, 1, 0, 0, 0, 1, 1, 0]",1
7,1,16,"[5, 4, 5, 6, 5, 5, 5, 6, 6, 8]","[1, 0, 1, 0, 0, 1, 1, 1, 0, 0]",1
7,1,17,"[7, 5, 5, 5, 5, 5, 5, 6, 5, 5]","[1, 0, 0, 0, 0, 0, 0, 1, 0, 0]",1
7,1,18,"[3, 4, 3, 4, 3, 5, 3, 3, 3, 2]","[0, 0, 0, 0, 0, 0, 0, 0, 0, 0]",1
7,1,19,"[2, 2, 2, 2, 5, 1, 2, 2, 1, 2]","[0, 0, 0, 0, 0, 0, 0, 0, 0, 0]",1
7,1,20,"[5, 4, 7, 5, 2, 5, 3, 7, 5, 4]","[0, 0, 1, 1, 1, 1, 0, 1, 1, 1]",1
7,1,21,"[4, 8, 8, 6, 2, 4, 7, 3, 7, 2]","[0, 1, 1, 0, 0, 0, 0, 0, 0, 0]",1
7,1,22,"[4, 4, 4, 4, 4, 4, 4, 4, 4, 4]","[0, 0, 1, 0, 0, 0, 0, 0, 0, 0]",1
7,1,23,"[3, 3, 4, 4, 3, 4, 3, 3, 3, 3]","[0, 0, 0, 0, 0, 1, 1, 0, 0, 0]",1
7,1,24,"[5, 4, 2, 2, 4, 5, 2, 5, 2, 4]","[0, 0, 0, 1, 0, 0, 0, 0, 0, 0]",1
7,1,25,"[4, 5, 4, 5, 5, 5, 4, 4, 3, 4]","[0, 0, 0, 1, 0, 0, 1, 1, 0, 1]",1
7,1,26,"[3, 9, 9, 9, 9, 9, 2, 9, 9, 9]","[0, 1, 0, 0, 0, 0, 0, 0, 0, 0]",1
7,1,27,"[4, 8, 4, 6, 5, 3, 4, 4, 4, 5]","[0, 1, 0, 0, 0, 0, 0, 0, 0, 0]",1
7,1,28,"[4, 3, 5, 4, 3, 4, 3, 4, 3, 4]","[0, 0, 1, 0, 0, 0, 0, 0, 0, 0]",1
7,1,29,"[9, 9, 9, 7, 9, 9, 7, 9, 9, 9]","[0, 0, 0, 0, 0, 0, 0, 0, 0, 0]",1
7,1,30,"[6, 6, 5, 6, 6, 2, 6, 5, 6, 5]","[0, 0, 0, 1, 0, 0, 0, 1, 0, 1]",1
7,1,31,"[4, 1, 4, 3, 3, 4, 4, 4, 4, 4]","[0, 0, 0, 0, 0, 0, 0, 0, 1, 1]",1
7,1,32,"[2, 4, 4, 3, 4, 3, 3, 3, 4, 4]","[0, 1, 1, 0, 0, 0, 0, 1, 0, 0]",1
7,1,33,"[3, 3, 3, 4, 4, 3, 3, 3, 4, 3]","[0, 0, 1, 0, 0, 0, 0, 0, 0, 0]",1
7,1,34,"[7, 7, 4, 5, 2, 7, 6, 5, 3, 4]","[0, 0, 1, 0, 0, 0, 0, 0, 1, 0]",1
7,1,35,"[2, 3, 6, 2, 2, 2, 7, 2, 2, 4]","[0, 1, 1, 0, 0, 0, 1, 0, 0, 0]",1
7,1,36,"[5, 4, 1, 5, 4, 4, 3, 7, 4, 7]","[0, 0, 0, 0, 0, 0, 0, 1, 0, 0]",1
7,1,37,"[5, 2, 4, 6, 4, 5, 4, 4, 6, 6]","[1, 1, 0, 1, 1, 0, 0, 1, 0, 1]",1
7,1,38,"[5, 3, 3, 3, 4, 3, 4, 4, 4, 4]","[0, 1, 0, 0, 0, 0, 0, 0, 0, 0]",1
7,1,39,"[6, 4, 3, 1, 5, 1, 1, 2, 7, 2]","[1, 1, 0, 0, 1, 0, 1, 1, 0, 0]",1
7,1,40,"[2, 2, 2, 2, 2, 2, 2, 2, 2, 2]","[0, 0, 0, 0, 0, 0, 0, 0, 0, 0]",1
7,1,41,"[6, 5, 6, 4, 5, 4, 5, 5, 3, 4]","[0, 0, 1, 0, 0, 0, 0, 0, 0, 1]",1
7,1,42,"[4, 3, 3, 3, 3, 4, 1, 3, 2, 4]","[0, 0, 0, 1, 0, 0, 0, 0, 0, 1]",1
7,1,43,"[3, 7, 4, 4, 3, 2, 6, 4, 4, 4]","[0, 1, 0, 0, 0, 0, 0, 0, 0, 0]",1
7,1,44,"[4, 9, 4, 3, 3, 5, 4, 4, 2, 4]","[1, 0, 0, 1, 0, 0, 1, 1, 0, 1]",1
7,1,45,"[5, 6, 3, 7, 4, 5, 3, 8, 1, 4]","[0, 0, 0, 0, 1, 0, 0, 0, 0, 0]",1
7,1,46,"[3, 3, 3, 3, 3, 3, 3, 3, 3, 3]","[0, 0, 0, 0, 1, 0, 0, 0, 0, 0]",1
7,1,47,"[3, 4, 2, 4, 4, 5, 4, 4, 7, 3]","[1, 0, 0, 0, 0, 0, 1, 1, 0, 0]",1
7,1,48,"[4, 4, 4, 4, 3, 4, 4, 3, 4, 4]","[0, 0, 1, 0, 0, 0, 0, 1, 1, 1]",1
7,1,49,"[3, 4, 4, 2, 4, 5, 3, 3, 4, 3]","[0, 0, 0, 1, 1, 0, 0, 0, 1, 0]",1
7,1,50,"[4, 4, 4, 3, 4, 4, 4, 4, 4, 5]","[0, 0, 0, 0, 0, 0, 0, 0, 0, 1]",1
7,1,51,"[3, 3, 3, 3, 3, 3, 3, 6, 3, 3]","[0, 0, 0, 0, 0, 0, 0, 1, 0, 0]",1
7,1,52,"[1, 2, 5, 4, 4, 1, 3, 3, 3, 3]","[1, 0, 0, 1, 1, 1, 0, 1, 0, 0]",1
7,1,53,"[4, 4, 4, 4, 4, 4, 4, 4, 4, 4]","[0, 0, 0, 0, 1, 1, 1, 0, 0, 1]",1
7,1,54,"[4, 3, 3, 3, 2, 2, 5, 4, 3, 5]","[1, 0, 0, 0, 0, 0, 0, 1, 0, 1]",1
7,1,55,"[9, 8, 3, 3, 4, 4, 4, 4, 4, 4]","[0, 0, 0, 0, 0, 1, 0, 0, 1, 0]",1
7,1,56,"[6, 3, 6, 9, 3, 2, 6, 4, 5, 1]","[1, 0, 0, 0, 0, 0, 0, 0, 0, 0]",1
7,1,57,"[2, 3, 4, 4, 5, 4, 3, 4, 4, 3]","[0, 1, 0, 0, 0, 0, 0, 0, 0, 0]",1
7,1,58,"[6, 7, 3, 5, 8, 5, 4, 4, 3, 5]","[0, 1, 0, 1, 1, 0, 0, 0, 0, 0]",1
7,1,59,"[3, 3, 5, 5, 6, 7, 5, 4, 4, 4]","[0, 0, 0, 1, 1, 1, 1, 1, 1, 0]",1
7,1,60,"[2, 1, 1, 1, 7, 4, 3, 4, 3, 3]","[0, 0, 0, 0, 0, 0, 0, 0, 0, 0]",1
7,1,61,"[3, 4, 4, 3, 4, 4, 3, 5, 5, 5]","[1, 1, 1, 0, 0, 0, 0, 1, 0, 0]",1
7,1,62,"[7, 7, 7, 8, 8, 7, 7, 8, 8, 8]","[0, 0, 1, 1, 0, 1, 0, 0, 0, 1]",1
7,1,63,"[4, 8, 4, 4, 7, 4, 3, 1, 4, 4]","[0, 0, 0, 0, 0, 0, 0, 0, 0, 0]",1
7,1,64,"[7, 8, 7, 7, 7, 7, 7, 4, 8, 7]","[0, 0, 1, 0, 0, 0, 0, 0, 0, 1]",1
7,1,65,"[4, 4, 4, 3, 4, 4, 1, 3, 4, 3]","[1, 0, 0, 1, 1, 0, 0, 1, 1, 0]",1
7,1,66,"[8, 4, 2, 3, 3, 5, 5, 5, 5, 5]","[1, 0, 0, 0, 0, 0, 1, 0, 1, 1]",1
7,1,67,"[4, 3, 3, 4, 2, 2, 4, 2, 2, 3]","[0, 1, 0, 0, 0, 0, 0, 0, 0, 0]",1
7,1,68,"[5, 4, 3, 5, 1, 5, 5, 3, 6, 5]","[0, 0, 0, 1, 0, 0, 0, 0, 0, 0]",1
7,1,69,"[5, 3, 3, 4, 6, 2, 5, 6, 3, 3]","[0, 0, 0, 0, 0, 0, 0, 0, 0, 0]",1
7,1,70,"[5, 7, 5, 5, 3, 5, 5, 6, 6, 5]","[0, 1, 1, 0, 0, 0, 0, 0, 0, 0]",1
7,1,71,"[4, 4, 4, 9, 4, 4, 4, 4, 4, 4]","[0, 1, 0, 0, 0, 1, 1, 0, 0, 0]",1
7,1,72,"[5, 3, 4, 3, 4, 4, 4, 4, 4, 4]","[1, 1, 1, 0, 1, 0, 0, 0, 1, 0]",1
7,1,73,"[1, 3, 1, 1, 1, 3, 4, 1, 3, 1]","[0, 0, 0, 0, 0, 1, 1, 0, 0, 1]",1
7,1,74,"[2, 2, 1, 3, 4, 3, 3, 2, 3, 2]","[0, 0, 0, 0, 0, 0, 0, 0, 0, 0]",1
7,1,75,"[2, 4, 2, 2, 2, 2, 2, 2, 2, 3]","[0, 0, 0, 0, 0, 0, 0, 0, 0, 0]",1
7,1,76,"[3, 3, 3, 3, 2, 2, 2, 4, 3, 3]","[0, 0, 0, 1, 0, 0, 0, 0, 0, 0]",1
7,1,77,"[5, 5, 4, 3, 4, 5, 4, 4, 4, 5]","[1, 0, 0, 0, 0, 0, 0, 0, 1, 1]",1
7,1,78,"[3, 4, 4, 5, 8, 4, 4, 3, 2, 4]","[0, 0, 0, 1, 1, 1, 0, 0, 1, 0]",1
7,1,79,"[1, 3, 4, 1, 4, 3, 3, 4, 4, 4]","[0, 0, 0, 0, 0, 0, 0, 0, 0, 0]",1
7,1,80,"[8, 6, 6, 8, 7, 8, 8, 7, 9, 8]","[1, 0, 1, 0, 0, 0, 1, 1, 1, 0]",1
7,1,81,"[3, 6, 7, 6, 4, 5, 5, 5, 6, 6]","[0, 1, 1, 1, 1, 1, 1, 0, 1, 0]",1
7,1,82,"[4, 2, 4, 5, 4, 3, 5, 5, 4, 3]","[0, 0, 0, 0, 1, 0, 1, 0, 1, 0]",1
7,1,83,"[6, 6, 4, 4, 6, 1, 6, 7, 4, 6]","[1, 0, 0, 0, 0, 0, 1, 0, 0, 0]",1
7,1,84,"[3, 2, 2, 3, 3, 3, 2, 1, 2, 3]","[0, 1, 0, 0, 1, 0, 0, 0, 0, 0]",1
7,1,85,"[2, 8, 4, 3, 3, 3, 3, 3, 3, 3]","[0, 0, 1, 0, 0, 0, 1, 1, 0, 0]",1
7,1,86,"[7, 5, 6, 7, 6, 6, 7, 6, 6, 4]","[0, 0, 0, 0, 1, 0, 0, 1, 1, 1]",1
7,1,87,"[1, 4, 5, 3, 4, 5, 4, 4, 7, 5]","[0, 0, 0, 0, 1, 0, 0, 1, 1, 0]",1
7,1,88,"[3, 3, 3, 1, 3, 3, 4, 3, 2, 3]","[0, 0, 0, 0, 0, 0, 1, 1, 0, 0]",1
7,1,89,"[2, 3, 3, 2, 3, 3, 3, 3, 3, 4]","[1, 0, 0, 0, 0, 0, 0, 1, 0, 1]",1
7,1,90,"[3, 9, 2, 4, 2, 7, 7, 2, 6, 8]","[0, 0, 0, 0, 0, 0, 0, 0, 0, 0]",1
7,1,91,"[2, 1, 4, 3, 8, 3, 7, 4, 3, 2]","[1, 0, 0, 0, 1, 1, 0, 0, 1, 1]",1
7,1,92,"[3, 3, 4, 6, 3, 4, 3, 5, 5, 8]","[0, 1, 0, 0, 0, 0, 0, 0, 0, 0]",1
7,1,93,"[1, 4, 2, 6, 8, 3, 1, 1, 3, 2]","[0, 0, 0, 0, 1, 1, 0, 1, 0, 0]",1
7,1,94,"[3, 4, 4, 4, 4, 6, 4, 6, 3, 5]","[0, 0, 0, 1, 0, 0, 0, 0, 0, 1]",1
7,1,95,"[4, 4, 4, 4, 4, 5, 4, 3, 4, 5]","[1, 0, 1, 0, 0, 0, 1, 0, 0, 0]",1
7,1,96,"[4, 4, 3, 4, 5, 2, 4, 4, 3, 4]","[0, 0, 1, 1, 0, 1, 0, 1, 1, 0]",1
7,1,97,"[3, 4, 4, 5, 3, 5, 3, 2, 1, 1]","[0, 0, 0, 0, 0, 0, 0, 0, 0, 0]",1
7,1,98,"[8, 5, 1, 1, 7, 7, 9, 3, 3, 3]","[1, 0, 0, 0, 0, 0, 0, 0, 0, 0]",1
7,1,99,"[1, 1, 1, 7, 1, 1, 8, 3, 8, 1]","[0, 0, 0, 1, 0, 0, 0, 1, 1, 0]",1
7,1,100,"[4, 3, 3, 4, 3, 3, 3, 3, 3, 3]","[0, 0, 0, 0, 0, 1, 0, 0, 0, 1]",1
7,1,101,"[5, 2, 7, 4, 1, 4, 4, 1, 4, 2]","[0, 0, 0, 0, 0, 1, 0, 0, 0, 0]",1
7,1,102,"[5, 5, 5, 3, 2, 5, 3, 7, 1, 5]","[0, 0, 1, 1, 0, 0, 1, 1, 0, 0]",1
7,1,103,"[2, 2, 2, 2, 2, 2, 2, 2, 2, 2]","[0, 0, 0, 0, 0, 0, 0, 0, 0, 0]",1
7,1,104,"[4, 5, 3, 3, 5, 4, 5, 5, 4, 5]","[0, 0, 1, 1, 0, 0, 1, 0, 0, 0]",1
7,1,105,"[5, 4, 4, 4, 3, 5, 3, 4, 5, 5]","[0, 0, 1, 0, 0, 0, 1, 1, 1, 0]",1
7,1,106,"[4, 4, 4, 3, 4, 5, 4, 4, 9, 4]","[0, 0, 0, 0, 0, 0, 0, 0, 0, 0]",1
7,1,107,"[3, 2, 2, 3, 3, 3, 4, 2, 3, 2]","[0, 0, 0, 0, 0, 1, 0, 0, 0, 0]",1
7,1,108,"[3, 1, 3, 1, 3, 7, 5, 3, 9, 5]","[0, 0, 0, 0, 0, 1, 0, 0, 0, 1]",1
7,1,109,"[2, 4, 4, 4, 6, 5, 5, 4, 4, 5]","[1, 0, 1, 0, 0, 1, 0, 0, 1, 0]",1
7,1,110,"[4, 6, 4, 2, 3, 7, 4, 4, 6, 8]","[0, 1, 0, 0, 0, 0, 1, 0, 0, 0]",1
7,1,111,"[4, 5, 9, 4, 6, 4, 6, 4, 4, 4]","[0, 1, 1, 0, 1, 1, 0, 1, 0, 1]",1
7,1,112,"[5, 5, 5, 5, 5, 5, 5, 6, 5, 5]","[1, 1, 0, 0, 1, 0, 0, 1, 1, 0]",1
7,1,113,"[7, 5, 3, 4, 5, 8, 4, 4, 5, 4]","[0, 0, 1, 0, 0, 1, 0, 0, 0, 0]",1
7,1,114,"[3, 4, 4, 4, 6, 4, 1, 5, 4, 2]","[0, 0, 0, 0, 1, 0, 1, 0, 0, 0]",1
7,1,115,"[2, 4, 2, 5, 1, 3, 5, 4, 3, 5]","[0, 0, 0, 1, 0, 0, 0, 0, 1, 0]",1
7,1,116,"[6, 5, 5, 5, 5, 5, 5, 5, 5, 6]","[0, 0, 1, 0, 1, 1, 0, 1, 0, 0]",1
7,1,117,"[3, 3, 3, 2, 3, 3, 4, 3, 4, 3]","[0, 0, 0, 0, 0, 1, 0, 0, 0, 0]",1
7,1,118,"[3, 5, 5, 7, 6, 5, 6, 5, 4, 8]","[1, 1, 0, 1, 1, 0, 1, 1, 0, 0]",1
7,1,119,"[4, 8, 3, 3, 3, 3, 2, 3, 6, 3]","[0, 1, 0, 0, 1, 1, 1, 0, 1, 0]",1
7,1,120,"[6, 6, 3, 5, 6, 7, 4, 6, 6, 6]","[1, 1, 0, 1, 0, 1, 0, 1, 0, 1]",1
7,1,121,"[4, 4, 4, 4, 3, 4, 4, 4, 3, 4]","[0, 1, 0, 0, 0, 0, 0, 0, 0, 0]",1
7,1,122,"[3, 3, 1, 3, 3, 3, 3, 3, 3, 3]","[0, 1, 0, 0, 0, 1, 0, 0, 0, 0]",1
7,1,123,"[6, 8, 2, 4, 3, 3, 3, 3, 2, 1]","[0, 1, 0, 1, 0, 0, 0, 1, 0, 0]",1
7,1,124,"[5, 4, 5, 4, 3, 3, 4, 2, 4, 5]","[1, 0, 0, 0, 0, 0, 0, 0, 0, 0]",1
7,1,125,"[3, 3, 3, 3, 3, 3, 3, 3, 3, 2]","[0, 1, 0, 0, 0, 0, 0, 0, 0, 0]",1
7,1,126,"[4, 4, 4, 4, 4, 4, 3, 4, 4, 4]","[1, 1, 0, 0, 0, 0, 0, 0, 1, 1]",1
7,1,127,"[4, 3, 4, 4, 4, 3, 4, 3, 4, 4]","[1, 0, 0, 0, 0, 0, 0, 0, 0, 1]",1
7,1,128,"[6, 5, 7, 5, 5, 1, 5, 5, 5, 4]","[1, 0, 0, 0, 1, 0, 0, 0, 0, 0]",1
7,1,129,"[6, 4, 2, 3, 1, 4, 3, 3, 4, 3]","[0, 1, 0, 1, 0, 1, 0, 0, 0, 0]",1
7,1,130,"[5, 5, 5, 5, 5, 5, 5, 5, 5, 5]","[0, 0, 0, 1, 0, 0, 0, 0, 0, 0]",1
7,1,131,"[1, 3, 1, 1, 1, 7, 1, 1, 1, 1]","[1, 0, 1, 0, 1, 1, 0, 0, 0, 0]",1
7,1,132,"[1, 4, 4, 4, 5, 3, 3, 6, 3, 4]","[0, 1, 0, 0, 0, 0, 0, 0, 0, 0]",1
7,1,133,"[7, 7, 7, 7, 7, 7, 5, 6, 7, 6]","[1, 1, 0, 1, 0, 0, 0, 0, 1, 0]",1
7,1,134,"[3, 7, 7, 7, 7, 6, 6, 7, 3, 7]","[0, 0, 0, 0, 0, 0, 1, 0, 0, 0]",1
7,1,135,"[4, 4, 6, 5, 5, 7, 6, 5, 5, 7]","[1, 0, 1, 0, 0, 0, 1, 0, 0, 1]",1
7,1,136,"[6, 7, 7, 5, 5, 5, 6, 6, 5, 6]","[1, 1, 1, 1, 0, 1, 1, 1, 1, 1]",1
7,1,137,"[4, 3, 5, 5, 5, 7, 4, 2, 2, 2]","[0, 0, 0, 0, 1, 0, 0, 0, 0, 0]",1
7,1,138,"[6, 6, 6, 5, 7, 6, 6, 6, 6, 6]","[1, 1, 1, 0, 1, 0, 0, 1, 0, 1]",1
7,1,139,"[4, 4, 3, 6, 2, 3, 3, 3, 4, 3]","[0, 1, 0, 1, 0, 0, 0, 1, 0, 0]",1
7,1,140,"[2, 5, 5, 5, 7, 5, 6, 6, 8, 6]","[0, 0, 0, 0, 0, 0, 0, 0, 0, 0]",1
7,1,141,"[3, 2, 2, 3, 3, 1, 3, 5, 5, 3]","[0, 0, 0, 0, 0, 0, 0, 0, 0, 0]",1
7,1,142,"[4, 4, 2, 4, 3, 3, 4, 3, 3, 5]","[0, 0, 1, 0, 0, 0, 1, 0, 0, 0]",1
7,1,143,"[5, 3, 3, 3, 4, 5, 3, 3, 4, 3]","[0, 0, 0, 0, 0, 0, 0, 0, 0, 0]",1
7,1,144,"[5, 5, 4, 4, 4, 4, 4, 3, 4, 4]","[0, 0, 0, 1, 0, 1, 1, 1, 0, 1]",1
7,1,145,"[9, 5, 6, 9, 6, 5, 5, 4, 3, 5]","[0, 0, 0, 1, 0, 1, 0, 1, 0, 1]",1
7,1,146,"[4, 4, 4, 4, 4, 4, 4, 3, 4, 4]","[0, 0, 0, 0, 0, 0, 0, 0, 1, 0]",1
7,1,147,"[4, 4, 5, 5, 4, 3, 4, 3, 5, 4]","[0, 1, 0, 0, 0, 0, 0, 0, 0, 0]",1
7,1,148,"[3, 7, 1, 5, 6, 6, 6, 5, 6, 3]","[0, 0, 0, 1, 0, 0, 0, 0, 0, 0]",1
7,1,149,"[1, 4, 6, 5, 3, 3, 5, 1, 1, 4]","[0, 0, 0, 1, 0, 0, 1, 0, 0, 0]",1
7,1,150,"[4, 4, 4, 4, 4, 5, 4, 5, 3, 4]","[0, 0, 0, 1, 0, 0, 0, 1, 0, 0]",1
7,1,151,"[3, 2, 5, 2, 2, 1, 3, 2, 3, 1]","[0, 0, 1, 0, 1, 0, 0, 0, 0, 0]",1
7,1,152,"[3, 3, 3, 3, 3, 3, 3, 2, 3, 3]","[0, 0, 0, 0, 1, 0, 0, 0, 0, 0]",1
7,1,153,"[2, 3, 2, 8, 2, 2, 4, 3, 3, 2]","[0, 1, 0, 0, 0, 0, 0, 0, 0, 0]",1
7,1,154,"[3, 2, 2, 7, 2, 3, 6, 3, 2, 2]","[0, 0, 1, 0, 0, 0, 0, 0, 0, 0]",1
7,1,155,"[4, 5, 5, 4, 1, 4, 7, 5, 5, 4]","[0, 0, 1, 0, 0, 0, 0, 0, 0, 1]",1
7,1,156,"[4, 5, 4, 4, 4, 4, 4, 3, 5, 4]","[0, 0, 1, 0, 0, 0, 0, 1, 1, 0]",1
7,1,157,"[4, 4, 3, 4, 3, 4, 4, 4, 4, 1]","[0, 1, 0, 1, 0, 0, 0, 0, 0, 0]",1
7,1,158,"[5, 8, 6, 3, 2, 2, 5, 2, 2, 3]","[0, 0, 0, 0, 0, 0, 0, 0, 0, 0]",1
7,1,159,"[9, 9, 9, 8, 9, 9, 9, 9, 9, 9]","[0, 1, 0, 1, 1, 1, 1, 1, 1, 1]",1
7,1,160,"[3, 5, 4, 1, 8, 4, 6, 4, 4, 5]","[0, 0, 0, 0, 1, 0, 0, 1, 0, 1]",1
7,1,161,"[6, 5, 6, 6, 5, 4, 7, 5, 7, 4]","[0, 0, 1, 1, 0, 0, 1, 0, 1, 1]",1
7,1,162,"[4, 7, 3, 6, 9, 4, 9, 6, 4, 7]","[1, 1, 1, 0, 1, 1, 1, 1, 0, 1]",1
7,1,163,"[5, 5, 3, 2, 3, 5, 5, 5, 5, 5]","[1, 0, 0, 0, 0, 0, 0, 0, 0, 0]",1
7,1,164,"[9, 9, 9, 9, 9, 9, 9, 9, 9, 9]","[0, 1, 1, 0, 0, 1, 0, 1, 1, 0]",1
7,1,165,"[3, 3, 3, 4, 3, 3, 3, 3, 3, 2]","[0, 0, 0, 1, 0, 0, 0, 0, 0, 0]",1
7,1,166,"[6, 1, 5, 5, 5, 4, 5, 2, 5, 4]","[1, 0, 0, 1, 0, 0, 1, 0, 0, 0]",1
7,1,167,"[9, 9, 9, 9, 9, 8, 9, 9, 9, 9]","[1, 1, 1, 1, 1, 0, 0, 1, 1, 1]",1
7,1,168,"[4, 5, 2, 3, 5, 6, 4, 2, 2, 6]","[1, 0, 1, 0, 0, 0, 0, 0, 0, 0]",1
7,1,169,"[5, 6, 8, 4, 6, 6, 6, 4, 5, 5]","[0, 1, 0, 0, 0, 0, 0, 0, 0, 0]",1
7,1,170,"[5, 6, 1, 3, 6, 3, 3, 5, 2, 6]","[0, 0, 0, 0, 0, 0, 1, 0, 0, 0]",1
7,1,171,"[4, 5, 5, 4, 5, 4, 5, 4, 4, 4]","[0, 0, 1, 1, 0, 1, 0, 1, 0, 1]",1
7,1,172,"[5, 4, 5, 5, 4, 3, 5, 4, 5, 5]","[1, 1, 0, 1, 0, 1, 1, 0, 0, 1]",1
7,1,173,"[5, 4, 5, 4, 5, 5, 4, 2, 5, 4]","[0, 1, 1, 0, 0, 1, 0, 0, 0, 0]",1
7,1,174,"[4, 4, 6, 4, 4, 4, 4, 4, 5, 4]","[1, 0, 0, 1, 0, 0, 0, 1, 0, 0]",1
7,1,175,"[3, 3, 1, 3, 3, 3, 4, 1, 7, 3]","[0, 0, 0, 0, 0, 0, 0, 0, 0, 0]",1
7,1,176,"[4, 4, 4, 4, 4, 4, 4, 4, 3, 4]","[0, 0, 0, 1, 0, 0, 0, 0, 0, 0]",1
7,1,177,"[4, 9, 2, 1, 5, 5, 5, 6, 5, 5]","[0, 0, 0, 1, 1, 0, 0, 0, 1, 1]",1
7,1,178,"[4, 4, 5, 4, 4, 5, 6, 5, 5, 4]","[1, 0, 0, 1, 1, 0, 0, 0, 1, 0]",1
7,1,179,"[7, 3, 4, 3, 3, 3, 3, 6, 4, 3]","[0, 0, 0, 0, 0, 0, 0, 1, 0, 0]",1
7,1,180,"[3, 3, 3, 2, 4, 3, 3, 3, 3, 3]","[0, 0, 0, 0, 0, 0, 0, 1, 0, 0]",1
7,1,181,"[4, 4, 4, 5, 5, 3, 3, 4, 3, 4]","[0, 0, 0, 1, 0, 0, 0, 0, 0, 1]",1
7,1,182,"[4, 5, 4, 5, 4, 5, 4, 2, 3, 2]","[0, 0, 0, 0, 1, 0, 0, 0, 0, 1]",1
7,1,183,"[5, 5, 8, 5, 5, 4, 3, 5, 3, 4]","[0, 0, 0, 0, 0, 1, 0, 0, 0, 1]",1
7,1,184,"[3, 1, 3, 3, 3, 3, 3, 2, 3, 6]","[0, 1, 0, 0, 0, 0, 0, 1, 0, 1]",1
7,1,185,"[4, 5, 6, 7, 6, 6, 5, 7, 7, 7]","[0, 1, 1, 1, 0, 0, 0, 1, 0, 0]",1
7,1,186,"[3, 6, 4, 4, 4, 4, 7, 6, 3, 6]","[0, 1, 0, 0, 0, 0, 1, 0, 1, 0]",1
7,1,187,"[3, 3, 4, 4, 4, 4, 3, 3, 4, 4]","[0, 0, 0, 1, 1, 1, 0, 1, 1, 1]",1
7,1,188,"[5, 5, 3, 5, 3, 3, 3, 8, 3, 6]","[0, 0, 0, 0, 0, 0, 0, 0, 0, 1]",1
7,1,189,"[2, 2, 2, 2, 2, 2, 3, 7, 1, 2]","[0, 1, 0, 0, 0, 0, 1, 0, 0, 0]",1
7,1,190,"[7, 2, 4, 8, 3, 5, 5, 2, 3, 3]","[1, 0, 0, 1, 1, 1, 1, 1, 0, 1]",1
7,1,191,"[3, 1, 3, 3, 3, 3, 3, 3, 2, 3]","[0, 0, 1, 0, 0, 0, 0, 0, 0, 1]",1
7,1,192,"[3, 3, 3, 3, 3, 4, 3, 3, 2, 3]","[0, 0, 0, 0, 0, 0, 0, 0, 0, 0]",1
7,1,193,"[3, 3, 6, 3, 3, 5, 4, 3, 3, 2]","[0, 0, 0, 0, 0, 1, 0, 0, 0, 0]",1
7,1,194,"[5, 3, 6, 3, 4, 4, 6, 4, 6, 2]","[1, 0, 1, 0, 1, 1, 0, 0, 0, 1]",1
7,1,195,"[1, 1, 1, 1, 3, 1, 1, 1, 1, 1]","[0, 0, 0, 0, 0, 0, 0, 1, 0, 0]",1
7,1,196,"[4, 3, 3, 3, 2, 3, 3, 4, 3, 3]","[0, 0, 0, 0, 0, 0, 0, 0, 1, 0]",1
7,1,197,"[5, 6, 4, 6, 6, 7, 6, 7, 6, 6]","[1, 1, 0, 0, 1, 1, 0, 1, 1, 1]",1
7,1,198,"[5, 6, 2, 2, 2, 4, 7, 3, 2, 2]","[0, 0, 0, 0, 0, 1, 0, 0, 0, 0]",1
7,1,199,"[3, 3, 4, 3, 3, 3, 3, 4, 4, 2]","[0, 0, 0, 1, 0, 0, 0, 1, 0, 0]",1
7,1,200,"[5, 4, 5, 5, 5, 6, 5, 5, 5, 4]","[0, 0, 0, 0, 0, 1, 1, 0, 0, 0]",1
7,1,201,"[4, 4, 4, 4, 3, 9, 4, 3, 4, 4]","[1, 1, 1, 0, 0, 1, 1, 0, 1, 1]",1
7,1,202,"[5, 5, 5, 6, 5, 6, 4, 5, 5, 5]","[1, 0, 0, 1, 0, 0, 0, 0, 0, 0]",1
7,1,203,"[3, 3, 4, 4, 3, 4, 6, 4, 4, 5]","[0, 0, 0, 0, 0, 0, 0, 0, 0, 0]",1
7,1,204,"[1, 3, 3, 3, 3, 3, 3, 3, 3, 3]","[0, 0, 0, 0, 0, 0, 0, 0, 0, 0]",1
7,1,205,"[6, 6, 5, 6, 7, 6, 5, 7, 2, 6]","[0, 1, 0, 0, 0, 0, 0, 1, 0, 0]",1
7,1,206,"[4, 6, 3, 3, 3, 4, 3, 4, 3, 3]","[0, 0, 0, 0, 0, 0, 0, 0, 0, 0]",1
7,1,207,"[3, 3, 2, 3, 5, 2, 3, 2, 3, 3]","[0, 0, 0, 0, 0, 0, 1, 0, 1, 0]",1
7,1,208,"[5, 4, 5, 5, 6, 5, 5, 5, 7, 5]","[1, 0, 1, 1, 1, 1, 0, 1, 0, 0]",1
7,1,209,"[4, 5, 5, 4, 5, 2, 3, 5, 3, 4]","[0, 0, 0, 0, 0, 0, 1, 0, 0, 0]",1
8,0,0,"[4, 7, 3, 9, 9, 8, 7, 7, 3, 8]","[0, 1, 0, 0, 0, 1, 1, 1, 0, 0]",1
8,0,1,"[6, 6, 6, 6, 6, 5, 5, 6, 6, 7]","[1, 0, 0, 0, 0, 0, 0, 1, 0, 0]",1
8,0,2,"[9, 8, 8, 4, 2, 8, 8, 9, 9, 5]","[0, 0, 0, 0, 0, 0, 0, 0, 1, 0]",1
8,0,3,"[7, 7, 7, 6, 5, 7, 6, 5, 5, 6]","[0, 0, 1, 1, 0, 0, 0, 0, 0, 0]",1
8,0,4,"[5, 5, 7, 5, 4, 2, 1, 4, 3, 3]","[0, 1, 0, 0, 0, 0, 0, 0, 0, 0]",1
8,0,5,"[3, 2, 3, 3, 5, 5, 6, 3, 8, 4]","[0, 0, 0, 0, 0, 0, 0, 0, 1, 0]",1
8,0,6,"[8, 6, 7, 8, 7, 7, 7, 7, 8, 7]","[1, 1, 0, 0, 0, 0, 0, 0, 1, 0]",1
8,0,7,"[2, 1, 8, 6, 9, 5, 8, 5, 7, 9]","[0, 0, 1, 0, 1, 1, 1, 0, 0, 1]",1
8,0,8,"[2, 3, 4, 4, 4, 3, 3, 4, 4, 4]","[0, 1, 0, 0, 0, 1, 0, 0, 0, 1]",1
8,0,9,"[4, 4, 4, 3, 4, 6, 4, 3, 6, 5]","[0, 0, 0, 0, 0, 0, 0, 0, 0, 0]",1
8,0,10,"[4, 5, 5, 4, 3, 3, 4, 4, 5, 5]","[1, 0, 1, 1, 0, 0, 0, 0, 0, 0]",1
8,0,11,"[4, 5, 7, 6, 5, 5, 6, 5, 5, 4]","[0, 0, 0, 0, 1, 0, 0, 1, 0, 0]",1
8,0,12,"[6, 6, 6, 6, 6, 6, 7, 6, 6, 6]","[1, 0, 0, 0, 0, 0, 1, 0, 0, 0]",1
8,0,13,"[6, 6, 6, 6, 5, 7, 6, 5, 5, 7]","[0, 0, 0, 0, 0, 0, 0, 0, 0, 1]",1
8,0,14,"[5, 6, 4, 5, 5, 5, 5, 7, 5, 8]","[0, 0, 0, 1, 0, 0, 0, 0, 0, 0]",1
8,0,15,"[5, 7, 3, 4, 5, 4, 5, 5, 5, 4]","[0, 0, 1, 0, 0, 0, 0, 0, 0, 0]",1
8,0,16,"[3, 8, 7, 5, 5, 4, 7, 6, 3, 8]","[0, 0, 0, 0, 1, 0, 0, 1, 0, 0]",1
8,0,17,"[8, 8, 7, 4, 7, 8, 3, 6, 5, 8]","[0, 0, 0, 0, 1, 0, 0, 0, 0, 0]",1
8,0,18,"[4, 4, 4, 4, 5, 5, 3, 5, 8, 8]","[1, 0, 0, 0, 0, 0, 1, 0, 0, 0]",1
8,0,19,"[3, 3, 3, 4, 3, 4, 3, 1, 3, 3]","[0, 0, 0, 0, 0, 0, 0, 0, 0, 0]",1
8,0,20,"[1, 4, 4, 4, 4, 4, 5, 5, 2, 6]","[0, 0, 0, 0, 0, 0, 1, 1, 1, 0]",1
8,0,21,"[4, 3, 9, 7, 4, 9, 2, 9, 4, 8]","[0, 0, 0, 0, 0, 0, 0, 0, 0, 0]",1
8,0,22,"[8, 4, 4, 4, 4, 4, 4, 4, 4, 4]","[0, 0, 0, 0, 0, 0, 0, 1, 0, 0]",1
8,0,23,"[5, 3, 3, 5, 3, 3, 5, 5, 2, 4]","[0, 0, 0, 0, 1, 0, 0, 0, 0, 0]",1
8,0,24,"[7, 3, 6, 6, 3, 4, 7, 6, 3, 6]","[0, 0, 0, 0, 0, 0, 0, 1, 0, 0]",1
8,0,25,"[5, 5, 7, 5, 5, 4, 5, 5, 5, 5]","[1, 1, 1, 0, 0, 0, 0, 0, 1, 0]",1
8,0,26,"[9, 9, 5, 9, 9, 8, 9, 4, 9, 9]","[0, 0, 0, 1, 0, 0, 0, 0, 1, 0]",1
8,0,27,"[6, 7, 6, 6, 6, 6, 6, 5, 6, 6]","[1, 0, 0, 0, 0, 0, 0, 0, 0, 0]",1
8,0,28,"[6, 6, 6, 6, 8, 7, 5, 6, 7, 6]","[0, 1, 0, 0, 0, 0, 0, 0, 0, 1]",1
8,0,29,"[9, 9, 9, 9, 9, 9, 9, 9, 9, 9]","[1, 0, 1, 0, 0, 0, 1, 0, 1, 1]",1
8,0,30,"[5, 6, 6, 6, 6, 5, 6, 5, 6, 6]","[0, 0, 0, 0, 0, 0, 0, 0, 0, 0]",1
8,0,31,"[3, 5, 3, 2, 7, 2, 3, 4, 8, 8]","[0, 0, 0, 0, 0, 0, 1, 1, 0, 1]",1
8,0,32,"[5, 4, 4, 4, 5, 6, 6, 4, 4, 5]","[1, 1, 0, 0, 0, 1, 0, 0, 0, 0]",1
8,0,33,"[4, 3, 2, 7, 3, 3, 3, 7, 3, 4]","[1, 0, 0, 0, 0, 0, 0, 0, 0, 0]",1
8,0,34,"[7, 7, 3, 7, 6, 7, 8, 6, 9, 9]","[0, 0, 0, 0, 1, 0, 1, 0, 0, 0]",1
8,0,35,"[5, 4, 6, 4, 3, 4, 6, 4, 4, 5]","[0, 1, 0, 0, 0, 0, 0, 0, 0, 0]",1
8,0,36,"[9, 7, 5, 6, 8, 3, 9, 8, 8, 6]","[0, 0, 0, 0, 0, 0, 0, 1, 1, 1]",1
8,0,37,"[4, 5, 1, 5, 6, 4, 5, 5, 6, 4]","[1, 0, 0, 0, 0, 0, 1, 0, 0, 0]",1
8,0,38,"[5, 5, 5, 6, 6, 6, 6, 5, 5, 5]","[0, 0, 1, 0, 1, 0, 1, 0, 0, 1]",1
8,0,39,"[3, 2, 1, 5, 1, 1, 1, 3, 1, 2]","[0, 0, 0, 1, 0, 0, 0, 0, 0, 0]",1
8,0,40,"[4, 4, 4, 4, 4, 4, 4, 4, 4, 4]","[1, 0, 0, 0, 1, 1, 1, 0, 0, 0]",1
8,0,41,"[7, 4, 3, 5, 5, 5, 4, 5, 5, 5]","[1, 0, 0, 0, 0, 0, 0, 0, 0, 0]",1
8,0,42,"[2, 2, 2, 2, 2, 3, 2, 3, 3, 3]","[0, 0, 0, 0, 0, 0, 0, 0, 0, 0]",1
8,0,43,"[4, 4, 4, 5, 4, 5, 4, 4, 4, 3]","[0, 0, 0, 0, 0, 0, 0, 0, 0, 0]",1
8,0,44,"[5, 4, 5, 5, 3, 8, 3, 4, 6, 5]","[0, 0, 0, 1, 0, 1, 0, 0, 0, 0]",1
8,0,45,"[5, 4, 7, 7, 6, 5, 7, 5, 6, 6]","[0, 0, 1, 0, 1, 0, 0, 1, 0, 0]",1
8,0,46,"[2, 3, 2, 1, 2, 2, 2, 1, 7, 2]","[0, 0, 0, 0, 0, 0, 0, 0, 0, 0]",1
8,0,47,"[7, 6, 5, 6, 4, 6, 5, 5, 3, 6]","[0, 1, 1, 0, 1, 0, 0, 0, 1, 0]",1
8,0,48,"[5, 6, 4, 5, 5, 5, 6, 5, 5, 5]","[1, 0, 0, 0, 1, 1, 0, 0, 0, 0]",1
8,0,49,"[4, 4, 4, 2, 4, 4, 4, 5, 4, 2]","[0, 0, 1, 0, 0, 1, 0, 0, 0, 0]",1
8,0,50,"[7, 8, 6, 7, 9, 8, 7, 7, 7, 7]","[0, 1, 0, 0, 0, 0, 1, 1, 1, 0]",1
8,0,51,"[5, 6, 6, 3, 5, 5, 5, 5, 4, 5]","[0, 0, 0, 0, 0, 0, 0, 0, 0, 0]",1
8,0,52,"[2, 4, 2, 4, 4, 4, 2, 3, 1, 3]","[0, 0, 1, 1, 0, 1, 0, 0, 0, 1]",1
8,0,53,"[4, 3, 3, 4, 4, 4, 4, 4, 4, 4]","[0, 0, 0, 0, 0, 0, 0, 0, 0, 1]",1
8,0,54,"[5, 9, 4, 6, 1, 9, 8, 6, 6, 8]","[0, 0, 0, 0, 0, 0, 0, 0, 0, 1]",1
8,0,55,"[5, 5, 5, 8, 5, 9, 5, 4, 9, 6]","[1, 1, 0, 1, 1, 1, 0, 1, 0, 0]",1
8,0,56,"[1, 2, 9, 5, 1, 4, 1, 1, 1, 1]","[0, 1, 0, 0, 0, 0, 0, 1, 0, 0]",1
8,0,57,"[4, 4, 4, 4, 6, 1, 4, 3, 1, 4]","[0, 0, 0, 0, 0, 0, 0, 0, 0, 0]",1
8,0,58,"[7, 9, 4, 3, 3, 6, 6, 6, 4, 7]","[1, 0, 0, 0, 1, 1, 0, 1, 1, 0]",1
8,0,59,"[4, 1, 3, 5, 4, 5, 2, 3, 3, 6]","[0, 0, 0, 0, 0, 0, 0, 0, 0, 0]",1
8,0,60,"[6, 4, 4, 6, 3, 6, 4, 3, 4, 1]","[0, 0, 0, 0, 0, 0, 0, 0, 0, 0]",1
8,0,61,"[4, 3, 4, 4, 4, 4, 4, 9, 4, 4]","[0, 0, 1, 0, 0, 0, 0, 0, 0, 1]",1
8,0,62,"[9, 7, 9, 8, 9, 7, 9, 9, 9, 9]","[0, 0, 0, 0, 0, 0, 0, 0, 0, 0]",1
8,0,63,"[6, 6, 6, 6, 7, 6, 6, 6, 5, 7]","[1, 0, 0, 0, 1, 0, 0, 0, 0, 0]",1
8,0,64,"[2, 8, 4, 2, 3, 3, 3, 7, 4, 3]","[1, 0, 1, 0, 0, 0, 0, 0, 0, 0]",1
8,0,65,"[1, 3, 3, 3, 1, 3, 2, 7, 5, 4]","[0, 0, 0, 0, 0, 0, 0, 1, 0, 0]",1
8,0,66,"[5, 4, 4, 6, 5, 3, 4, 8, 4, 4]","[1, 0, 0, 0, 0, 0, 0, 0, 0, 0]",1
8,0,67,"[6, 1, 4, 5, 5, 5, 5, 7, 6, 3]","[0, 0, 0, 0, 0, 0, 0, 1, 0, 0]",1
8,0,68,"[6, 5, 7, 5, 6, 7, 5, 4, 6, 5]","[0, 1, 0, 0, 0, 0, 0, 0, 1, 0]",1
8,0,69,"[5, 5, 2, 4, 3, 5, 4, 1, 3, 6]","[0, 0, 0, 0, 0, 0, 1, 0, 0, 0]",1
8,0,70,"[7, 8, 6, 6, 5, 6, 6, 6, 3, 7]","[0, 0, 1, 0, 0, 1, 0, 0, 1, 1]",1
8,0,71,"[5, 5, 5, 4, 5, 5, 5, 5, 5, 5]","[0, 0, 0, 0, 0, 0, 0, 0, 0, 0]",1
8,0,72,"[4, 5, 4, 4, 5, 5, 4, 4, 5, 4]","[0, 0, 0, 0, 0, 0, 0, 0, 0, 0]",1
8,0,73,"[8, 4, 7, 5, 5, 4, 6, 7, 5, 6]","[1, 1, 1, 0, 0, 1, 0, 1, 1, 0]",1
8,0,74,"[4, 5, 4, 2, 3, 5, 3, 3, 3, 5]","[0, 0, 0, 0, 0, 0, 0, 0, 0, 0]",1
8,0,75,"[4, 4, 5, 4, 4, 3, 4, 3, 5, 4]","[0, 1, 0, 0, 0, 0, 0, 0, 0, 1]",1
8,0,76,"[7, 4, 1, 3, 6, 3, 2, 4, 2, 4]","[0, 0, 0, 0, 0, 0, 0, 0, 0, 0]",1
8,0,77,"[4, 3, 8, 3, 4, 2, 2, 5, 4, 7]","[1, 0, 1, 0, 0, 0, 0, 1, 0, 0]",1
8,0,78,"[6, 5, 2, 5, 3, 6, 5, 6, 4, 5]","[0, 0, 0, 0, 0, 0, 0, 0, 0, 0]",1
8,0,79,"[6, 6, 4, 2, 4, 4, 5, 2, 1, 4]","[1, 1, 0, 0, 0, 0, 0, 0, 0, 0]",1
8,0,80,"[6, 9, 6, 6, 9, 9, 9, 7, 6, 9]","[1, 1, 0, 0, 0, 1, 0, 1, 0, 0]",1
8,0,81,"[4, 3, 5, 5, 6, 6, 4, 7, 7, 7]","[0, 0, 0, 0, 1, 0, 0, 1, 0, 1]",1
8,0,82,"[3, 7, 5, 6, 4, 3, 4, 4, 3, 5]","[1, 0, 0, 1, 0, 0, 0, 0, 0, 0]",1
8,0,83,"[5, 8, 6, 8, 8, 6, 4, 4, 5, 1]","[1, 1, 1, 0, 0, 0, 0, 0, 1, 0]",1
8,0,84,"[7, 2, 6, 1, 3, 3, 7, 2, 5, 3]","[1, 0, 1, 0, 0, 0, 0, 0, 1, 1]",1
8,0,85,"[6, 7, 7, 7, 7, 7, 7, 7, 7, 7]","[0, 0, 1, 0, 0, 0, 0, 1, 0, 0]",1
8,0,86,"[9, 9, 9, 9, 9, 8, 9, 7, 9, 9]","[0, 0, 0, 1, 1, 1, 0, 1, 0, 1]",1
8,0,87,"[5, 3, 4, 4, 5, 5, 5, 4, 4, 3]","[0, 0, 0, 0, 0, 1, 1, 0, 0, 0]",1
8,0,88,"[6, 5, 6, 7, 5, 4, 4, 5, 6, 4]","[0, 0, 0, 0, 1, 0, 0, 0, 1, 0]",1
8,0,89,"[6, 4, 5, 4, 6, 5, 5, 5, 5, 5]","[0, 0, 0, 0, 1, 0, 0, 0, 0, 0]",1
8,0,90,"[9, 9, 9, 9, 9, 9, 9, 9, 9, 9]","[1, 0, 1, 0, 0, 1, 0, 0, 1, 0]",1
8,0,91,"[5, 4, 5, 4, 6, 5, 4, 6, 4, 8]","[0, 0, 0, 0, 0, 0, 0, 0, 0, 0]",1
8,0,92,"[4, 3, 3, 7, 3, 8, 4, 7, 6, 3]","[1, 0, 0, 0, 0, 1, 0, 0, 1, 0]",1
8,0,93,"[4, 5, 2, 2, 2, 3, 2, 2, 2, 3]","[0, 1, 0, 0, 0, 0, 0, 0, 0, 0]",1
8,0,94,"[5, 5, 5, 5, 6, 8, 5, 4, 6, 5]","[0, 0, 0, 0, 0, 1, 0, 0, 0, 0]",1
8,0,95,"[3, 2, 2, 1, 1, 3, 3, 2, 2, 3]","[1, 0, 0, 0, 0, 0, 0, 0, 0, 0]",1
8,0,96,"[5, 5, 5, 5, 1, 5, 5, 4, 5, 5]","[0, 0, 0, 1, 0, 0, 0, 0, 1, 1]",1
8,0,97,"[5, 4, 5, 4, 4, 4, 5, 3, 3, 5]","[0, 0, 0, 0, 0, 0, 0, 0, 0, 0]",1
8,0,98,"[9, 9, 9, 9, 9, 9, 9, 9, 9, 9]","[1, 1, 1, 0, 0, 1, 0, 0, 1, 1]",1
8,0,99,"[2, 2, 2, 2, 3, 3, 2, 2, 2, 2]","[0, 0, 0, 0, 0, 0, 0, 0, 1, 0]",1
8,0,100,"[4, 3, 4, 3, 2, 8, 7, 6, 3, 3]","[0, 0, 0, 0, 0, 0, 0, 0, 0, 0]",1
8,0,101,"[9, 4, 4, 8, 8, 2, 8, 2, 8, 8]","[1, 0, 1, 0, 0, 0, 0, 0, 0, 1]",1
8,0,102,"[8, 6, 7, 1, 2, 4, 4, 1, 1, 3]","[0, 0, 1, 0, 0, 0, 0, 0, 0, 0]",1
8,0,103,"[7, 7, 7, 5, 6, 7, 7, 7, 7, 7]","[1, 1, 0, 1, 1, 1, 0, 0, 0, 0]",1
8,0,104,"[5, 3, 9, 3, 3, 4, 2, 3, 4, 9]","[0, 0, 1, 0, 1, 1, 0, 0, 0, 1]",1
8,0,105,"[7, 6, 6, 6, 4, 8, 6, 6, 5, 7]","[0, 0, 1, 0, 0, 1, 0, 1, 0, 0]",1
8,0,106,"[4, 5, 8, 4, 4, 5, 4, 3, 7, 4]","[0, 0, 0, 1, 0, 0, 1, 0, 0, 1]",1
8,0,107,"[3, 6, 5, 7, 5, 6, 3, 5, 5, 6]","[0, 1, 0, 1, 0, 0, 1, 0, 1, 0]",1
8,0,108,"[8, 9, 8, 9, 7, 6, 9, 9, 9, 8]","[1, 0, 0, 1, 0, 0, 1, 0, 0, 0]",1
8,0,109,"[6, 6, 6, 4, 6, 6, 4, 7, 6, 6]","[0, 0, 1, 0, 0, 0, 0, 0, 0, 0]",1
8,0,110,"[8, 9, 7, 9, 9, 6, 8, 9, 9, 8]","[0, 0, 0, 0, 1, 0, 1, 1, 1, 0]",1
8,0,111,"[8, 6, 7, 7, 6, 6, 7, 7, 7, 7]","[0, 0, 1, 1, 1, 0, 1, 1, 0, 1]",1
8,0,112,"[4, 4, 4, 3, 4, 5, 4, 4, 4, 4]","[0, 0, 0, 1, 1, 0, 0, 0, 0, 0]",1
8,0,113,"[5, 5, 4, 4, 5, 6, 5, 7, 4, 5]","[0, 0, 0, 0, 1, 0, 0, 1, 0, 0]",1
8,0,114,"[4, 2, 1, 2, 3, 3, 2, 3, 2, 4]","[0, 1, 0, 0, 0, 0, 0, 0, 0, 0]",1
8,0,115,"[9, 9, 7, 9, 9, 9, 9, 1, 9, 9]","[0, 1, 0, 0, 1, 1, 0, 0, 0, 0]",1
8,0,116,"[9, 9, 9, 9, 8, 8, 9, 9, 9, 9]","[1, 1, 0, 0, 0, 1, 0, 1, 0, 0]",1
8,0,117,"[5, 6, 4, 5, 5, 5, 4, 6, 6, 6]","[0, 0, 0, 0, 0, 0, 0, 1, 1, 0]",1
8,0,118,"[7, 5, 6, 7, 7, 3, 7, 7, 7, 7]","[0, 0, 1, 0, 0, 0, 1, 0, 0, 0]",1
8,0,119,"[4, 5, 4, 4, 4, 4, 4, 4, 4, 4]","[1, 0, 1, 0, 0, 1, 0, 0, 0, 0]",1
8,0,120,"[5, 5, 5, 4, 5, 6, 4, 6, 6, 2]","[0, 0, 0, 0, 0, 0, 0, 1, 0, 0]",1
8,0,121,"[4, 4, 5, 5, 5, 5, 5, 6, 6, 5]","[1, 1, 0, 0, 0, 0, 0, 0, 1, 0]",1
8,0,122,"[7, 5, 1, 6, 5, 5, 5, 5, 5, 5]","[0, 0, 0, 0, 0, 0, 0, 0, 0, 0]",1
8,0,123,"[5, 7, 1, 6, 3, 6, 6, 7, 6, 6]","[0, 0, 0, 0, 0, 0, 0, 1, 1, 1]",1
8,0,124,"[9, 9, 5, 9, 8, 9, 8, 9, 9, 1]","[1, 0, 0, 1, 0, 1, 1, 0, 1, 0]",1
8,0,125,"[5, 5, 5, 5, 6, 5, 4, 5, 5, 5]","[0, 0, 0, 0, 0, 0, 0, 1, 1, 0]",1
8,0,126,"[3, 2, 5, 4, 7, 4, 3, 1, 8, 4]","[0, 0, 1, 0, 0, 1, 0, 0, 1, 0]",1
8,0,127,"[5, 5, 5, 5, 5, 6, 5, 5, 5, 6]","[0, 0, 0, 0, 1, 1, 1, 0, 0, 0]",1
8,0,128,"[7, 8, 8, 7, 6, 6, 7, 8, 6, 7]","[0, 1, 1, 1, 0, 1, 1, 0, 0, 1]",1
8,0,129,"[5, 5, 4, 4, 7, 5, 4, 8, 7, 6]","[0, 0, 0, 1, 1, 0, 1, 1, 0, 0]",1
8,0,130,"[7, 7, 6, 7, 6, 7, 7, 7, 7, 6]","[0, 0, 0, 1, 0, 0, 0, 0, 1, 0]",1
8,0,131,"[9, 9, 4, 9, 9, 9, 8, 9, 9, 9]","[1, 0, 0, 0, 0, 1, 1, 0, 0, 1]",1
8,0,132,"[3, 4, 3, 7, 6, 5, 6, 4, 3, 4]","[1, 0, 0, 0, 1, 1, 0, 0, 0, 0]",1
8,0,133,"[7, 2, 4, 3, 7, 3, 4, 3, 3, 3]","[0, 0, 0, 0, 1, 1, 1, 0, 0, 0]",1
8,0,134,"[3, 4, 6, 9, 6, 7, 7, 4, 6, 6]","[0, 0, 0, 0, 1, 1, 0, 1, 0, 0]",1
8,0,135,"[4, 6, 6, 6, 8, 5, 5, 8, 4, 5]","[0, 0, 0, 0, 0, 0, 0, 1, 0, 0]",1
8,0,136,"[7, 9, 6, 6, 6, 8, 7, 6, 6, 7]","[0, 0, 0, 0, 0, 1, 0, 0, 0, 1]",1
8,0,137,"[4, 6, 8, 8, 7, 5, 1, 4, 3, 4]","[0, 0, 1, 1, 0, 0, 0, 1, 0, 0]",1
8,0,138,"[4, 4, 4, 4, 4, 4, 3, 4, 4, 5]","[0, 0, 0, 1, 0, 0, 0, 0, 0, 0]",1
8,0,139,"[4, 4, 4, 5, 4, 6, 4, 4, 4, 4]","[0, 0, 0, 0, 0, 0, 0, 0, 0, 0]",1
8,0,140,"[5, 9, 5, 5, 7, 7, 8, 4, 4, 7]","[1, 0, 0, 0, 0, 1, 1, 0, 0, 0]",1
8,0,141,"[4, 3, 3, 4, 4, 3, 4, 4, 1, 3]","[0, 0, 0, 0, 0, 0, 0, 1, 0, 0]",1
8,0,142,"[4, 6, 5, 6, 6, 5, 4, 9, 6, 7]","[1, 0, 0, 0, 0, 1, 0, 1, 1, 0]",1
8,0,143,"[4, 4, 6, 5, 5, 5, 5, 5, 6, 5]","[0, 0, 1, 0, 0, 0, 0, 0, 0, 1]",1
8,0,144,"[8, 8, 8, 7, 8, 8, 8, 7, 7, 7]","[1, 0, 1, 1, 1, 0, 1, 0, 0, 1]",1
8,0,145,"[7, 9, 8, 6, 6, 6, 6, 7, 7, 6]","[0, 0, 0, 0, 1, 0, 0, 0, 0, 0]",1
8,0,146,"[6, 6, 6, 6, 6, 6, 5, 6, 6, 7]","[0, 0, 0, 0, 0, 0, 1, 1, 0, 0]",1
8,0,147,"[4, 6, 5, 5, 4, 5, 5, 5, 4, 9]","[1, 0, 0, 0, 0, 0, 0, 1, 0, 1]",1
8,0,148,"[5, 5, 6, 5, 6, 6, 4, 5, 5, 5]","[0, 1, 1, 0, 0, 0, 0, 0, 0, 0]",1
8,0,149,"[5, 4, 5, 5, 6, 4, 2, 8, 5, 4]","[0, 0, 0, 0, 0, 0, 1, 0, 0, 0]",1
8,0,150,"[5, 7, 6, 5, 3, 5, 6, 4, 6, 6]","[0, 0, 0, 0, 0, 0, 0, 1, 0, 1]",1
8,0,151,"[9, 4, 4, 4, 5, 5, 4, 5, 6, 3]","[0, 0, 0, 0, 0, 0, 0, 0, 0, 0]",1
8,0,152,"[4, 3, 5, 5, 5, 5, 5, 6, 5, 5]","[0, 0, 0, 0, 0, 0, 0, 0, 0, 0]",1
8,0,153,"[6, 6, 5, 4, 6, 7, 6, 5, 6, 5]","[0, 0, 0, 0, 0, 1, 0, 0, 0, 1]",1
8,0,154,"[8, 8, 7, 4, 8, 8, 5, 7, 6, 8]","[1, 1, 1, 0, 0, 1, 0, 1, 0, 1]",1
8,0,155,"[7, 6, 5, 6, 6, 6, 6, 6, 6, 6]","[0, 1, 0, 0, 0, 0, 0, 0, 0, 0]",1
8,0,156,"[2, 3, 2, 1, 3, 2, 2, 3, 2, 2]","[0, 0, 0, 0, 0, 0, 0, 0, 0, 0]",1
8,0,157,"[5, 6, 6, 6, 6, 5, 6, 6, 4, 4]","[0, 0, 0, 0, 0, 0, 0, 0, 0, 1]",1
8,0,158,"[7, 7, 7, 7, 7, 8, 8, 7, 7, 7]","[0, 0, 0, 0, 0, 1, 0, 0, 0, 0]",1
8,0,159,"[6, 6, 6, 6, 6, 7, 6, 7, 6, 6]","[0, 1, 1, 1, 1, 1, 0, 0, 1, 0]",1
8,0,160,"[9, 9, 9, 5, 5, 9, 5, 9, 9, 5]","[1, 1, 0, 0, 0, 0, 0, 1, 0, 0]",1
8,0,161,"[4, 6, 5, 5, 5, 8, 5, 5, 6, 5]","[0, 1, 1, 0, 0, 1, 1, 0, 0, 1]",1
8,0,162,"[9, 6, 9, 8, 9, 8, 6, 4, 9, 5]","[1, 0, 0, 1, 0, 0, 0, 0, 0, 0]",1
8,0,163,"[5, 9, 4, 7, 2, 4, 4, 8, 4, 4]","[0, 0, 1, 1, 0, 0, 0, 1, 0, 0]",1
8,0,164,"[9, 9, 9, 9, 9, 9, 9, 9, 9, 9]","[1, 0, 0, 0, 0, 1, 1, 0, 0, 0]",1
8,0,165,"[6, 6, 5, 3, 6, 3, 5, 4, 5, 6]","[0, 0, 0, 0, 0, 0, 0, 0, 0, 1]",1
8,0,166,"[7, 7, 4, 7, 8, 8, 7, 8, 7, 7]","[0, 0, 0, 0, 1, 0, 0, 0, 0, 1]",1
8,0,167,"[9, 9, 9, 9, 9, 9, 9, 8, 9, 9]","[1, 0, 1, 0, 0, 1, 1, 0, 0, 1]",1
8,0,168,"[6, 8, 8, 7, 9, 6, 9, 5, 5, 6]","[0, 0, 0, 1, 0, 1, 0, 0, 0, 0]",1
8,0,169,"[5, 6, 6, 5, 5, 4, 6, 4, 5, 4]","[0, 0, 1, 0, 0, 0, 0, 0, 0, 0]",1
8,0,170,"[9, 9, 9, 9, 4, 9, 9, 4, 9, 6]","[0, 0, 0, 0, 0, 1, 0, 1, 1, 1]",1
8,0,171,"[9, 6, 7, 5, 7, 4, 3, 7, 7, 6]","[1, 1, 0, 0, 0, 1, 1, 0, 0, 0]",1
8,0,172,"[3, 7, 3, 7, 6, 6, 9, 6, 7, 6]","[0, 0, 1, 1, 1, 1, 1, 0, 1, 0]",1
8,0,173,"[8, 6, 2, 8, 6, 8, 6, 7, 9, 8]","[0, 1, 0, 0, 0, 0, 0, 0, 0, 0]",1
8,0,174,"[7, 7, 5, 6, 5, 6, 5, 6, 6, 7]","[0, 0, 1, 0, 0, 1, 0, 0, 0, 0]",1
8,0,175,"[2, 6, 7, 6, 6, 6, 7, 7, 6, 4]","[1, 1, 0, 0, 0, 1, 0, 0, 1, 0]",1
8,0,176,"[4, 8, 8, 4, 3, 8, 4, 9, 8, 9]","[0, 1, 0, 1, 0, 0, 0, 0, 0, 1]",1
8,0,177,"[6, 6, 2, 5, 5, 5, 1, 3, 4, 6]","[0, 0, 0, 0, 0, 0, 0, 0, 0, 0]",1
8,0,178,"[8, 7, 6, 6, 6, 7, 5, 6, 6, 7]","[0, 0, 0, 1, 0, 0, 1, 0, 0, 0]",1
8,0,179,"[5, 8, 4, 5, 4, 5, 7, 4, 6, 6]","[0, 1, 0, 0, 0, 0, 0, 0, 1, 1]",1
8,0,180,"[3, 3, 3, 3, 3, 3, 3, 4, 2, 2]","[0, 0, 0, 0, 1, 0, 0, 0, 0, 0]",1
8,0,181,"[8, 8, 7, 6, 6, 3, 8, 3, 5, 4]","[0, 0, 1, 0, 0, 0, 0, 0, 0, 0]",1
8,0,182,"[7, 8, 7, 5, 8, 8, 8, 3, 8, 8]","[1, 0, 0, 0, 1, 0, 0, 0, 1, 1]",1
8,0,183,"[8, 6, 6, 5, 5, 5, 5, 6, 7, 3]","[1, 1, 1, 0, 0, 0, 0, 0, 0, 0]",1
8,0,184,"[6, 6, 6, 7, 6, 7, 7, 6, 7, 5]","[0, 0, 1, 0, 0, 0, 0, 0, 0, 0]",1
8,0,185,"[5, 7, 5, 6, 4, 7, 6, 6, 5, 6]","[0, 0, 0, 0, 0, 0, 0, 0, 0, 0]",1
8,0,186,"[8, 3, 6, 7, 7, 8, 5, 8, 6, 7]","[0, 0, 0, 0, 0, 1, 0, 0, 0, 0]",1
8,0,187,"[8, 7, 6, 5, 6, 3, 3, 7, 7, 4]","[0, 1, 0, 0, 0, 0, 0, 0, 0, 0]",1
8,0,188,"[6, 1, 5, 6, 6, 5, 6, 8, 6, 6]","[0, 0, 0, 0, 0, 0, 0, 0, 0, 1]",1
8,0,189,"[6, 6, 6, 4, 6, 5, 5, 6, 5, 6]","[0, 0, 0, 1, 0, 0, 0, 0, 0, 0]",1
8,0,190,"[3, 5, 5, 4, 5, 2, 3, 2, 2, 5]","[0, 0, 0, 1, 0, 0, 0, 0, 0, 0]",1
8,0,191,"[9, 9, 9, 8, 9, 8, 9, 9, 9, 9]","[0, 0, 0, 1, 1, 0, 1, 0, 0, 1]",1
8,0,192,"[8, 8, 8, 9, 8, 8, 8, 8, 8, 8]","[1, 0, 1, 1, 0, 1, 0, 0, 1, 1]",1
8,0,193,"[5, 9, 5, 9, 7, 5, 1, 4, 4, 4]","[0, 0, 0, 0, 0, 0, 0, 1, 0, 1]",1
8,0,194,"[4, 4, 8, 4, 3, 5, 7, 6, 3, 6]","[0, 0, 1, 0, 0, 1, 0, 0, 0, 0]",1
8,0,195,"[1, 5, 4, 4, 1, 4, 3, 1, 2, 1]","[0, 0, 0, 0, 0, 0, 0, 0, 0, 0]",1
8,0,196,"[3, 5, 2, 4, 4, 4, 3, 4, 2, 3]","[1, 0, 0, 1, 0, 0, 0, 0, 0, 0]",1
8,0,197,"[9, 4, 5, 8, 5, 5, 3, 5, 5, 6]","[0, 0, 0, 0, 0, 1, 0, 0, 0, 0]",1
8,0,198,"[6, 4, 5, 1, 3, 5, 6, 4, 7, 3]","[1, 0, 0, 0, 0, 0, 1, 0, 0, 0]",1
8,0,199,"[6, 4, 5, 6, 4, 5, 5, 5, 5, 4]","[1, 0, 0, 0, 0, 0, 1, 0, 0, 0]",1
8,0,200,"[5, 5, 5, 5, 3, 6, 5, 6, 5, 6]","[0, 0, 1, 0, 0, 0, 0, 0, 0, 0]",1
8,0,201,"[2, 9, 9, 5, 9, 9, 9, 8, 9, 9]","[1, 0, 1, 0, 0, 0, 0, 1, 0, 1]",1
8,0,202,"[5, 6, 5, 7, 6, 9, 5, 5, 5, 5]","[0, 0, 0, 0, 1, 1, 0, 0, 0, 0]",1
8,0,203,"[4, 3, 4, 3, 2, 3, 3, 2, 3, 3]","[0, 0, 0, 0, 0, 0, 0, 0, 1, 0]",1
8,0,204,"[8, 8, 8, 8, 8, 8, 8, 6, 8, 7]","[1, 0, 0, 1, 0, 0, 1, 1, 0, 0]",1
8,0,205,"[5, 6, 5, 5, 5, 6, 5, 5, 5, 5]","[0, 0, 0, 0, 0, 1, 0, 1, 0, 0]",1
8,0,206,"[1, 8, 2, 4, 9, 8, 8, 8, 8, 8]","[0, 0, 0, 0, 0, 0, 0, 1, 1, 1]",1
8,0,207,"[5, 5, 5, 5, 5, 5, 6, 7, 5, 5]","[0, 0, 0, 1, 0, 0, 1, 1, 0, 0]",1
8,0,208,"[7, 3, 4, 4, 6, 8, 5, 5, 9, 5]","[0, 0, 0, 1, 0, 0, 0, 0, 1, 1]",1
8,0,209,"[6, 6, 7, 9, 3, 8, 4, 9, 4, 6]","[0, 0, 0, 1, 0, 0, 0, 0, 0, 0]",1
8,1,0,"[4, 7, 5, 4, 7, 5, 4, 6, 4, 6]","[0, 1, 1, 0, 1, 0, 0, 0, 1, 1]",1
8,1,1,"[3, 4, 4, 4, 4, 4, 4, 4, 5, 5]","[0, 1, 0, 0, 0, 0, 0, 0, 0, 0]",1
8,1,2,"[5, 1, 2, 5, 5, 2, 1, 2, 4, 5]","[1, 0, 0, 0, 0, 0, 0, 0, 0, 0]",1
8,1,3,"[6, 6, 6, 6, 4, 7, 2, 4, 4, 7]","[0, 0, 0, 0, 0, 0, 0, 0, 0, 0]",1
8,1,4,"[4, 3, 3, 3, 5, 4, 3, 4, 3, 3]","[0, 0, 0, 1, 0, 0, 0, 0, 0, 0]",1
8,1,5,"[5, 8, 7, 8, 4, 5, 3, 3, 3, 2]","[0, 1, 0, 0, 0, 0, 0, 0, 0, 0]",1
8,1,6,"[4, 3, 1, 2, 3, 1, 2, 1, 2, 4]","[0, 1, 0, 0, 0, 0, 0, 0, 1, 0]",1
8,1,7,"[5, 6, 2, 5, 7, 6, 5, 5, 4, 5]","[0, 1, 0, 0, 0, 0, 0, 0, 0, 1]",1
8,1,8,"[3, 3, 3, 3, 3, 3, 3, 3, 3, 3]","[1, 0, 0, 0, 0, 0, 0, 0, 0, 0]",1
8,1,9,"[4, 2, 3, 5, 4, 3, 5, 3, 3, 3]","[0, 0, 0, 0, 0, 0, 0, 0, 0, 0]",1
8,1,10,"[4, 5, 4, 5, 5, 4, 4, 5, 5, 5]","[0, 0, 0, 0, 0, 0, 0, 0, 0, 1]",1
8,1,11,"[3, 4, 4, 3, 3, 4, 1, 3, 5, 3]","[0, 0, 0, 0, 0, 1, 0, 0, 0, 0]",1
8,1,12,"[3, 3, 3, 3, 3, 3, 3, 3, 3, 3]","[0, 0, 0, 0, 1, 0, 0, 1, 1, 0]",1
8,1,13,"[4, 4, 4, 3, 5, 3, 4, 4, 4, 4]","[0, 0, 1, 0, 0, 0, 0, 0, 0, 0]",1
8,1,14,"[5, 2, 2, 2, 2, 4, 7, 3, 2, 1]","[0, 0, 0, 0, 0, 0, 1, 0, 0, 0]",1
8,1,15,"[3, 6, 2, 4, 5, 4, 4, 4, 6, 5]","[1, 1, 0, 0, 0, 0, 0, 0, 1, 0]",1
8,1,16,"[5, 8, 4, 4, 6, 2, 6, 4, 2, 4]","[0, 1, 0, 0, 0, 0, 1, 1, 0, 0]",1
8,1,17,"[6, 5, 4, 5, 4, 4, 5, 5, 4, 5]","[0, 0, 0, 0, 0, 1, 0, 0, 1, 0]",1
8,1,18,"[5, 5, 4, 3, 3, 3, 2, 3, 3, 3]","[0, 0, 0, 0, 0, 0, 0, 1, 0, 0]",1
8,1,19,"[3, 2, 3, 2, 3, 2, 3, 3, 3, 4]","[0, 0, 0, 0, 0, 0, 0, 0, 0, 0]",1
8,1,20,"[4, 6, 2, 6, 4, 4, 7, 3, 4, 5]","[1, 1, 1, 0, 0, 0, 1, 0, 0, 0]",1
8,1,21,"[6, 9, 5, 6, 6, 8, 5, 4, 6, 7]","[0, 0, 0, 0, 0, 0, 0, 0, 0, 1]",1
8,1,22,"[3, 3, 3, 3, 3, 3, 3, 3, 4, 3]","[0, 0, 1, 0, 0, 0, 0, 0, 0, 0]",1
8,1,23,"[3, 3, 4, 6, 3, 4, 3, 3, 4, 2]","[0, 1, 0, 0, 0, 0, 0, 0, 0, 0]",1
8,1,24,"[2, 5, 4, 4, 3, 8, 4, 4, 1, 6]","[0, 1, 1, 1, 0, 0, 0, 1, 0, 1]",1
8,1,25,"[4, 5, 4, 4, 3, 4, 4, 4, 4, 4]","[0, 1, 0, 1, 0, 0, 0, 0, 0, 1]",1
8,1,26,"[9, 9, 9, 9, 9, 7, 6, 9, 5, 4]","[0, 0, 1, 0, 0, 1, 0, 0, 0, 0]",1
8,1,27,"[3, 3, 3, 3, 2, 3, 2, 3, 3, 4]","[0, 0, 0, 1, 0, 0, 0, 0, 0, 0]",1
8,1,28,"[4, 3, 4, 4, 4, 4, 4, 4, 4, 3]","[0, 1, 0, 0, 0, 1, 0, 0, 1, 0]",1
8,1,29,"[7, 8, 2, 7, 9, 9, 6, 9, 9, 9]","[0, 0, 0, 1, 1, 1, 0, 1, 0, 0]",1
8,1,30,"[3, 5, 7, 6, 1, 6, 5, 6, 5, 6]","[0, 1, 0, 0, 0, 1, 0, 0, 0, 0]",1
8,1,31,"[4, 4, 3, 4, 5, 5, 3, 5, 4, 3]","[0, 0, 0, 0, 0, 1, 0, 0, 0, 1]",1
8,1,32,"[3, 3, 4, 3, 4, 3, 3, 3, 7, 5]","[0, 1, 0, 0, 0, 0, 0, 0, 1, 0]",1
8,1,33,"[1, 3, 1, 1, 1, 3, 2, 2, 2, 3]","[0, 0, 0, 0, 0, 1, 0, 0, 0, 0]",1
8,1,34,"[5, 7, 5, 8, 2, 8, 5, 8, 8, 7]","[0, 0, 0, 0, 0, 0, 0, 0, 0, 1]",1
8,1,35,"[2, 2, 2, 4, 2, 2, 3, 2, 2, 3]","[0, 0, 0, 0, 0, 0, 0, 0, 0, 1]",1
8,1,36,"[4, 3, 5, 2, 2, 5, 3, 6, 1, 5]","[0, 0, 0, 1, 0, 1, 0, 1, 0, 0]",1
8,1,37,"[1, 6, 5, 2, 3, 5, 1, 1, 4, 4]","[0, 0, 0, 1, 0, 0, 0, 0, 0, 0]",1
8,1,38,"[3, 4, 3, 4, 4, 3, 3, 3, 9, 3]","[0, 0, 0, 0, 0, 0, 0, 0, 0, 0]",1
8,1,39,"[4, 1, 2, 1, 1, 1, 1, 1, 5, 2]","[1, 0, 0, 0, 1, 0, 1, 1, 0, 0]",1
8,1,40,"[2, 3, 3, 2, 2, 2, 5, 2, 2, 2]","[0, 0, 0, 0, 0, 0, 0, 0, 0, 0]",1
8,1,41,"[6, 4, 3, 1, 4, 1, 4, 5, 1, 6]","[0, 0, 0, 0, 0, 0, 0, 0, 1, 0]",1
8,1,42,"[1, 3, 1, 1, 3, 3, 3, 3, 3, 2]","[0, 0, 0, 0, 0, 0, 0, 0, 0, 0]",1
8,1,43,"[4, 4, 4, 4, 4, 5, 6, 4, 2, 4]","[0, 1, 0, 0, 1, 0, 0, 1, 0, 0]",1
8,1,44,"[5, 6, 4, 5, 4, 3, 4, 2, 4, 4]","[0, 0, 0, 0, 0, 0, 0, 0, 0, 0]",1
8,1,45,"[5, 5, 5, 4, 4, 4, 5, 3, 3, 3]","[0, 0, 1, 0, 0, 0, 0, 0, 0, 0]",1
8,1,46,"[4, 4, 4, 3, 3, 3, 3, 3, 3, 3]","[1, 0, 0, 0, 0, 0, 0, 1, 0, 0]",1
8,1,47,"[4, 4, 4, 4, 3, 4, 4, 4, 4, 5]","[0, 1, 0, 0, 0, 0, 0, 0, 1, 1]",1
8,1,48,"[2, 4, 4, 4, 4, 5, 4, 4, 4, 4]","[0, 0, 1, 0, 0, 0, 0, 0, 0, 0]",1
8,1,49,"[4, 7, 4, 2, 6, 4, 4, 4, 1, 3]","[0, 1, 0, 1, 0, 0, 0, 0, 0, 1]",1
8,1,50,"[3, 4, 4, 4, 4, 4, 4, 4, 4, 3]","[0, 0, 0, 0, 0, 1, 0, 0, 1, 0]",1
8,1,51,"[4, 3, 3, 3, 3, 1, 3, 3, 4, 5]","[0, 0, 0, 0, 0, 0, 0, 0, 0, 1]",1
8,1,52,"[4, 1, 7, 4, 6, 1, 4, 2, 4, 2]","[0, 1, 1, 1, 1, 0, 0, 1, 0, 1]",1
8,1,53,"[2, 1, 2, 3, 1, 3, 3, 7, 3, 4]","[0, 0, 0, 0, 0, 0, 0, 1, 0, 1]",1
8,1,54,"[2, 3, 4, 3, 2, 3, 3, 3, 3, 3]","[0, 0, 1, 0, 0, 1, 0, 1, 0, 0]",1
8,1,55,"[4, 4, 4, 3, 5, 5, 2, 4, 6, 5]","[0, 0, 0, 0, 0, 0, 0, 0, 1, 1]",1
8,1,56,"[2, 2, 4, 2, 2, 4, 3, 4, 2, 3]","[1, 0, 0, 0, 1, 1, 0, 1, 0, 0]",1
8,1,57,"[4, 3, 3, 3, 5, 6, 3, 4, 4, 5]","[0, 0, 1, 1, 1, 1, 0, 0, 0, 1]",1
8,1,58,"[4, 6, 2, 4, 2, 1, 4, 6, 6, 4]","[0, 0, 0, 0, 0, 0, 0, 1, 0, 0]",1
8,1,59,"[1, 5, 3, 4, 4, 2, 3, 4, 5, 6]","[0, 0, 0, 1, 1, 0, 0, 0, 0, 0]",1
8,1,60,"[6, 3, 2, 4, 6, 3, 2, 1, 6, 6]","[0, 0, 0, 0, 0, 0, 0, 0, 0, 0]",1
8,1,61,"[4, 3, 4, 4, 3, 4, 4, 2, 4, 3]","[0, 0, 0, 0, 0, 0, 0, 0, 0, 1]",1
8,1,62,"[7, 9, 1, 8, 9, 6, 3, 9, 9, 8]","[0, 0, 0, 1, 1, 0, 0, 0, 1, 0]",1
8,1,63,"[3, 2, 2, 3, 3, 2, 3, 2, 5, 3]","[1, 0, 0, 0, 1, 0, 0, 0, 0, 0]",1
8,1,64,"[3, 3, 2, 4, 6, 3, 3, 3, 4, 2]","[0, 0, 0, 1, 0, 0, 0, 0, 0, 0]",1
8,1,65,"[3, 3, 3, 3, 3, 4, 4, 7, 3, 3]","[1, 1, 1, 0, 1, 1, 0, 0, 0, 0]",1
8,1,66,"[6, 2, 3, 4, 1, 4, 3, 4, 2, 5]","[0, 0, 0, 0, 0, 0, 0, 0, 0, 1]",1
8,1,67,"[4, 2, 2, 4, 3, 5, 4, 6, 3, 5]","[0, 0, 0, 0, 0, 0, 1, 0, 1, 0]",1
8,1,68,"[4, 5, 4, 5, 4, 4, 2, 6, 6, 1]","[0, 0, 0, 0, 1, 0, 0, 1, 0, 0]",1
8,1,69,"[2, 4, 4, 4, 4, 4, 3, 6, 3, 2]","[0, 0, 0, 0, 0, 0, 0, 1, 0, 0]",1
8,1,70,"[6, 5, 7, 5, 5, 6, 5, 7, 5, 5]","[1, 1, 1, 1, 0, 0, 0, 0, 1, 1]",1
8,1,71,"[3, 3, 3, 3, 3, 3, 3, 4, 3, 3]","[0, 0, 0, 1, 0, 0, 0, 0, 0, 0]",1
8,1,72,"[4, 3, 4, 4, 3, 4, 4, 4, 4, 4]","[0, 1, 1, 1, 0, 1, 0, 0, 0, 0]",1
8,1,73,"[1, 1, 2, 5, 3, 4, 4, 1, 1, 4]","[0, 1, 0, 0, 0, 1, 1, 0, 0, 0]",1
8,1,74,"[2, 2, 4, 2, 6, 6, 4, 1, 1, 2]","[1, 0, 0, 0, 0, 1, 1, 0, 0, 0]",1
8,1,75,"[3, 3, 4, 5, 3, 4, 5, 4, 3, 4]","[1, 0, 0, 0, 0, 0, 0, 0, 0, 0]",1
8,1,76,"[4, 3, 2, 4, 6, 1, 7, 5, 2, 5]","[0, 0, 0, 0, 0, 0, 1, 1, 0, 0]",1
8,1,77,"[4, 4, 4, 4, 5, 4, 5, 4, 3, 4]","[0, 1, 0, 0, 0, 1, 1, 0, 0, 1]",1
8,1,78,"[4, 2, 4, 5, 4, 3, 5, 4, 4, 3]","[0, 0, 0, 0, 0, 0, 1, 0, 1, 0]",1
8,1,79,"[4, 4, 4, 4, 2, 3, 2, 6, 4, 2]","[0, 0, 0, 0, 0, 0, 0, 1, 0, 0]",1
8,1,80,"[8, 7, 8, 8, 6, 7, 5, 6, 8, 8]","[1, 0, 0, 1, 0, 1, 1, 1, 0, 1]",1
8,1,81,"[5, 5, 5, 6, 6, 5, 2, 4, 3, 4]","[1, 0, 0, 0, 0, 0, 0, 0, 0, 0]",1
8,1,82,"[5, 3, 6, 4, 7, 5, 5, 3, 5, 3]","[0, 0, 1, 0, 0, 1, 1, 0, 1, 0]",1
8,1,83,"[6, 7, 6, 3, 7, 5, 5, 7, 5, 6]","[1, 0, 0, 0, 0, 1, 0, 0, 1, 1]",1
8,1,84,"[3, 3, 2, 1, 1, 2, 1, 2, 3, 3]","[0, 1, 0, 0, 1, 0, 0, 1, 0, 1]",1
8,1,85,"[5, 5, 5, 6, 5, 5, 5, 6, 9, 5]","[0, 0, 0, 1, 0, 0, 0, 0, 1, 0]",1
8,1,86,"[5, 6, 5, 6, 6, 6, 6, 8, 6, 7]","[0, 0, 0, 1, 0, 1, 1, 0, 0, 0]",1
8,1,87,"[4, 4, 4, 1, 5, 3, 4, 4, 6, 5]","[0, 0, 1, 0, 1, 0, 1, 1, 0, 0]",1
8,1,88,"[3, 4, 3, 3, 3, 4, 2, 3, 3, 4]","[0, 0, 0, 0, 0, 0, 0, 0, 0, 1]",1
8,1,89,"[2, 7, 6, 6, 2, 6, 6, 5, 6, 7]","[1, 1, 0, 0, 0, 1, 1, 1, 0, 0]",1
8,1,90,"[6, 6, 6, 7, 6, 6, 6, 6, 7, 6]","[0, 0, 0, 1, 0, 0, 0, 1, 0, 0]",1
8,1,91,"[3, 3, 3, 6, 1, 3, 3, 3, 3, 3]","[0, 1, 0, 0, 0, 0, 0, 1, 0, 0]",1
8,1,92,"[4, 5, 5, 4, 4, 4, 6, 4, 6, 4]","[0, 1, 1, 0, 0, 0, 0, 0, 0, 1]",1
8,1,93,"[2, 2, 2, 2, 3, 2, 1, 2, 2, 2]","[1, 0, 0, 0, 0, 0, 0, 1, 0, 0]",1
8,1,94,"[5, 5, 5, 9, 5, 3, 3, 4, 4, 4]","[0, 0, 0, 0, 0, 0, 1, 0, 0, 0]",1
8,1,95,"[2, 3, 3, 1, 3, 3, 3, 3, 2, 3]","[1, 0, 0, 0, 0, 0, 0, 0, 1, 0]",1
8,1,96,"[4, 5, 4, 4, 3, 4, 4, 6, 4, 5]","[0, 0, 1, 1, 0, 0, 0, 0, 1, 0]",1
8,1,97,"[2, 4, 3, 2, 2, 3, 2, 6, 2, 6]","[0, 1, 0, 0, 0, 0, 0, 1, 0, 0]",1
8,1,98,"[9, 7, 3, 1, 7, 4, 9, 3, 3, 3]","[0, 1, 0, 0, 0, 0, 1, 0, 0, 0]",1
8,1,99,"[3, 3, 3, 2, 4, 4, 2, 3, 3, 2]","[0, 0, 0, 0, 0, 0, 0, 0, 0, 0]",1
8,1,100,"[4, 3, 3, 4, 3, 4, 3, 3, 4, 4]","[0, 0, 0, 0, 0, 0, 0, 1, 0, 1]",1
8,1,101,"[4, 5, 4, 4, 3, 5, 3, 6, 2, 9]","[0, 0, 0, 0, 1, 0, 1, 0, 0, 0]",1
8,1,102,"[3, 3, 3, 1, 4, 4, 1, 5, 1, 3]","[0, 0, 0, 0, 0, 1, 0, 0, 0, 0]",1
8,1,103,"[2, 3, 2, 2, 2, 2, 2, 2, 3, 2]","[0, 0, 0, 0, 0, 0, 0, 0, 0, 0]",1
8,1,104,"[4, 5, 3, 5, 4, 4, 4, 5, 3, 4]","[1, 0, 0, 0, 0, 1, 0, 1, 0, 1]",1
8,1,105,"[7, 7, 5, 3, 3, 4, 5, 4, 4, 4]","[1, 1, 0, 0, 0, 0, 0, 0, 1, 0]",1
8,1,106,"[4, 4, 4, 3, 2, 4, 4, 4, 8, 4]","[0, 0, 0, 0, 0, 0, 0, 1, 0, 0]",1
8,1,107,"[2, 3, 3, 2, 3, 9, 4, 2, 2, 2]","[0, 0, 0, 0, 0, 1, 0, 0, 0, 0]",1
8,1,108,"[4, 3, 2, 3, 8, 3, 4, 3, 3, 8]","[0, 0, 0, 0, 0, 0, 1, 0, 0, 0]",1
8,1,109,"[2, 3, 5, 8, 4, 2, 4, 8, 3, 4]","[1, 0, 0, 1, 0, 0, 0, 0, 0, 0]",1
8,1,110,"[2, 4, 3, 3, 2, 5, 3, 4, 3, 3]","[0, 0, 0, 0, 0, 0, 0, 1, 0, 0]",1
8,1,111,"[5, 5, 5, 7, 5, 5, 5, 4, 5, 5]","[0, 1, 0, 0, 0, 0, 0, 0, 0, 1]",1
8,1,112,"[5, 4, 4, 5, 5, 5, 5, 4, 5, 5]","[1, 0, 0, 0, 1, 0, 1, 1, 0, 1]",1
8,1,113,"[5, 4, 4, 4, 4, 7, 4, 2, 6, 4]","[0, 1, 0, 0, 0, 0, 1, 0, 0, 0]",1
8,1,114,"[2, 5, 3, 4, 4, 2, 3, 4, 4, 3]","[0, 1, 0, 1, 1, 0, 0, 0, 0, 0]",1
8,1,115,"[3, 5, 3, 2, 3, 5, 4, 6, 3, 4]","[0, 1, 1, 0, 0, 0, 0, 1, 1, 0]",1
8,1,116,"[5, 4, 5, 6, 6, 4, 4, 6, 5, 5]","[1, 0, 0, 1, 1, 1, 0, 1, 1, 0]",1
8,1,117,"[1, 2, 3, 3, 3, 3, 3, 3, 3, 6]","[0, 0, 0, 0, 0, 0, 0, 0, 0, 0]",1
8,1,118,"[6, 5, 5, 5, 5, 6, 5, 5, 7, 6]","[0, 0, 1, 0, 0, 1, 1, 1, 1, 0]",1
8,1,119,"[6, 1, 5, 6, 7, 6, 5, 6, 6, 6]","[0, 0, 0, 0, 0, 1, 1, 0, 0, 1]",1
8,1,120,"[7, 5, 6, 3, 5, 5, 6, 2, 5, 4]","[0, 0, 1, 0, 0, 1, 0, 1, 0, 0]",1
8,1,121,"[5, 6, 6, 7, 5, 6, 6, 6, 6, 6]","[0, 1, 0, 0, 1, 0, 0, 0, 1, 1]",1
8,1,122,"[3, 3, 3, 3, 3, 2, 4, 3, 2, 3]","[0, 0, 0, 0, 0, 0, 0, 1, 0, 0]",1
8,1,123,"[2, 4, 3, 3, 2, 4, 3, 5, 2, 4]","[0, 0, 1, 0, 0, 0, 0, 0, 0, 1]",1
8,1,124,"[5, 6, 5, 5, 4, 6, 5, 5, 4, 5]","[0, 0, 1, 1, 0, 1, 1, 1, 1, 0]",1
8,1,125,"[3, 3, 3, 3, 4, 3, 3, 3, 4, 3]","[0, 0, 0, 0, 0, 0, 0, 0, 0, 0]",1
8,1,126,"[4, 4, 5, 3, 4, 3, 3, 5, 4, 3]","[0, 1, 0, 0, 1, 1, 1, 0, 1, 0]",1
8,1,127,"[3, 3, 3, 2, 3, 3, 3, 4, 3, 3]","[0, 1, 0, 0, 0, 0, 0, 0, 0, 0]",1
8,1,128,"[2, 5, 6, 6, 5, 5, 8, 4, 5, 5]","[0, 0, 0, 0, 1, 0, 0, 0, 0, 0]",1
8,1,129,"[3, 3, 1, 3, 3, 3, 7, 6, 3, 4]","[0, 0, 0, 0, 0, 0, 0, 0, 0, 0]",1
8,1,130,"[5, 5, 5, 5, 5, 5, 5, 5, 5, 5]","[0, 0, 0, 0, 0, 0, 0, 0, 0, 0]",1
8,1,131,"[1, 5, 1, 1, 1, 3, 5, 1, 1, 1]","[0, 0, 1, 1, 0, 1, 0, 0, 0, 0]",1
8,1,132,"[4, 4, 1, 5, 2, 5, 5, 3, 5, 3]","[1, 0, 0, 0, 0, 1, 0, 1, 0, 1]",1
8,1,133,"[2, 3, 4, 3, 3, 4, 3, 3, 3, 3]","[0, 0, 0, 1, 1, 0, 0, 0, 0, 0]",1
8,1,134,"[3, 4, 4, 4, 4, 4, 2, 3, 4, 4]","[0, 0, 0, 0, 1, 0, 0, 0, 0, 1]",1
8,1,135,"[6, 6, 3, 5, 2, 5, 3, 3, 6, 5]","[0, 1, 0, 0, 0, 0, 1, 1, 0, 1]",1
8,1,136,"[5, 7, 5, 6, 7, 6, 7, 5, 6, 3]","[1, 0, 1, 0, 0, 0, 0, 0, 1, 0]",1
8,1,137,"[3, 4, 4, 2, 2, 3, 5, 2, 1, 7]","[1, 0, 0, 0, 0, 0, 0, 0, 0, 0]",1
8,1,138,"[3, 4, 4, 4, 4, 4, 4, 4, 4, 4]","[0, 0, 0, 1, 0, 0, 0, 0, 0, 0]",1
8,1,139,"[5, 3, 6, 6, 3, 5, 7, 3, 4, 3]","[0, 0, 0, 0, 1, 0, 0, 1, 0, 0]",1
8,1,140,"[5, 5, 7, 5, 4, 5, 5, 4, 5, 5]","[1, 1, 1, 0, 0, 1, 0, 0, 0, 0]",1
8,1,141,"[3, 3, 4, 5, 3, 3, 4, 5, 3, 4]","[0, 0, 0, 1, 1, 0, 0, 0, 0, 0]",1
8,1,142,"[5, 2, 8, 3, 7, 8, 6, 2, 2, 3]","[0, 0, 1, 0, 0, 0, 1, 0, 0, 0]",1
8,1,143,"[3, 4, 8, 4, 3, 4, 3, 4, 3, 3]","[1, 1, 0, 0, 1, 1, 0, 0, 0, 0]",1
8,1,144,"[5, 5, 5, 5, 4, 3, 4, 5, 5, 5]","[0, 0, 0, 0, 0, 0, 0, 0, 0, 1]",1
8,1,145,"[6, 1, 5, 4, 5, 7, 4, 5, 5, 6]","[0, 0, 1, 0, 1, 1, 0, 1, 0, 0]",1
8,1,146,"[4, 4, 4, 4, 4, 4, 3, 4, 4, 6]","[0, 0, 0, 0, 0, 0, 1, 0, 0, 0]",1
8,1,147,"[5, 5, 5, 4, 4, 6, 4, 4, 5, 6]","[0, 0, 1, 0, 1, 0, 0, 0, 0, 0]",1
8,1,148,"[4, 3, 4, 3, 4, 5, 5, 4, 4, 5]","[0, 0, 0, 0, 1, 0, 0, 0, 0, 0]",1
8,1,149,"[2, 5, 3, 3, 4, 4, 3, 2, 4, 4]","[1, 0, 1, 1, 1, 0, 0, 0, 1, 1]",1
8,1,150,"[4, 3, 4, 4, 2, 3, 5, 4, 3, 3]","[0, 0, 0, 1, 0, 0, 0, 0, 1, 0]",1
8,1,151,"[3, 3, 2, 3, 2, 4, 2, 4, 4, 3]","[0, 0, 0, 0, 1, 0, 0, 0, 0, 0]",1
8,1,152,"[7, 1, 5, 3, 3, 6, 4, 3, 3, 3]","[0, 0, 0, 0, 0, 1, 0, 0, 0, 0]",1
8,1,153,"[2, 4, 3, 8, 2, 3, 2, 2, 6, 3]","[0, 0, 0, 0, 0, 0, 0, 0, 0, 0]",1
8,1,154,"[3, 3, 6, 3, 3, 3, 3, 3, 3, 5]","[0, 0, 0, 0, 0, 0, 0, 0, 0, 1]",1
8,1,155,"[4, 6, 5, 6, 4, 6, 4, 4, 5, 5]","[0, 0, 1, 1, 1, 0, 0, 1, 0, 0]",1
8,1,156,"[3, 3, 3, 4, 3, 3, 4, 2, 3, 4]","[0, 0, 0, 0, 0, 0, 1, 0, 0, 0]",1
8,1,157,"[3, 2, 3, 4, 6, 4, 4, 4, 5, 4]","[0, 0, 0, 0, 0, 0, 0, 1, 0, 1]",1
8,1,158,"[2, 2, 2, 3, 2, 2, 1, 8, 7, 2]","[0, 0, 0, 0, 0, 0, 0, 0, 1, 0]",1
8,1,159,"[7, 8, 6, 6, 6, 5, 6, 6, 7, 6]","[0, 1, 1, 0, 1, 0, 1, 0, 1, 1]",1
8,1,160,"[4, 4, 3, 4, 3, 5, 6, 5, 3, 4]","[0, 0, 0, 0, 0, 1, 0, 0, 0, 0]",1
8,1,161,"[6, 7, 8, 4, 5, 5, 5, 5, 5, 2]","[0, 1, 1, 0, 1, 0, 1, 0, 1, 0]",1
8,1,162,"[8, 5, 1, 4, 3, 5, 7, 3, 2, 3]","[1, 1, 0, 0, 0, 0, 0, 0, 0, 0]",1
8,1,163,"[6, 6, 6, 4, 6, 3, 5, 5, 3, 6]","[0, 0, 0, 0, 0, 0, 0, 0, 0, 1]",1
8,1,164,"[9, 9, 9, 9, 9, 9, 9, 6, 8, 9]","[0, 0, 0, 0, 1, 1, 0, 0, 0, 0]",1
8,1,165,"[3, 3, 3, 2, 3, 3, 3, 2, 3, 3]","[1, 0, 1, 0, 0, 1, 0, 0, 0, 0]",1
8,1,166,"[4, 5, 2, 4, 3, 3, 2, 5, 5, 4]","[0, 0, 0, 0, 0, 0, 1, 0, 1, 1]",1
8,1,167,"[8, 8, 8, 8, 1, 8, 8, 8, 8, 8]","[0, 1, 0, 1, 0, 0, 1, 0, 0, 0]",1
8,1,168,"[5, 4, 5, 3, 5, 5, 7, 6, 4, 4]","[0, 0, 0, 0, 0, 0, 1, 0, 0, 0]",1
8,1,169,"[7, 5, 7, 5, 4, 6, 5, 4, 6, 5]","[0, 0, 1, 0, 0, 1, 0, 1, 0, 0]",1
8,1,170,"[5, 8, 8, 3, 5, 7, 3, 5, 3, 5]","[0, 1, 0, 0, 0, 1, 0, 0, 0, 0]",1
8,1,171,"[4, 5, 7, 2, 7, 7, 5, 3, 7, 8]","[1, 0, 1, 1, 0, 1, 1, 1, 1, 1]",1
8,1,172,"[4, 4, 6, 4, 4, 4, 4, 4, 8, 4]","[0, 0, 0, 0, 0, 0, 0, 0, 1, 1]",1
8,1,173,"[4, 4, 5, 4, 5, 6, 5, 4, 7, 5]","[0, 0, 0, 0, 0, 0, 0, 0, 1, 1]",1
8,1,174,"[5, 4, 6, 4, 4, 5, 5, 5, 2, 5]","[0, 0, 1, 0, 0, 1, 1, 1, 0, 0]",1
8,1,175,"[3, 3, 3, 6, 3, 3, 3, 4, 3, 2]","[0, 0, 1, 1, 1, 0, 0, 1, 0, 0]",1
8,1,176,"[5, 7, 4, 7, 5, 7, 9, 8, 7, 7]","[0, 0, 0, 1, 0, 1, 1, 1, 0, 0]",1
8,1,177,"[3, 1, 5, 1, 4, 1, 1, 1, 4, 3]","[0, 0, 0, 0, 0, 0, 0, 0, 0, 0]",1
8,1,178,"[4, 5, 5, 6, 5, 5, 6, 4, 4, 4]","[0, 0, 0, 0, 1, 0, 0, 1, 0, 0]",1
8,1,179,"[4, 6, 1, 4, 1, 4, 4, 3, 1, 6]","[0, 1, 0, 0, 0, 0, 0, 0, 0, 0]",1
8,1,180,"[3, 5, 3, 2, 2, 2, 2, 2, 3, 2]","[0, 0, 0, 1, 0, 0, 0, 0, 0, 0]",1
8,1,181,"[8, 5, 2, 1, 4, 5, 4, 5, 5, 5]","[0, 1, 1, 0, 0, 1, 0, 1, 1, 0]",1
8,1,182,"[3, 4, 6, 3, 6, 4, 4, 4, 3, 3]","[0, 0, 0, 0, 0, 0, 1, 0, 0, 1]",1
8,1,183,"[5, 5, 9, 4, 5, 4, 5, 6, 5, 3]","[0, 0, 1, 0, 0, 0, 0, 1, 0, 0]",1
8,1,184,"[4, 3, 4, 4, 3, 4, 4, 4, 1, 4]","[0, 1, 1, 0, 1, 0, 0, 0, 0, 0]",1
8,1,185,"[6, 3, 8, 6, 7, 3, 8, 7, 6, 5]","[0, 0, 0, 1, 0, 0, 0, 0, 1, 0]",1
8,1,186,"[1, 3, 4, 4, 4, 4, 5, 3, 4, 6]","[1, 0, 1, 1, 0, 0, 0, 0, 0, 1]",1
8,1,187,"[5, 3, 4, 4, 3, 4, 4, 5, 6, 4]","[0, 0, 0, 0, 0, 0, 0, 1, 0, 0]",1
8,1,188,"[4, 3, 2, 4, 3, 5, 3, 2, 4, 3]","[0, 0, 0, 0, 0, 0, 0, 1, 1, 0]",1
8,1,189,"[3, 3, 3, 3, 2, 2, 3, 2, 1, 3]","[0, 0, 0, 0, 0, 0, 0, 0, 0, 0]",1
8,1,190,"[3, 8, 2, 2, 1, 3, 5, 3, 5, 6]","[0, 0, 0, 0, 0, 0, 1, 1, 0, 1]",1
8,1,191,"[3, 4, 4, 3, 4, 3, 2, 3, 3, 4]","[0, 0, 0, 0, 1, 0, 1, 1, 0, 0]",1
8,1,192,"[3, 3, 3, 5, 3, 5, 3, 3, 4, 2]","[0, 0, 0, 0, 0, 0, 0, 0, 0, 0]",1
8,1,193,"[3, 2, 4, 4, 3, 3, 2, 6, 3, 3]","[0, 0, 0, 0, 1, 0, 0, 0, 1, 0]",1
8,1,194,"[6, 2, 7, 4, 1, 2, 5, 4, 4, 2]","[1, 0, 1, 1, 0, 0, 0, 0, 0, 1]",1
8,1,195,"[2, 1, 1, 1, 4, 3, 1, 1, 1, 1]","[1, 0, 0, 0, 1, 1, 0, 0, 0, 1]",1
8,1,196,"[3, 3, 2, 2, 3, 3, 3, 3, 3, 6]","[1, 0, 0, 1, 1, 0, 1, 1, 0, 0]",1
8,1,197,"[9, 8, 8, 8, 1, 8, 8, 8, 3, 8]","[1, 1, 1, 0, 0, 1, 1, 1, 1, 1]",1
8,1,198,"[6, 4, 6, 4, 6, 4, 1, 6, 2, 2]","[0, 0, 0, 0, 0, 0, 0, 0, 0, 0]",1
8,1,199,"[3, 3, 3, 3, 3, 3, 3, 3, 3, 3]","[0, 0, 0, 0, 0, 0, 0, 0, 0, 1]",1
8,1,200,"[5, 5, 5, 5, 5, 5, 4, 5, 7, 5]","[0, 0, 0, 0, 0, 0, 0, 1, 0, 0]",1
8,1,201,"[7, 4, 3, 3, 3, 8, 9, 3, 4, 3]","[0, 0, 0, 0, 0, 0, 0, 0, 0, 0]",1
8,1,202,"[8, 5, 5, 3, 5, 1, 5, 5, 6, 8]","[0, 0, 0, 0, 0, 0, 0, 0, 1, 0]",1
8,1,203,"[4, 6, 3, 2, 5, 4, 4, 4, 4, 4]","[0, 0, 0, 0, 0, 0, 1, 0, 0, 0]",1
8,1,204,"[3, 3, 3, 3, 3, 4, 3, 2, 3, 3]","[0, 0, 0, 0, 0, 0, 0, 0, 0, 0]",1
8,1,205,"[8, 9, 9, 9, 9, 9, 9, 8, 9, 9]","[0, 1, 0, 1, 0, 1, 1, 0, 1, 0]",1
8,1,206,"[1, 2, 2, 4, 3, 2, 3, 2, 3, 2]","[0, 0, 0, 0, 0, 0, 1, 0, 0, 0]",1
8,1,207,"[3, 4, 4, 2, 2, 4, 3, 4, 4, 3]","[0, 0, 1, 0, 0, 0, 0, 1, 0, 0]",1
8,1,208,"[4, 4, 4, 4, 7, 2, 5, 4, 3, 9]","[0, 0, 0, 0, 0, 0, 1, 0, 0, 0]",1
8,1,209,"[2, 3, 4, 4, 4, 4, 4, 2, 2, 5]","[0, 1, 1, 0, 0, 1, 0, 0, 0, 0]",1
9,0,0,"[3, 7, 3, 3, 3, 4, 3, 2, 5, 4]","[0, 0, 0, 0, 0, 0, 0, 0, 1, 0]",1
9,0,1,"[5, 6, 1, 5, 4, 6, 5, 5, 5, 8]","[0, 1, 1, 1, 0, 1, 0, 1, 0, 1]",1
9,0,2,"[5, 5, 5, 5, 5, 5, 4, 5, 5, 9]","[0, 0, 0, 0, 0, 0, 0, 0, 0, 1]",1
9,0,3,"[5, 7, 6, 6, 7, 3, 7, 6, 5, 7]","[0, 0, 0, 0, 0, 0, 0, 1, 1, 0]",1
9,0,4,"[4, 4, 4, 3, 2, 3, 3, 3, 4, 4]","[1, 0, 0, 1, 0, 1, 0, 0, 1, 0]",1
9,0,5,"[4, 3, 4, 4, 4, 4, 4, 5, 2, 6]","[0, 0, 1, 0, 0, 0, 0, 0, 0, 0]",1
9,0,6,"[4, 8, 2, 4, 5, 6, 3, 3, 3, 4]","[0, 0, 0, 0, 0, 1, 0, 0, 0, 0]",1
9,0,7,"[8, 9, 9, 7, 7, 6, 6, 7, 7, 5]","[0, 0, 0, 0, 0, 0, 0, 1, 0, 1]",1
9,0,8,"[4, 5, 4, 5, 5, 4, 8, 5, 5, 5]","[0, 0, 0, 0, 0, 0, 0, 0, 1, 0]",1
9,0,9,"[3, 5, 4, 6, 4, 5, 5, 7, 3, 4]","[0, 0, 0, 0, 0, 1, 1, 0, 1, 1]",1
9,0,10,"[5, 2, 3, 5, 5, 3, 5, 6, 5, 5]","[0, 0, 0, 1, 1, 1, 0, 0, 0, 0]",1
9,0,11,"[5, 6, 6, 6, 6, 5, 5, 5, 5, 4]","[1, 0, 0, 0, 0, 0, 0, 0, 0, 0]",1
9,0,12,"[7, 6, 6, 6, 6, 6, 7, 6, 6, 6]","[0, 0, 0, 0, 0, 0, 1, 1, 1, 0]",1
9,0,13,"[7, 5, 7, 7, 7, 7, 8, 7, 7, 7]","[0, 0, 1, 0, 0, 0, 0, 0, 0, 0]",1
9,0,14,"[5, 5, 5, 5, 5, 5, 5, 6, 5, 9]","[0, 0, 0, 0, 0, 0, 0, 0, 0, 1]",1
9,0,15,"[4, 4, 4, 5, 4, 3, 4, 4, 4, 8]","[1, 0, 0, 0, 0, 0, 0, 0, 0, 1]",1
9,0,16,"[4, 7, 3, 4, 5, 4, 5, 5, 6, 4]","[0, 0, 0, 0, 0, 0, 0, 0, 0, 0]",1
9,0,17,"[7, 5, 8, 8, 8, 8, 6, 7, 7, 6]","[0, 0, 0, 1, 0, 0, 0, 1, 1, 0]",1
9,0,18,"[6, 6, 6, 2, 6, 6, 7, 6, 7, 5]","[0, 0, 1, 0, 1, 0, 1, 1, 1, 0]",1
9,0,19,"[3, 1, 3, 3, 2, 3, 4, 3, 2, 3]","[0, 0, 0, 0, 0, 0, 0, 0, 0, 0]",1
9,0,20,"[6, 4, 4, 4, 4, 5, 4, 5, 4, 4]","[0, 1, 1, 0, 0, 0, 0, 0, 0, 0]",1
9,0,21,"[8, 6, 9, 6, 8, 2, 8, 7, 1, 2]","[0, 0, 0, 0, 0, 0, 0, 0, 0, 0]",1
9,0,22,"[4, 3, 3, 3, 4, 3, 3, 1, 3, 3]","[0, 1, 0, 0, 0, 0, 0, 0, 1, 0]",1
9,0,23,"[4, 4, 4, 5, 3, 9, 4, 2, 6, 4]","[0, 0, 0, 1, 1, 0, 1, 0, 1, 0]",1
9,0,24,"[5, 5, 4, 1, 3, 2, 5, 5, 6, 2]","[0, 0, 0, 0, 0, 1, 0, 0, 0, 0]",1
9,0,25,"[6, 5, 5, 5, 4, 5, 6, 5, 5, 2]","[1, 0, 0, 0, 0, 1, 0, 0, 0, 0]",1
9,0,26,"[9, 9, 9, 9, 7, 9, 9, 9, 7, 9]","[0, 0, 0, 0, 0, 0, 0, 0, 0, 0]",1
9,0,27,"[6, 6, 6, 7, 6, 6, 6, 6, 6, 6]","[0, 0, 0, 1, 0, 1, 1, 0, 0, 1]",1
9,0,28,"[1, 6, 4, 6, 6, 6, 6, 6, 7, 6]","[0, 0, 0, 1, 0, 0, 0, 0, 0, 0]",1
9,0,29,"[9, 9, 9, 9, 9, 9, 9, 9, 9, 9]","[0, 0, 0, 0, 0, 0, 0, 0, 0, 0]",1
9,0,30,"[3, 7, 8, 6, 7, 6, 6, 5, 6, 6]","[1, 0, 1, 0, 0, 0, 0, 0, 0, 1]",1
9,0,31,"[8, 2, 9, 4, 3, 6, 9, 4, 7, 3]","[0, 0, 0, 0, 0, 0, 0, 0, 0, 0]",1
9,0,32,"[4, 4, 4, 5, 5, 5, 6, 4, 5, 4]","[0, 0, 0, 0, 0, 0, 0, 1, 0, 0]",1
9,0,33,"[1, 2, 2, 1, 2, 2, 2, 2, 2, 1]","[0, 1, 0, 1, 0, 0, 1, 1, 0, 0]",1
9,0,34,"[6, 6, 7, 6, 6, 7, 7, 7, 8, 7]","[1, 0, 1, 1, 0, 0, 0, 1, 0, 0]",1
9,0,35,"[5, 3, 4, 3, 7, 3, 4, 5, 4, 4]","[1, 0, 1, 0, 1, 0, 0, 0, 0, 1]",1
9,0,36,"[8, 4, 9, 7, 3, 9, 9, 5, 5, 2]","[0, 0, 1, 0, 0, 0, 0, 0, 0, 0]",1
9,0,37,"[2, 7, 5, 5, 6, 4, 5, 4, 5, 5]","[0, 0, 1, 0, 0, 0, 1, 0, 0, 0]",1
9,0,38,"[6, 5, 3, 5, 4, 7, 4, 5, 4, 4]","[0, 0, 0, 0, 0, 1, 1, 0, 0, 0]",1
9,0,39,"[1, 2, 1, 3, 3, 1, 2, 1, 1, 1]","[0, 0, 0, 0, 0, 1, 0, 0, 0, 1]",1
9,0,40,"[3, 3, 3, 3, 4, 2, 3, 3, 3, 6]","[0, 0, 0, 0, 0, 0, 0, 0, 0, 1]",1
9,0,41,"[4, 5, 4, 5, 2, 7, 4, 3, 4, 4]","[0, 0, 0, 0, 0, 1, 1, 0, 0, 0]",1
9,0,42,"[3, 3, 3, 3, 4, 3, 5, 2, 3, 3]","[0, 0, 0, 0, 0, 0, 0, 0, 0, 0]",1
9,0,43,"[4, 3, 4, 6, 6, 3, 6, 6, 6, 6]","[0, 1, 0, 0, 0, 0, 0, 0, 0, 0]",1
9,0,44,"[7, 5, 6, 9, 3, 4, 7, 3, 6, 4]","[1, 0, 0, 0, 0, 0, 0, 0, 1, 0]",1
9,0,45,"[3, 3, 5, 3, 4, 4, 5, 6, 3, 3]","[0, 1, 1, 0, 0, 0, 0, 1, 0, 1]",1
9,0,46,"[3, 3, 4, 3, 3, 3, 3, 3, 3, 3]","[0, 0, 0, 0, 0, 0, 0, 0, 0, 0]",1
9,0,47,"[6, 6, 6, 6, 6, 8, 6, 6, 6, 6]","[0, 1, 0, 1, 0, 0, 1, 1, 0, 1]",1
9,0,48,"[5, 4, 5, 5, 5, 5, 6, 5, 5, 5]","[0, 1, 0, 0, 0, 0, 1, 0, 1, 0]",1
9,0,49,"[5, 4, 3, 4, 4, 4, 4, 1, 4, 3]","[1, 0, 0, 0, 0, 0, 0, 0, 0, 0]",1
9,0,50,"[7, 7, 6, 6, 8, 7, 6, 7, 7, 7]","[0, 1, 1, 1, 0, 0, 0, 1, 0, 0]",1
9,0,51,"[6, 5, 5, 6, 5, 4, 5, 5, 4, 5]","[0, 1, 0, 0, 1, 0, 0, 0, 0, 0]",1
9,0,52,"[2, 1, 1, 4, 3, 1, 3, 4, 2, 3]","[0, 0, 0, 0, 1, 0, 0, 0, 0, 0]",1
9,0,53,"[4, 5, 4, 5, 4, 4, 3, 3, 4, 4]","[0, 0, 1, 0, 0, 0, 1, 0, 0, 0]",1
9,0,54,"[9, 6, 3, 6, 3, 2, 9, 9, 6, 2]","[0, 0, 0, 0, 0, 0, 0, 0, 0, 0]",1
9,0,55,"[6, 6, 6, 6, 5, 6, 5, 6, 7, 6]","[0, 0, 1, 0, 0, 0, 0, 0, 0, 0]",1
9,0,56,"[1, 1, 2, 1, 7, 7, 1, 1, 1, 1]","[0, 1, 1, 1, 0, 1, 0, 0, 0, 0]",1
9,0,57,"[4, 4, 5, 4, 2, 4, 4, 5, 2, 4]","[0, 0, 0, 1, 0, 1, 0, 0, 0, 0]",1
9,0,58,"[6, 4, 5, 5, 1, 4, 4, 3, 6, 8]","[1, 0, 0, 0, 0, 0, 0, 0, 1, 0]",1
9,0,59,"[5, 4, 4, 5, 5, 4, 5, 2, 4, 5]","[0, 1, 0, 1, 0, 0, 0, 0, 0, 0]",1
9,0,60,"[4, 3, 6, 5, 5, 4, 3, 5, 5, 2]","[0, 0, 0, 0, 0, 0, 1, 0, 0, 0]",1
9,0,61,"[5, 5, 4, 5, 4, 9, 5, 7, 3, 4]","[0, 0, 0, 0, 0, 1, 0, 0, 0, 0]",1
9,0,62,"[8, 9, 5, 8, 8, 7, 8, 9, 7, 7]","[1, 0, 0, 0, 0, 0, 0, 0, 0, 0]",1
9,0,63,"[5, 5, 5, 3, 4, 5, 5, 5, 5, 5]","[0, 0, 0, 0, 0, 0, 0, 1, 0, 0]",1
9,0,64,"[3, 7, 7, 4, 4, 3, 7, 3, 3, 5]","[0, 0, 1, 1, 0, 0, 0, 0, 1, 0]",1
9,0,65,"[6, 5, 3, 2, 2, 5, 3, 6, 3, 3]","[0, 0, 0, 0, 0, 0, 0, 0, 0, 0]",1
9,0,66,"[4, 4, 5, 5, 5, 5, 4, 5, 6, 4]","[0, 0, 0, 0, 0, 0, 0, 0, 1, 0]",1
9,0,67,"[1, 2, 7, 3, 4, 6, 3, 7, 5, 4]","[0, 0, 1, 0, 0, 0, 0, 0, 0, 1]",1
9,0,68,"[7, 5, 6, 7, 6, 4, 7, 6, 5, 6]","[0, 1, 0, 1, 0, 0, 0, 0, 0, 1]",1
9,0,69,"[4, 4, 4, 4, 4, 4, 4, 4, 3, 7]","[0, 0, 0, 0, 0, 0, 0, 0, 0, 0]",1
9,0,70,"[6, 6, 7, 5, 6, 6, 6, 6, 6, 8]","[0, 0, 0, 0, 0, 0, 0, 1, 0, 0]",1
9,0,71,"[6, 5, 5, 5, 5, 4, 6, 5, 5, 5]","[0, 0, 1, 1, 0, 0, 0, 0, 1, 0]",1
9,0,72,"[4, 4, 4, 3, 4, 4, 4, 4, 4, 5]","[0, 0, 0, 0, 0, 0, 0, 0, 0, 0]",1
9,0,73,"[7, 7, 6, 4, 6, 5, 7, 7, 7, 5]","[0, 1, 0, 0, 0, 0, 0, 0, 0, 0]",1
9,0,74,"[3, 4, 2, 2, 2, 5, 2, 2, 3, 4]","[0, 0, 0, 1, 0, 1, 0, 1, 0, 0]",1
9,0,75,"[3, 3, 3, 3, 3, 3, 3, 4, 2, 3]","[0, 0, 0, 1, 0, 0, 0, 0, 0, 0]",1
9,0,76,"[4, 4, 4, 4, 2, 4, 6, 4, 6, 5]","[0, 0, 0, 0, 0, 0, 0, 1, 0, 0]",1
9,0,77,"[3, 4, 3, 4, 5, 8, 3, 8, 8, 9]","[0, 0, 1, 1, 0, 1, 0, 0, 0, 1]",1
9,0,78,"[6, 6, 6, 7, 6, 6, 6, 5, 7, 6]","[0, 0, 0, 0, 1, 0, 0, 1, 1, 0]",1
9,0,79,"[9, 9, 9, 9, 9, 9, 9, 9, 9, 9]","[0, 0, 0, 1, 0, 1, 0, 0, 0, 0]",1
9,0,80,"[9, 9, 9, 9, 6, 8, 1, 3, 6, 8]","[0, 0, 0, 0, 0, 0, 0, 0, 0, 1]",1
9,0,81,"[6, 4, 5, 5, 5, 4, 5, 3, 5, 5]","[1, 0, 0, 0, 0, 0, 1, 1, 0, 0]",1
9,0,82,"[3, 4, 5, 5, 4, 5, 4, 5, 6, 4]","[0, 0, 0, 1, 0, 0, 0, 0, 0, 0]",1
9,0,83,"[2, 7, 7, 7, 7, 6, 8, 4, 8, 7]","[0, 0, 0, 0, 0, 0, 0, 0, 0, 0]",1
9,0,84,"[8, 6, 2, 6, 5, 6, 7, 2, 1, 7]","[0, 0, 0, 0, 0, 0, 0, 0, 0, 0]",1
9,0,85,"[6, 7, 6, 6, 6, 6, 7, 6, 6, 6]","[1, 1, 1, 1, 0, 0, 0, 0, 1, 0]",1
9,0,86,"[9, 9, 9, 9, 7, 9, 9, 9, 9, 9]","[0, 0, 0, 0, 0, 0, 0, 1, 1, 0]",1
9,0,87,"[3, 4, 3, 5, 5, 8, 4, 5, 4, 5]","[0, 0, 0, 0, 1, 0, 0, 0, 0, 1]",1
9,0,88,"[4, 5, 4, 5, 3, 5, 6, 1, 3, 4]","[1, 0, 0, 0, 0, 0, 0, 0, 0, 0]",1
9,0,89,"[3, 4, 3, 3, 3, 2, 3, 3, 3, 4]","[0, 1, 0, 0, 0, 0, 0, 0, 0, 0]",1
9,0,90,"[9, 9, 9, 9, 9, 9, 9, 9, 9, 9]","[0, 0, 1, 0, 0, 1, 0, 0, 0, 0]",1
9,0,91,"[4, 5, 5, 5, 4, 5, 4, 4, 4, 8]","[0, 0, 0, 0, 0, 0, 0, 0, 0, 0]",1
9,0,92,"[4, 4, 4, 4, 4, 6, 5, 4, 3, 4]","[0, 1, 0, 0, 0, 0, 0, 1, 0, 0]",1
9,0,93,"[3, 2, 1, 2, 4, 2, 2, 5, 3, 3]","[1, 1, 0, 0, 0, 0, 0, 0, 1, 0]",1
9,0,94,"[7, 5, 8, 4, 5, 4, 4, 6, 4, 5]","[1, 0, 1, 0, 1, 0, 0, 1, 0, 0]",1
9,0,95,"[3, 1, 3, 2, 2, 2, 2, 2, 2, 2]","[0, 0, 0, 0, 0, 0, 0, 0, 0, 0]",1
9,0,96,"[5, 5, 4, 6, 5, 5, 6, 5, 6, 5]","[0, 1, 1, 1, 1, 0, 0, 0, 1, 0]",1
9,0,97,"[6, 4, 3, 4, 6, 4, 5, 4, 4, 6]","[0, 0, 0, 0, 0, 1, 0, 0, 0, 0]",1
9,0,98,"[9, 9, 9, 9, 9, 9, 9, 9, 9, 9]","[0, 0, 1, 1, 1, 0, 1, 0, 0, 0]",1
9,0,99,"[2, 3, 3, 5, 2, 3, 3, 4, 3, 3]","[1, 0, 0, 0, 0, 0, 0, 1, 1, 1]",1
9,0,100,"[2, 7, 3, 6, 2, 3, 7, 3, 7, 4]","[0, 0, 0, 0, 0, 0, 0, 0, 0, 0]",1
9,0,101,"[8, 8, 8, 8, 8, 8, 8, 8, 8, 4]","[0, 0, 0, 0, 0, 0, 0, 1, 0, 0]",1
9,0,102,"[2, 2, 8, 2, 3, 5, 4, 5, 4, 2]","[0, 0, 1, 1, 0, 0, 0, 0, 1, 0]",1
9,0,103,"[7, 7, 7, 7, 7, 7, 7, 7, 7, 7]","[0, 0, 0, 0, 0, 0, 0, 1, 0, 0]",1
9,0,104,"[5, 6, 4, 4, 9, 4, 6, 5, 5, 5]","[0, 1, 1, 0, 1, 0, 1, 0, 0, 0]",1
9,0,105,"[6, 6, 6, 7, 6, 9, 6, 6, 6, 7]","[1, 0, 1, 1, 1, 1, 1, 0, 0, 1]",1
9,0,106,"[4, 5, 5, 5, 5, 5, 6, 5, 6, 8]","[1, 0, 0, 0, 1, 0, 0, 0, 0, 0]",1
9,0,107,"[4, 4, 7, 5, 5, 4, 3, 4, 4, 4]","[0, 0, 0, 0, 0, 0, 0, 0, 0, 0]",1
9,0,108,"[8, 8, 9, 8, 8, 9, 9, 8, 9, 8]","[0, 1, 0, 1, 0, 0, 0, 1, 1, 0]",1
9,0,109,"[6, 4, 6, 6, 6, 5, 6, 6, 5, 6]","[1, 0, 0, 0, 0, 0, 0, 0, 0, 0]",1
9,0,110,"[9, 9, 8, 9, 8, 9, 7, 6, 8, 8]","[1, 1, 1, 0, 0, 0, 1, 0, 0, 0]",1
9,0,111,"[6, 5, 7, 6, 7, 6, 6, 7, 7, 7]","[0, 0, 0, 1, 0, 0, 1, 1, 1, 1]",1
9,0,112,"[4, 3, 4, 4, 4, 1, 4, 4, 4, 3]","[1, 0, 0, 0, 0, 0, 0, 0, 0, 0]",1
9,0,113,"[3, 8, 2, 6, 5, 5, 5, 7, 6, 6]","[0, 0, 0, 0, 1, 1, 0, 0, 0, 0]",1
9,0,114,"[4, 2, 3, 3, 4, 3, 3, 4, 3, 4]","[1, 1, 1, 0, 1, 0, 0, 0, 1, 1]",1
9,0,115,"[9, 9, 9, 9, 9, 9, 1, 9, 8, 9]","[1, 1, 1, 1, 1, 0, 0, 1, 1, 1]",1
9,0,116,"[9, 9, 9, 9, 9, 8, 9, 9, 9, 9]","[0, 1, 1, 1, 1, 0, 1, 0, 1, 0]",1
9,0,117,"[5, 2, 5, 5, 5, 5, 5, 4, 5, 5]","[0, 0, 0, 0, 0, 0, 1, 0, 0, 0]",1
9,0,118,"[7, 7, 7, 6, 6, 7, 7, 6, 5, 7]","[0, 0, 0, 0, 0, 0, 1, 1, 0, 0]",1
9,0,119,"[6, 6, 6, 6, 6, 6, 7, 6, 6, 6]","[0, 0, 0, 0, 0, 0, 0, 1, 0, 0]",1
9,0,120,"[3, 6, 5, 5, 6, 8, 6, 5, 7, 5]","[0, 0, 0, 0, 1, 1, 1, 1, 0, 0]",1
9,0,121,"[5, 9, 5, 5, 6, 5, 5, 3, 5, 5]","[0, 0, 0, 0, 0, 1, 0, 0, 0, 0]",1
9,0,122,"[4, 6, 5, 5, 5, 5, 5, 5, 5, 5]","[0, 0, 0, 0, 0, 0, 0, 0, 0, 0]",1
9,0,123,"[7, 4, 7, 5, 5, 6, 4, 6, 5, 5]","[0, 0, 0, 0, 0, 0, 0, 1, 0, 0]",1
9,0,124,"[9, 9, 8, 5, 5, 5, 8, 9, 5, 9]","[1, 0, 0, 0, 0, 1, 1, 1, 0, 1]",1
9,0,125,"[5, 5, 4, 4, 4, 4, 4, 6, 3, 4]","[0, 0, 0, 0, 1, 0, 0, 0, 0, 1]",1
9,0,126,"[3, 7, 3, 2, 4, 3, 7, 3, 3, 3]","[0, 0, 0, 0, 0, 0, 0, 0, 0, 0]",1
9,0,127,"[4, 4, 1, 4, 4, 7, 4, 3, 5, 4]","[0, 0, 0, 0, 0, 0, 0, 0, 0, 0]",1
9,0,128,"[7, 8, 6, 6, 7, 7, 5, 8, 6, 8]","[0, 1, 0, 0, 0, 1, 0, 0, 0, 0]",1
9,0,129,"[6, 7, 6, 4, 5, 8, 7, 4, 6, 8]","[0, 1, 0, 0, 1, 0, 0, 0, 0, 1]",1
9,0,130,"[7, 9, 7, 5, 7, 7, 1, 6, 8, 9]","[1, 0, 1, 0, 0, 1, 0, 0, 1, 1]",1
9,0,131,"[7, 8, 8, 8, 7, 8, 9, 8, 9, 7]","[1, 0, 1, 0, 1, 0, 1, 1, 0, 0]",1
9,0,132,"[4, 3, 6, 3, 4, 5, 3, 2, 6, 5]","[0, 0, 1, 0, 0, 0, 0, 0, 1, 0]",1
9,0,133,"[4, 4, 5, 3, 4, 4, 4, 4, 4, 2]","[0, 0, 0, 0, 1, 0, 1, 0, 0, 0]",1
9,0,134,"[8, 5, 6, 7, 6, 6, 6, 6, 6, 7]","[0, 0, 0, 0, 0, 0, 0, 1, 0, 0]",1
9,0,135,"[5, 5, 6, 6, 6, 7, 6, 4, 6, 1]","[0, 0, 0, 0, 1, 0, 1, 0, 0, 0]",1
9,0,136,"[2, 6, 6, 7, 6, 5, 8, 8, 6, 5]","[0, 0, 0, 1, 0, 0, 1, 0, 0, 1]",1
9,0,137,"[4, 7, 5, 4, 7, 6, 6, 6, 4, 7]","[1, 0, 0, 1, 0, 0, 0, 1, 0, 0]",1
9,0,138,"[5, 6, 5, 5, 6, 6, 6, 6, 6, 5]","[1, 0, 0, 0, 0, 0, 0, 0, 0, 0]",1
9,0,139,"[4, 4, 4, 8, 4, 1, 4, 4, 4, 4]","[0, 0, 0, 1, 0, 0, 0, 1, 0, 0]",1
9,0,140,"[5, 8, 5, 5, 7, 9, 5, 5, 5, 4]","[0, 1, 0, 0, 0, 0, 0, 0, 0, 1]",1
9,0,141,"[4, 4, 5, 4, 5, 4, 4, 3, 3, 4]","[0, 0, 0, 0, 0, 0, 0, 0, 0, 0]",1
9,0,142,"[6, 5, 4, 6, 7, 6, 7, 7, 3, 3]","[1, 0, 0, 0, 0, 0, 0, 1, 0, 0]",1
9,0,143,"[5, 6, 4, 5, 5, 5, 5, 5, 6, 4]","[0, 0, 0, 1, 0, 0, 1, 0, 0, 0]",1
9,0,144,"[7, 3, 7, 7, 8, 5, 7, 6, 7, 8]","[0, 0, 0, 0, 0, 0, 0, 0, 1, 0]",1
9,0,145,"[7, 6, 6, 8, 7, 6, 9, 7, 6, 7]","[0, 0, 0, 0, 1, 0, 0, 1, 0, 0]",1
9,0,146,"[6, 6, 3, 6, 6, 5, 6, 6, 6, 6]","[0, 0, 0, 1, 0, 0, 0, 0, 0, 0]",1
9,0,147,"[4, 5, 5, 6, 6, 6, 6, 5, 5, 6]","[0, 0, 0, 1, 0, 1, 1, 0, 1, 0]",1
9,0,148,"[5, 4, 5, 4, 4, 4, 5, 5, 5, 3]","[1, 0, 1, 0, 0, 0, 0, 0, 0, 0]",1
9,0,149,"[5, 5, 4, 6, 6, 4, 2, 5, 5, 7]","[0, 0, 0, 0, 0, 0, 0, 0, 1, 0]",1
9,0,150,"[6, 6, 8, 5, 5, 6, 6, 6, 5, 5]","[0, 0, 1, 0, 0, 0, 0, 0, 0, 0]",1
9,0,151,"[5, 4, 4, 4, 6, 6, 5, 5, 9, 5]","[0, 1, 0, 0, 0, 0, 0, 0, 0, 0]",1
9,0,152,"[3, 5, 3, 5, 5, 4, 5, 5, 4, 6]","[0, 0, 0, 0, 0, 0, 0, 0, 1, 0]",1
9,0,153,"[5, 5, 6, 5, 6, 6, 6, 6, 6, 6]","[0, 0, 0, 0, 0, 0, 1, 0, 0, 1]",1
9,0,154,"[8, 8, 7, 8, 8, 6, 8, 9, 7, 3]","[0, 1, 0, 1, 0, 1, 0, 0, 0, 1]",1
9,0,155,"[5, 6, 6, 9, 5, 4, 5, 4, 6, 5]","[0, 1, 0, 0, 0, 1, 0, 0, 0, 0]",1
9,0,156,"[2, 2, 3, 2, 2, 2, 2, 2, 1, 2]","[0, 0, 0, 0, 0, 0, 0, 0, 0, 0]",1
9,0,157,"[6, 5, 9, 6, 5, 6, 5, 5, 5, 5]","[0, 0, 1, 0, 1, 0, 0, 0, 1, 0]",1
9,0,158,"[7, 8, 7, 7, 7, 7, 7, 7, 7, 7]","[0, 0, 0, 0, 0, 1, 1, 0, 0, 1]",1
9,0,159,"[6, 6, 6, 6, 6, 6, 6, 6, 6, 7]","[0, 0, 0, 0, 1, 0, 0, 0, 0, 1]",1
9,0,160,"[9, 5, 5, 5, 6, 5, 5, 9, 5, 6]","[1, 0, 0, 0, 0, 1, 0, 0, 0, 0]",1
9,0,161,"[4, 5, 5, 4, 3, 4, 4, 5, 4, 5]","[0, 1, 0, 1, 1, 0, 0, 1, 0, 0]",1
9,0,162,"[9, 9, 9, 6, 9, 3, 9, 7, 9, 8]","[0, 0, 0, 0, 0, 0, 1, 0, 1, 0]",1
9,0,163,"[2, 7, 7, 5, 8, 3, 5, 8, 8, 6]","[0, 1, 0, 1, 0, 0, 1, 0, 0, 1]",1
9,0,164,"[9, 9, 9, 9, 9, 9, 9, 9, 9, 9]","[0, 1, 1, 0, 1, 0, 0, 1, 1, 0]",1
9,0,165,"[6, 4, 6, 6, 5, 4, 5, 5, 4, 4]","[0, 1, 1, 0, 1, 0, 0, 0, 0, 0]",1
9,0,166,"[1, 4, 5, 5, 7, 7, 5, 4, 5, 6]","[0, 0, 0, 0, 0, 1, 1, 1, 0, 0]",1
9,0,167,"[8, 7, 8, 7, 7, 7, 7, 6, 6, 6]","[1, 0, 0, 0, 0, 1, 0, 1, 0, 0]",1
9,0,168,"[6, 5, 7, 9, 4, 6, 7, 6, 6, 7]","[0, 0, 0, 1, 0, 0, 0, 1, 0, 0]",1
9,0,169,"[2, 6, 4, 7, 5, 7, 7, 5, 7, 4]","[0, 0, 0, 0, 0, 0, 0, 0, 0, 0]",1
9,0,170,"[9, 9, 9, 9, 5, 9, 9, 6, 2, 8]","[0, 1, 1, 0, 1, 0, 0, 0, 0, 0]",1
9,0,171,"[4, 6, 5, 5, 7, 4, 6, 7, 2, 5]","[1, 0, 0, 1, 0, 0, 0, 0, 0, 0]",1
9,0,172,"[6, 8, 5, 7, 5, 3, 3, 6, 6, 3]","[0, 1, 0, 0, 1, 0, 0, 0, 0, 0]",1
9,0,173,"[1, 6, 8, 8, 7, 7, 6, 6, 8, 7]","[0, 1, 0, 0, 0, 0, 1, 0, 0, 1]",1
9,0,174,"[6, 7, 6, 7, 9, 6, 7, 6, 7, 6]","[0, 0, 0, 0, 1, 0, 1, 0, 1, 0]",1
9,0,175,"[5, 3, 5, 5, 5, 4, 4, 6, 5, 4]","[1, 0, 0, 0, 0, 1, 0, 0, 0, 0]",1
9,0,176,"[3, 8, 3, 3, 4, 2, 3, 3, 4, 3]","[1, 1, 0, 0, 1, 0, 0, 1, 0, 0]",1
9,0,177,"[9, 8, 7, 1, 9, 4, 9, 1, 4, 3]","[0, 1, 0, 0, 0, 1, 1, 0, 1, 0]",1
9,0,178,"[7, 7, 7, 8, 7, 7, 8, 8, 5, 7]","[1, 0, 1, 0, 1, 0, 1, 0, 0, 0]",1
9,0,179,"[9, 8, 8, 9, 4, 8, 8, 9, 7, 7]","[0, 0, 0, 0, 0, 1, 1, 0, 0, 1]",1
9,0,180,"[3, 4, 4, 3, 4, 5, 4, 4, 4, 5]","[0, 0, 0, 0, 0, 0, 0, 0, 1, 0]",1
9,0,181,"[7, 7, 3, 7, 8, 6, 7, 8, 7, 3]","[0, 0, 0, 0, 0, 0, 0, 0, 0, 0]",1
9,0,182,"[5, 6, 9, 7, 1, 7, 7, 4, 1, 1]","[1, 0, 0, 0, 0, 0, 1, 0, 0, 0]",1
9,0,183,"[7, 6, 6, 7, 9, 6, 8, 7, 6, 9]","[0, 0, 0, 0, 0, 0, 1, 0, 0, 0]",1
9,0,184,"[5, 4, 7, 7, 4, 6, 7, 5, 4, 4]","[0, 1, 0, 0, 0, 0, 0, 0, 0, 0]",1
9,0,185,"[5, 3, 5, 7, 3, 7, 5, 9, 7, 5]","[0, 1, 0, 0, 1, 1, 0, 0, 0, 0]",1
9,0,186,"[7, 9, 5, 9, 9, 7, 4, 9, 6, 9]","[0, 1, 0, 0, 0, 1, 0, 1, 0, 0]",1
9,0,187,"[6, 4, 6, 7, 5, 6, 5, 6, 6, 6]","[1, 0, 0, 0, 0, 0, 0, 0, 0, 0]",1
9,0,188,"[4, 7, 6, 4, 5, 4, 6, 6, 5, 5]","[0, 1, 0, 0, 0, 1, 1, 1, 0, 0]",1
9,0,189,"[6, 6, 6, 4, 6, 4, 5, 7, 7, 6]","[0, 0, 0, 0, 0, 0, 0, 1, 0, 0]",1
9,0,190,"[6, 5, 4, 6, 4, 1, 6, 6, 6, 4]","[1, 0, 0, 0, 0, 0, 1, 0, 0, 0]",1
9,0,191,"[6, 6, 6, 7, 6, 9, 7, 6, 9, 2]","[0, 0, 0, 0, 1, 0, 1, 0, 0, 0]",1
9,0,192,"[9, 9, 9, 9, 9, 9, 8, 9, 8, 8]","[0, 0, 1, 1, 1, 1, 0, 0, 1, 0]",1
9,0,193,"[5, 8, 6, 6, 9, 7, 4, 5, 6, 3]","[0, 0, 0, 0, 0, 0, 0, 1, 0, 0]",1
9,0,194,"[7, 5, 3, 6, 8, 5, 8, 5, 4, 6]","[0, 0, 0, 1, 0, 0, 1, 0, 0, 1]",1
9,0,195,"[1, 4, 1, 1, 1, 8, 3, 2, 3, 6]","[0, 1, 0, 0, 0, 1, 0, 1, 0, 1]",1
9,0,196,"[4, 4, 6, 5, 4, 5, 4, 4, 3, 4]","[1, 0, 1, 0, 1, 0, 0, 0, 1, 0]",1
9,0,197,"[7, 7, 7, 7, 7, 7, 7, 6, 7, 7]","[1, 0, 0, 0, 0, 0, 0, 0, 0, 1]",1
9,0,198,"[4, 5, 3, 4, 2, 3, 5, 2, 3, 7]","[0, 0, 0, 0, 0, 1, 0, 0, 0, 0]",1
9,0,199,"[6, 5, 5, 5, 6, 5, 5, 5, 5, 5]","[0, 0, 0, 0, 0, 1, 0, 0, 0, 0]",1
9,0,200,"[5, 5, 6, 5, 5, 5, 5, 5, 4, 4]","[0, 0, 0, 0, 0, 0, 0, 0, 0, 1]",1
9,0,201,"[9, 7, 8, 8, 8, 8, 8, 8, 5, 6]","[1, 0, 1, 0, 0, 0, 0, 1, 0, 0]",1
9,0,202,"[4, 6, 5, 7, 5, 5, 5, 8, 5, 6]","[0, 0, 0, 1, 0, 0, 0, 0, 0, 0]",1
9,0,203,"[4, 4, 4, 3, 5, 4, 4, 4, 5, 3]","[0, 0, 0, 1, 1, 1, 0, 0, 1, 0]",1
9,0,204,"[7, 8, 8, 8, 8, 3, 8, 7, 8, 7]","[0, 0, 0, 1, 0, 1, 0, 0, 1, 1]",1
9,0,205,"[7, 6, 6, 6, 6, 9, 8, 6, 3, 7]","[0, 1, 0, 0, 0, 0, 0, 0, 1, 1]",1
9,0,206,"[8, 8, 8, 8, 8, 8, 8, 7, 8, 1]","[0, 0, 0, 1, 1, 1, 1, 1, 0, 0]",1
9,0,207,"[5, 6, 6, 5, 6, 5, 6, 6, 5, 6]","[1, 0, 0, 0, 0, 0, 0, 1, 0, 0]",1
9,0,208,"[7, 6, 7, 5, 1, 5, 7, 8, 6, 6]","[0, 0, 1, 1, 0, 0, 0, 0, 1, 0]",1
9,0,209,"[6, 2, 5, 6, 5, 5, 6, 5, 5, 7]","[1, 1, 0, 0, 0, 1, 0, 0, 0, 0]",1
9,1,0,"[5, 6, 4, 4, 6, 6, 6, 7, 3, 6]","[0, 1, 0, 0, 0, 0, 0, 0, 0, 0]",1
9,1,1,"[4, 3, 4, 4, 3, 4, 4, 3, 4, 4]","[1, 0, 0, 0, 0, 0, 0, 0, 0, 0]",1
9,1,2,"[2, 6, 5, 5, 8, 7, 7, 7, 6, 5]","[0, 0, 1, 0, 1, 1, 0, 0, 1, 0]",1
9,1,3,"[5, 5, 4, 6, 1, 5, 8, 6, 9, 5]","[0, 0, 0, 1, 0, 1, 1, 0, 0, 1]",1
9,1,4,"[4, 3, 4, 3, 3, 3, 9, 3, 3, 4]","[1, 0, 0, 0, 1, 1, 0, 0, 0, 0]",1
9,1,5,"[5, 4, 4, 3, 2, 5, 5, 5, 5, 3]","[0, 0, 1, 1, 0, 1, 0, 1, 0, 0]",1
9,1,6,"[6, 5, 7, 2, 3, 6, 6, 6, 5, 2]","[0, 1, 1, 0, 0, 1, 1, 0, 1, 0]",1
9,1,7,"[4, 5, 4, 4, 6, 5, 4, 4, 1, 5]","[0, 0, 0, 0, 0, 0, 0, 0, 0, 0]",1
9,1,8,"[3, 2, 3, 3, 3, 3, 3, 3, 3, 3]","[0, 1, 0, 0, 1, 0, 0, 0, 0, 1]",1
9,1,9,"[4, 2, 4, 4, 4, 4, 4, 7, 2, 3]","[0, 0, 1, 0, 0, 0, 0, 0, 0, 1]",1
9,1,10,"[2, 4, 4, 5, 4, 4, 1, 4, 5, 2]","[1, 1, 0, 0, 1, 0, 0, 1, 1, 0]",1
9,1,11,"[7, 3, 3, 3, 3, 3, 3, 2, 3, 3]","[0, 0, 0, 0, 1, 0, 0, 1, 0, 0]",1
9,1,12,"[4, 4, 4, 5, 5, 4, 4, 4, 4, 5]","[0, 0, 0, 0, 0, 0, 0, 0, 1, 1]",1
9,1,13,"[2, 6, 3, 7, 6, 7, 3, 4, 6, 7]","[0, 0, 0, 0, 0, 0, 0, 0, 1, 0]",1
9,1,14,"[6, 2, 2, 1, 3, 2, 2, 3, 3, 3]","[0, 0, 0, 0, 0, 0, 0, 0, 0, 0]",1
9,1,15,"[6, 6, 5, 5, 4, 5, 4, 5, 5, 5]","[0, 0, 0, 0, 0, 0, 0, 1, 0, 0]",1
9,1,16,"[8, 8, 4, 3, 6, 4, 8, 8, 6, 7]","[0, 1, 0, 0, 1, 1, 1, 0, 1, 1]",1
9,1,17,"[4, 6, 5, 4, 4, 4, 5, 6, 6, 5]","[0, 0, 0, 0, 0, 0, 0, 0, 0, 1]",1
9,1,18,"[5, 2, 5, 4, 9, 5, 4, 3, 5, 4]","[0, 0, 0, 0, 1, 1, 0, 0, 1, 0]",1
9,1,19,"[2, 1, 3, 2, 2, 2, 1, 2, 2, 5]","[0, 0, 0, 0, 0, 0, 0, 0, 0, 0]",1
9,1,20,"[4, 1, 5, 4, 5, 6, 4, 5, 4, 4]","[0, 0, 1, 1, 0, 0, 0, 0, 0, 0]",1
9,1,21,"[6, 4, 3, 6, 8, 4, 6, 4, 8, 4]","[1, 0, 0, 1, 0, 0, 0, 0, 1, 0]",1
9,1,22,"[3, 3, 2, 4, 3, 4, 4, 3, 2, 3]","[0, 0, 0, 1, 0, 1, 0, 0, 0, 0]",1
9,1,23,"[3, 2, 4, 4, 4, 3, 3, 3, 2, 4]","[0, 0, 1, 0, 1, 1, 0, 0, 0, 1]",1
9,1,24,"[6, 6, 5, 4, 6, 1, 3, 3, 4, 4]","[0, 0, 0, 0, 1, 1, 0, 0, 0, 0]",1
9,1,25,"[2, 2, 2, 2, 2, 2, 2, 2, 2, 2]","[0, 0, 0, 0, 0, 0, 0, 0, 0, 0]",1
9,1,26,"[8, 9, 1, 9, 5, 9, 6, 9, 8, 9]","[0, 1, 0, 0, 0, 1, 0, 0, 0, 0]",1
9,1,27,"[4, 4, 4, 3, 2, 4, 2, 5, 3, 4]","[0, 0, 0, 0, 0, 0, 0, 1, 1, 0]",1
9,1,28,"[4, 5, 3, 4, 4, 4, 4, 4, 4, 9]","[0, 0, 0, 0, 0, 0, 1, 0, 1, 1]",1
9,1,29,"[5, 5, 9, 7, 9, 9, 7, 9, 6, 9]","[1, 0, 1, 1, 0, 0, 1, 0, 1, 0]",1
9,1,30,"[2, 8, 2, 7, 4, 6, 7, 6, 3, 7]","[0, 0, 0, 1, 0, 0, 0, 0, 0, 0]",1
9,1,31,"[7, 4, 4, 4, 4, 3, 3, 4, 2, 9]","[0, 0, 0, 0, 1, 0, 1, 0, 0, 1]",1
9,1,32,"[3, 6, 3, 4, 3, 3, 2, 3, 4, 5]","[0, 1, 0, 0, 0, 0, 1, 0, 0, 0]",1
9,1,33,"[1, 2, 2, 2, 2, 2, 3, 2, 2, 2]","[0, 0, 0, 0, 0, 0, 1, 0, 0, 0]",1
9,1,34,"[3, 7, 5, 7, 4, 4, 4, 5, 5, 7]","[0, 1, 0, 1, 0, 1, 0, 0, 0, 1]",1
9,1,35,"[3, 2, 2, 3, 9, 2, 2, 2, 2, 2]","[0, 1, 0, 0, 0, 0, 0, 1, 0, 0]",1
9,1,36,"[3, 2, 5, 4, 4, 3, 8, 4, 1, 7]","[0, 0, 0, 0, 0, 0, 0, 0, 0, 0]",1
9,1,37,"[5, 4, 3, 3, 4, 5, 2, 5, 5, 5]","[1, 0, 1, 0, 0, 0, 1, 0, 1, 0]",1
9,1,38,"[3, 4, 4, 3, 3, 4, 3, 3, 5, 4]","[0, 0, 0, 0, 0, 0, 0, 0, 0, 0]",1
9,1,39,"[1, 5, 2, 4, 3, 2, 1, 1, 1, 1]","[0, 1, 0, 1, 0, 0, 0, 1, 1, 0]",1
9,1,40,"[3, 1, 2, 2, 2, 2, 2, 3, 4, 2]","[0, 0, 0, 0, 0, 0, 0, 1, 1, 0]",1
9,1,41,"[6, 3, 4, 4, 7, 2, 4, 3, 4, 4]","[0, 0, 0, 0, 1, 0, 0, 0, 0, 0]",1
9,1,42,"[3, 1, 2, 3, 3, 2, 2, 3, 2, 3]","[0, 0, 0, 1, 0, 0, 0, 1, 0, 0]",1
9,1,43,"[6, 6, 6, 5, 7, 4, 5, 4, 5, 1]","[1, 0, 0, 0, 0, 0, 0, 0, 1, 0]",1
9,1,44,"[4, 6, 5, 4, 5, 4, 4, 4, 3, 5]","[0, 0, 0, 0, 0, 1, 0, 0, 1, 0]",1
9,1,45,"[4, 2, 5, 3, 8, 6, 3, 2, 5, 2]","[1, 0, 0, 1, 1, 0, 0, 0, 1, 0]",1
9,1,46,"[3, 2, 1, 3, 3, 4, 3, 3, 3, 1]","[0, 1, 0, 0, 0, 0, 1, 0, 1, 0]",1
9,1,47,"[4, 5, 4, 4, 4, 4, 4, 4, 4, 4]","[1, 0, 1, 0, 0, 1, 0, 0, 0, 0]",1
9,1,48,"[3, 3, 3, 3, 3, 3, 3, 3, 3, 5]","[0, 0, 0, 0, 0, 0, 0, 0, 0, 0]",1
9,1,49,"[4, 6, 3, 7, 9, 7, 4, 4, 7, 5]","[0, 1, 0, 0, 1, 1, 0, 0, 0, 0]",1
9,1,50,"[5, 9, 4, 4, 5, 3, 5, 4, 3, 4]","[0, 0, 0, 0, 1, 0, 0, 1, 0, 0]",1
9,1,51,"[3, 3, 6, 3, 4, 2, 3, 3, 3, 4]","[1, 0, 0, 0, 1, 0, 0, 0, 0, 1]",1
9,1,52,"[1, 3, 6, 3, 3, 5, 2, 3, 3, 1]","[0, 0, 1, 1, 0, 0, 1, 1, 1, 0]",1
9,1,53,"[4, 4, 4, 4, 4, 4, 3, 4, 4, 1]","[0, 0, 0, 0, 0, 1, 0, 0, 0, 0]",1
9,1,54,"[2, 1, 1, 1, 1, 6, 5, 1, 1, 1]","[0, 0, 0, 0, 0, 1, 0, 0, 0, 0]",1
9,1,55,"[6, 6, 9, 6, 7, 6, 6, 6, 7, 6]","[0, 1, 0, 0, 0, 0, 0, 0, 1, 0]",1
9,1,56,"[2, 3, 3, 3, 5, 2, 3, 3, 2, 5]","[0, 0, 0, 1, 1, 1, 0, 0, 1, 0]",1
9,1,57,"[4, 7, 3, 2, 4, 4, 4, 4, 4, 5]","[1, 1, 0, 0, 0, 0, 0, 0, 0, 0]",1
9,1,58,"[5, 3, 4, 4, 3, 3, 1, 5, 3, 4]","[0, 0, 0, 0, 0, 1, 0, 0, 1, 1]",1
9,1,59,"[5, 4, 5, 6, 5, 4, 5, 5, 8, 4]","[0, 0, 1, 1, 0, 1, 0, 0, 0, 1]",1
9,1,60,"[3, 1, 3, 2, 1, 5, 1, 4, 4, 4]","[0, 0, 0, 0, 0, 0, 0, 0, 0, 0]",1
9,1,61,"[4, 4, 4, 4, 4, 3, 3, 3, 4, 4]","[1, 0, 0, 1, 0, 0, 0, 0, 1, 0]",1
9,1,62,"[9, 9, 9, 4, 7, 9, 9, 9, 9, 9]","[1, 0, 0, 0, 0, 0, 0, 1, 0, 0]",1
9,1,63,"[4, 5, 5, 6, 4, 5, 5, 4, 4, 5]","[0, 0, 0, 0, 0, 0, 0, 0, 0, 0]",1
9,1,64,"[7, 4, 2, 3, 3, 5, 6, 3, 3, 3]","[1, 0, 0, 0, 0, 0, 0, 0, 0, 0]",1
9,1,65,"[4, 4, 3, 3, 3, 4, 2, 7, 2, 6]","[0, 1, 0, 0, 1, 1, 0, 1, 1, 1]",1
9,1,66,"[5, 4, 3, 3, 5, 5, 5, 4, 5, 3]","[1, 0, 0, 1, 1, 0, 0, 1, 0, 1]",1
9,1,67,"[6, 2, 5, 1, 3, 3, 6, 5, 1, 1]","[1, 1, 0, 0, 1, 0, 1, 0, 0, 0]",1
9,1,68,"[3, 7, 8, 3, 3, 5, 6, 5, 6, 3]","[0, 0, 1, 0, 0, 0, 0, 0, 0, 0]",1
9,1,69,"[5, 4, 5, 6, 6, 4, 7, 5, 4, 5]","[0, 1, 1, 0, 0, 0, 0, 1, 0, 0]",1
9,1,70,"[5, 6, 4, 3, 3, 6, 6, 4, 6, 5]","[0, 0, 0, 0, 0, 0, 1, 1, 0, 1]",1
9,1,71,"[3, 3, 3, 3, 2, 3, 3, 6, 3, 3]","[0, 0, 1, 0, 0, 0, 0, 0, 1, 0]",1
9,1,72,"[4, 4, 4, 3, 4, 5, 6, 4, 4, 3]","[0, 0, 0, 0, 0, 0, 0, 0, 0, 0]",1
9,1,73,"[8, 1, 2, 3, 1, 1, 1, 5, 5, 4]","[1, 0, 1, 0, 1, 1, 1, 1, 1, 0]",1
9,1,74,"[4, 3, 4, 3, 3, 2, 1, 2, 2, 1]","[0, 0, 1, 0, 0, 0, 0, 0, 0, 0]",1
9,1,75,"[8, 8, 7, 7, 7, 7, 6, 8, 3, 7]","[1, 0, 1, 0, 0, 1, 0, 0, 0, 0]",1
9,1,76,"[2, 3, 4, 5, 3, 2, 2, 3, 3, 4]","[0, 0, 0, 0, 1, 0, 0, 0, 0, 0]",1
9,1,77,"[4, 4, 6, 4, 4, 5, 5, 4, 5, 4]","[1, 0, 1, 0, 0, 0, 1, 1, 0, 0]",1
9,1,78,"[5, 3, 2, 4, 4, 4, 7, 5, 4, 4]","[0, 0, 0, 0, 1, 0, 1, 0, 1, 0]",1
9,1,79,"[4, 5, 5, 2, 4, 4, 6, 5, 5, 5]","[0, 1, 1, 0, 0, 1, 1, 0, 0, 0]",1
9,1,80,"[7, 8, 7, 6, 6, 8, 5, 8, 8, 7]","[0, 1, 0, 1, 0, 0, 0, 0, 0, 1]",1
9,1,81,"[4, 7, 4, 6, 3, 6, 5, 5, 6, 5]","[1, 0, 0, 0, 0, 0, 0, 0, 0, 1]",1
9,1,82,"[6, 6, 4, 6, 5, 5, 3, 5, 5, 4]","[0, 0, 0, 0, 0, 0, 0, 0, 0, 0]",1
9,1,83,"[7, 7, 6, 6, 7, 1, 6, 7, 4, 7]","[0, 1, 0, 1, 0, 0, 0, 1, 1, 0]",1
9,1,84,"[1, 8, 1, 1, 1, 1, 1, 1, 1, 1]","[0, 1, 0, 0, 0, 1, 0, 0, 0, 1]",1
9,1,85,"[4, 4, 4, 5, 7, 5, 4, 5, 4, 4]","[1, 1, 0, 0, 1, 1, 1, 0, 1, 0]",1
9,1,86,"[6, 5, 6, 8, 5, 5, 6, 5, 7, 7]","[1, 0, 1, 0, 0, 1, 0, 0, 0, 0]",1
9,1,87,"[5, 1, 1, 4, 1, 5, 1, 3, 2, 3]","[0, 0, 0, 0, 0, 1, 1, 0, 1, 0]",1
9,1,88,"[3, 7, 2, 3, 3, 1, 3, 4, 3, 4]","[0, 0, 0, 0, 0, 0, 0, 0, 0, 1]",1
9,1,89,"[4, 5, 3, 3, 3, 5, 4, 4, 3, 3]","[0, 0, 0, 0, 1, 0, 0, 1, 1, 0]",1
9,1,90,"[5, 6, 6, 7, 6, 7, 7, 6, 6, 6]","[0, 1, 0, 0, 0, 1, 0, 0, 0, 1]",1
9,1,91,"[3, 4, 4, 3, 2, 3, 4, 4, 3, 3]","[0, 1, 0, 0, 1, 1, 0, 0, 0, 1]",1
9,1,92,"[5, 4, 4, 5, 5, 4, 4, 7, 6, 3]","[0, 0, 1, 1, 0, 1, 0, 0, 0, 0]",1
9,1,93,"[3, 2, 2, 1, 4, 1, 1, 4, 4, 2]","[0, 0, 0, 0, 0, 0, 0, 0, 0, 0]",1
9,1,94,"[4, 3, 3, 3, 4, 7, 4, 5, 3, 4]","[0, 0, 1, 0, 0, 0, 0, 0, 0, 0]",1
9,1,95,"[3, 3, 7, 3, 3, 4, 6, 4, 3, 4]","[0, 0, 1, 1, 0, 0, 0, 0, 0, 0]",1
9,1,96,"[4, 3, 3, 3, 9, 3, 6, 2, 3, 3]","[0, 0, 0, 0, 1, 1, 1, 0, 0, 0]",1
9,1,97,"[3, 3, 3, 2, 2, 3, 2, 2, 3, 3]","[0, 0, 0, 1, 0, 1, 0, 1, 0, 0]",1
9,1,98,"[9, 7, 3, 1, 9, 7, 9, 4, 2, 3]","[0, 0, 1, 0, 0, 0, 0, 0, 0, 0]",1
9,1,99,"[2, 2, 2, 2, 2, 2, 3, 2, 3, 3]","[0, 0, 0, 0, 0, 0, 0, 0, 0, 0]",1
9,1,100,"[3, 3, 3, 3, 2, 3, 2, 3, 3, 3]","[0, 0, 0, 0, 0, 0, 0, 0, 0, 0]",1
9,1,101,"[3, 9, 4, 4, 3, 5, 4, 2, 3, 5]","[0, 0, 0, 0, 0, 0, 0, 0, 0, 0]",1
9,1,102,"[4, 5, 3, 3, 4, 3, 1, 5, 3, 7]","[1, 0, 1, 1, 0, 0, 0, 1, 0, 1]",1
9,1,103,"[2, 2, 2, 2, 2, 2, 3, 2, 1, 2]","[0, 0, 0, 0, 0, 0, 0, 0, 0, 0]",1
9,1,104,"[4, 5, 5, 3, 5, 3, 4, 4, 4, 4]","[0, 0, 1, 0, 0, 1, 1, 0, 0, 1]",1
9,1,105,"[5, 5, 3, 5, 4, 8, 4, 5, 3, 5]","[0, 0, 0, 0, 0, 0, 0, 0, 0, 0]",1
9,1,106,"[3, 3, 3, 3, 3, 7, 4, 3, 3, 3]","[0, 0, 0, 0, 0, 0, 0, 1, 0, 0]",1
9,1,107,"[3, 4, 6, 1, 1, 4, 3, 6, 2, 4]","[0, 1, 0, 0, 0, 0, 0, 0, 0, 0]",1
9,1,108,"[4, 4, 4, 3, 5, 4, 5, 5, 5, 4]","[0, 0, 0, 0, 0, 1, 0, 1, 0, 0]",1
9,1,109,"[4, 2, 4, 5, 5, 3, 4, 4, 2, 6]","[0, 0, 0, 0, 0, 1, 0, 0, 1, 0]",1
9,1,110,"[4, 3, 4, 5, 3, 2, 9, 3, 2, 4]","[0, 0, 0, 0, 0, 0, 1, 0, 1, 0]",1
9,1,111,"[5, 5, 5, 4, 5, 4, 5, 4, 4, 4]","[0, 1, 0, 0, 0, 1, 1, 0, 0, 0]",1
9,1,112,"[5, 5, 4, 5, 5, 5, 4, 5, 5, 5]","[1, 1, 1, 0, 0, 1, 1, 1, 1, 1]",1
9,1,113,"[6, 5, 7, 7, 6, 6, 5, 6, 6, 6]","[1, 0, 1, 0, 0, 1, 0, 0, 0, 0]",1
9,1,114,"[4, 3, 5, 1, 4, 2, 4, 4, 4, 4]","[0, 0, 0, 0, 0, 1, 0, 0, 0, 0]",1
9,1,115,"[4, 4, 4, 5, 5, 4, 4, 4, 5, 4]","[0, 0, 0, 0, 0, 0, 1, 0, 0, 1]",1
9,1,116,"[5, 5, 5, 4, 4, 6, 5, 5, 5, 6]","[0, 0, 0, 1, 0, 0, 0, 0, 0, 1]",1
9,1,117,"[4, 9, 3, 4, 3, 3, 3, 3, 3, 3]","[0, 0, 0, 0, 0, 0, 0, 1, 0, 0]",1
9,1,118,"[5, 4, 5, 4, 8, 5, 8, 5, 4, 6]","[1, 0, 0, 0, 0, 0, 1, 0, 0, 0]",1
9,1,119,"[4, 4, 7, 5, 7, 4, 4, 4, 4, 4]","[0, 0, 1, 0, 0, 0, 0, 0, 0, 0]",1
9,1,120,"[6, 7, 6, 5, 2, 7, 4, 4, 6, 5]","[0, 1, 1, 0, 1, 0, 1, 0, 0, 1]",1
9,1,121,"[5, 5, 5, 4, 5, 6, 4, 5, 5, 5]","[0, 1, 0, 0, 0, 1, 1, 0, 0, 0]",1
9,1,122,"[4, 4, 4, 4, 4, 4, 7, 4, 3, 4]","[0, 0, 0, 0, 0, 1, 1, 0, 0, 0]",1
9,1,123,"[5, 5, 4, 3, 4, 5, 2, 4, 4, 4]","[0, 0, 0, 1, 1, 0, 0, 0, 0, 0]",1
9,1,124,"[3, 5, 5, 4, 5, 5, 5, 7, 3, 3]","[0, 0, 0, 0, 0, 0, 1, 1, 0, 0]",1
9,1,125,"[3, 3, 3, 3, 3, 3, 5, 4, 3, 1]","[0, 0, 0, 0, 1, 0, 0, 1, 0, 0]",1
9,1,126,"[2, 8, 5, 3, 5, 3, 5, 5, 5, 5]","[0, 0, 1, 0, 1, 0, 0, 0, 0, 0]",1
9,1,127,"[4, 3, 4, 4, 4, 5, 4, 4, 5, 4]","[0, 0, 1, 0, 0, 0, 1, 0, 0, 0]",1
9,1,128,"[5, 5, 4, 8, 6, 7, 4, 6, 6, 7]","[1, 0, 1, 1, 1, 1, 1, 1, 1, 0]",1
9,1,129,"[2, 4, 3, 6, 7, 5, 5, 3, 6, 7]","[0, 0, 0, 0, 0, 1, 0, 0, 0, 0]",1
9,1,130,"[8, 5, 5, 5, 5, 6, 5, 5, 5, 8]","[1, 1, 0, 0, 0, 1, 1, 0, 1, 0]",1
9,1,131,"[1, 7, 1, 5, 1, 1, 5, 4, 5, 1]","[0, 0, 0, 1, 0, 1, 1, 1, 0, 1]",1
9,1,132,"[5, 4, 2, 3, 4, 3, 6, 4, 3, 2]","[0, 0, 0, 1, 0, 0, 0, 0, 0, 0]",1
9,1,133,"[3, 2, 3, 3, 2, 3, 4, 4, 3, 3]","[0, 0, 0, 0, 1, 0, 0, 0, 0, 0]",1
9,1,134,"[2, 3, 4, 3, 3, 3, 4, 3, 4, 3]","[0, 0, 0, 0, 0, 0, 1, 0, 0, 0]",1
9,1,135,"[4, 4, 6, 4, 5, 3, 6, 5, 3, 4]","[1, 0, 1, 0, 0, 0, 1, 0, 0, 0]",1
9,1,136,"[5, 5, 4, 3, 6, 4, 5, 4, 4, 5]","[0, 0, 0, 0, 1, 0, 0, 0, 1, 1]",1
9,1,137,"[1, 4, 2, 2, 3, 1, 2, 4, 1, 4]","[0, 0, 0, 0, 0, 1, 1, 0, 0, 0]",1
9,1,138,"[7, 7, 7, 7, 7, 7, 7, 7, 8, 6]","[1, 1, 0, 0, 1, 1, 0, 0, 0, 0]",1
9,1,139,"[4, 3, 3, 2, 3, 5, 7, 3, 6, 4]","[0, 0, 0, 0, 0, 0, 0, 0, 0, 0]",1
9,1,140,"[5, 3, 4, 6, 5, 5, 6, 3, 3, 5]","[1, 0, 0, 1, 0, 1, 1, 0, 1, 1]",1
9,1,141,"[2, 4, 3, 4, 5, 4, 5, 2, 1, 5]","[0, 0, 1, 0, 0, 0, 1, 0, 0, 0]",1
9,1,142,"[7, 3, 6, 9, 2, 3, 5, 2, 3, 2]","[1, 0, 0, 1, 0, 0, 0, 0, 0, 1]",1
9,1,143,"[3, 3, 3, 4, 3, 3, 4, 4, 3, 3]","[0, 0, 0, 0, 0, 0, 0, 0, 0, 0]",1
9,1,144,"[7, 5, 7, 6, 5, 8, 7, 7, 7, 7]","[1, 1, 1, 1, 1, 0, 1, 0, 1, 0]",1
9,1,145,"[5, 5, 5, 5, 5, 5, 5, 4, 3, 3]","[1, 0, 0, 0, 0, 0, 0, 0, 1, 1]",1
9,1,146,"[3, 4, 4, 4, 4, 4, 4, 4, 3, 3]","[1, 1, 0, 1, 1, 1, 0, 1, 0, 0]",1
9,1,147,"[4, 3, 5, 5, 5, 6, 4, 4, 5, 5]","[0, 0, 1, 1, 0, 1, 1, 1, 0, 0]",1
9,1,148,"[6, 5, 4, 4, 5, 4, 5, 5, 6, 4]","[0, 0, 0, 0, 0, 0, 1, 0, 1, 1]",1
9,1,149,"[3, 5, 3, 3, 2, 4, 3, 5, 4, 3]","[0, 0, 0, 1, 1, 0, 0, 0, 0, 0]",1
9,1,150,"[3, 5, 4, 5, 4, 4, 3, 6, 4, 3]","[0, 0, 0, 1, 1, 0, 0, 0, 1, 0]",1
9,1,151,"[3, 4, 2, 3, 3, 3, 4, 4, 3, 8]","[0, 1, 0, 0, 0, 0, 1, 0, 0, 0]",1
9,1,152,"[3, 2, 4, 3, 3, 2, 3, 2, 3, 3]","[0, 0, 0, 0, 1, 0, 0, 0, 0, 0]",1
9,1,153,"[2, 4, 1, 3, 4, 4, 3, 2, 3, 6]","[0, 1, 0, 0, 0, 0, 0, 0, 1, 0]",1
9,1,154,"[3, 3, 3, 3, 2, 1, 2, 3, 4, 3]","[0, 0, 0, 0, 0, 0, 0, 0, 0, 0]",1
9,1,155,"[4, 4, 5, 1, 4, 4, 4, 4, 4, 1]","[0, 0, 0, 0, 0, 0, 0, 0, 1, 0]",1
9,1,156,"[3, 3, 3, 3, 4, 3, 3, 3, 2, 3]","[0, 0, 0, 0, 0, 1, 0, 0, 1, 0]",1
9,1,157,"[5, 5, 3, 3, 3, 4, 4, 4, 3, 4]","[0, 1, 0, 0, 0, 1, 0, 0, 1, 0]",1
9,1,158,"[2, 2, 3, 2, 2, 2, 3, 2, 2, 2]","[0, 0, 0, 0, 0, 0, 0, 0, 0, 0]",1
9,1,159,"[9, 6, 6, 6, 6, 6, 6, 6, 6, 6]","[1, 0, 1, 0, 1, 1, 0, 1, 1, 0]",1
9,1,160,"[4, 7, 5, 2, 3, 8, 4, 5, 4, 4]","[1, 0, 0, 0, 1, 1, 1, 1, 1, 0]",1
9,1,161,"[6, 5, 6, 5, 5, 5, 6, 5, 4, 5]","[1, 0, 0, 1, 0, 1, 0, 0, 0, 1]",1
9,1,162,"[6, 8, 7, 9, 6, 7, 5, 8, 4, 1]","[0, 0, 0, 0, 1, 0, 1, 0, 0, 0]",1
9,1,163,"[3, 4, 4, 5, 6, 4, 5, 5, 3, 4]","[0, 0, 0, 1, 1, 0, 0, 0, 0, 0]",1
9,1,164,"[9, 9, 9, 9, 9, 9, 9, 9, 9, 9]","[0, 0, 1, 1, 0, 0, 0, 0, 1, 1]",1
9,1,165,"[3, 3, 3, 4, 3, 3, 3, 3, 2, 3]","[0, 0, 0, 1, 0, 0, 0, 0, 0, 0]",1
9,1,166,"[2, 2, 2, 6, 3, 9, 9, 6, 8, 8]","[0, 0, 1, 1, 0, 1, 1, 1, 0, 0]",1
9,1,167,"[9, 9, 9, 8, 9, 1, 8, 8, 9, 9]","[0, 1, 1, 0, 1, 0, 1, 0, 0, 0]",1
9,1,168,"[3, 7, 6, 4, 3, 5, 4, 3, 7, 5]","[0, 1, 1, 0, 0, 0, 1, 0, 1, 0]",1
9,1,169,"[6, 7, 6, 6, 4, 5, 7, 5, 6, 6]","[0, 0, 0, 0, 1, 0, 0, 1, 0, 0]",1
9,1,170,"[5, 4, 3, 5, 3, 3, 5, 5, 6, 4]","[0, 0, 0, 0, 0, 0, 1, 0, 1, 1]",1
9,1,171,"[4, 7, 2, 7, 7, 7, 7, 7, 8, 5]","[1, 1, 0, 1, 1, 1, 1, 0, 1, 1]",1
9,1,172,"[5, 3, 3, 4, 7, 5, 4, 3, 4, 3]","[0, 0, 0, 0, 1, 0, 0, 0, 0, 0]",1
9,1,173,"[5, 3, 3, 4, 2, 3, 3, 3, 3, 4]","[0, 0, 0, 1, 0, 0, 0, 1, 0, 0]",1
9,1,174,"[5, 9, 5, 4, 4, 5, 7, 4, 4, 4]","[0, 1, 0, 0, 1, 1, 1, 0, 0, 0]",1
9,1,175,"[4, 4, 1, 4, 3, 4, 3, 3, 4, 4]","[0, 0, 0, 1, 0, 1, 1, 0, 0, 0]",1
9,1,176,"[4, 7, 6, 8, 8, 8, 1, 8, 9, 8]","[0, 1, 0, 1, 1, 0, 0, 1, 1, 1]",1
9,1,177,"[7, 5, 4, 2, 5, 4, 5, 4, 4, 6]","[1, 0, 0, 0, 0, 0, 0, 0, 1, 1]",1
9,1,178,"[6, 3, 1, 8, 3, 5, 5, 6, 6, 1]","[1, 1, 1, 1, 0, 1, 0, 1, 0, 1]",1
9,1,179,"[4, 3, 3, 7, 6, 3, 3, 5, 5, 4]","[0, 0, 0, 1, 0, 0, 1, 0, 0, 1]",1
9,1,180,"[3, 2, 3, 2, 2, 2, 7, 2, 3, 3]","[0, 0, 0, 0, 0, 0, 0, 1, 0, 0]",1
9,1,181,"[5, 3, 6, 1, 4, 5, 5, 5, 4, 3]","[1, 1, 1, 0, 1, 1, 0, 1, 0, 0]",1
9,1,182,"[5, 4, 5, 4, 5, 4, 4, 4, 4, 4]","[0, 0, 0, 0, 1, 0, 0, 0, 0, 0]",1
9,1,183,"[5, 4, 5, 5, 7, 4, 6, 6, 6, 4]","[0, 0, 0, 0, 1, 0, 0, 0, 0, 0]",1
9,1,184,"[3, 4, 4, 4, 1, 4, 4, 3, 3, 1]","[0, 0, 0, 0, 0, 0, 0, 1, 0, 1]",1
9,1,185,"[8, 6, 7, 3, 6, 3, 7, 7, 9, 8]","[0, 1, 1, 0, 0, 0, 0, 0, 1, 1]",1
9,1,186,"[3, 5, 4, 3, 5, 2, 6, 5, 4, 6]","[0, 1, 0, 0, 0, 0, 0, 1, 0, 0]",1
9,1,187,"[5, 5, 3, 4, 4, 4, 5, 2, 4, 3]","[1, 1, 0, 0, 0, 1, 0, 1, 1, 0]",1
9,1,188,"[4, 3, 4, 6, 4, 3, 3, 4, 3, 4]","[1, 0, 0, 1, 0, 0, 0, 0, 0, 0]",1
9,1,189,"[3, 3, 3, 3, 3, 3, 2, 3, 5, 3]","[0, 0, 0, 0, 0, 0, 0, 0, 1, 0]",1
9,1,190,"[4, 2, 5, 2, 3, 6, 3, 2, 7, 2]","[0, 0, 0, 0, 0, 0, 0, 0, 0, 0]",1
9,1,191,"[2, 3, 3, 3, 3, 3, 4, 4, 3, 3]","[0, 0, 0, 0, 1, 1, 0, 1, 0, 1]",1
9,1,192,"[4, 4, 4, 3, 1, 5, 5, 5, 3, 4]","[1, 0, 0, 0, 0, 0, 0, 0, 0, 0]",1
9,1,193,"[5, 6, 6, 8, 5, 7, 2, 6, 6, 6]","[0, 1, 1, 0, 1, 1, 0, 0, 1, 0]",1
9,1,194,"[4, 3, 3, 4, 2, 5, 5, 4, 3, 2]","[0, 1, 1, 0, 0, 1, 1, 1, 0, 0]",1
9,1,195,"[1, 1, 3, 3, 1, 1, 1, 7, 4, 2]","[0, 0, 0, 0, 0, 0, 1, 0, 0, 0]",1
9,1,196,"[3, 4, 3, 3, 3, 9, 3, 4, 4, 3]","[1, 1, 0, 0, 0, 1, 0, 0, 1, 1]",1
9,1,197,"[5, 8, 4, 4, 5, 5, 9, 5, 5, 5]","[0, 1, 0, 0, 1, 1, 1, 0, 1, 0]",1
9,1,198,"[6, 6, 4, 5, 2, 5, 5, 4, 5, 5]","[0, 0, 0, 0, 0, 0, 0, 0, 0, 0]",1
9,1,199,"[2, 2, 2, 2, 1, 2, 2, 2, 2, 3]","[0, 0, 0, 0, 0, 0, 1, 0, 0, 0]",1
9,1,200,"[3, 4, 3, 3, 3, 3, 3, 4, 3, 3]","[0, 0, 0, 0, 0, 0, 0, 0, 0, 0]",1
9,1,201,"[4, 6, 7, 8, 4, 5, 4, 3, 4, 4]","[0, 1, 1, 1, 0, 0, 0, 1, 0, 0]",1
9,1,202,"[5, 5, 5, 5, 4, 5, 3, 5, 5, 5]","[0, 0, 0, 0, 1, 0, 0, 1, 0, 1]",1
9,1,203,"[5, 4, 4, 3, 4, 6, 4, 4, 4, 3]","[0, 0, 1, 1, 0, 0, 0, 1, 0, 1]",1
9,1,204,"[3, 3, 4, 3, 4, 3, 3, 3, 3, 3]","[0, 0, 0, 0, 0, 0, 1, 1, 0, 0]",1
9,1,205,"[9, 5, 8, 9, 9, 9, 9, 9, 8, 9]","[1, 0, 0, 0, 0, 1, 0, 1, 0, 1]",1
9,1,206,"[2, 2, 6, 2, 2, 2, 2, 2, 2, 2]","[0, 0, 0, 1, 0, 0, 0, 0, 1, 0]",1
9,1,207,"[3, 3, 3, 4, 3, 3, 3, 3, 3, 3]","[0, 0, 0, 0, 0, 0, 0, 0, 0, 0]",1
9,1,208,"[5, 5, 5, 5, 4, 5, 5, 5, 5, 4]","[1, 1, 0, 0, 0, 1, 0, 0, 0, 0]",1
9,1,209,"[3, 5, 4, 5, 5, 4, 4, 5, 5, 6]","[0, 0, 0, 1, 0, 1, 0, 0, 0, 0]",1
10,0,0,"[4, 3, 8, 4, 4, 8, 8, 3, 1, 2]","[0, 0, 0, 0, 0, 0, 0, 0, 0, 0]",1
10,0,1,"[5, 8, 5, 8, 4, 4, 6, 6, 5, 5]","[0, 1, 0, 1, 0, 0, 0, 0, 0, 0]",1
10,0,2,"[8, 2, 9, 9, 8, 8, 8, 9, 5, 5]","[0, 0, 0, 0, 0, 0, 0, 0, 0, 0]",1
10,0,3,"[5, 6, 7, 8, 4, 6, 6, 6, 5, 3]","[0, 0, 0, 0, 0, 0, 0, 0, 0, 0]",1
10,0,4,"[5, 4, 2, 3, 3, 2, 4, 4, 9, 4]","[0, 1, 0, 0, 0, 0, 0, 0, 1, 0]",1
10,0,5,"[3, 5, 6, 4, 6, 6, 8, 7, 4, 6]","[0, 0, 0, 0, 0, 0, 0, 1, 0, 0]",1
10,0,6,"[5, 4, 7, 4, 3, 7, 4, 3, 9, 8]","[1, 0, 1, 0, 1, 0, 0, 0, 0, 1]",1
10,0,7,"[8, 7, 7, 7, 8, 8, 7, 7, 7, 7]","[1, 1, 0, 1, 0, 0, 0, 0, 1, 1]",1
10,0,8,"[5, 5, 5, 5, 5, 5, 9, 5, 5, 5]","[1, 1, 0, 0, 1, 0, 0, 0, 0, 0]",1
10,0,9,"[4, 4, 4, 2, 4, 6, 6, 5, 4, 4]","[0, 1, 1, 0, 0, 0, 1, 1, 0, 1]",1
10,0,10,"[7, 5, 6, 5, 6, 5, 5, 4, 8, 2]","[0, 0, 1, 0, 0, 0, 1, 0, 0, 0]",1
10,0,11,"[5, 5, 5, 5, 5, 4, 5, 4, 5, 6]","[0, 0, 0, 0, 0, 0, 0, 0, 0, 0]",1
10,0,12,"[6, 6, 6, 6, 6, 6, 7, 5, 6, 6]","[0, 0, 1, 0, 1, 1, 0, 0, 0, 0]",1
10,0,13,"[6, 6, 3, 6, 7, 5, 7, 5, 5, 7]","[0, 0, 0, 0, 0, 0, 1, 1, 0, 1]",1
10,0,14,"[5, 6, 5, 6, 5, 6, 4, 5, 5, 5]","[0, 0, 0, 0, 0, 0, 0, 0, 0, 0]",1
10,0,15,"[4, 3, 5, 4, 4, 4, 5, 4, 5, 4]","[0, 0, 0, 0, 0, 0, 0, 0, 0, 0]",1
10,0,16,"[1, 7, 1, 7, 7, 8, 4, 8, 8, 2]","[0, 0, 0, 1, 0, 0, 0, 0, 0, 0]",1
10,0,17,"[4, 3, 6, 7, 7, 3, 7, 7, 7, 8]","[0, 0, 0, 1, 1, 0, 1, 0, 0, 1]",1
10,0,18,"[6, 7, 6, 7, 6, 7, 6, 7, 6, 6]","[0, 1, 1, 0, 0, 0, 0, 0, 0, 0]",1
10,0,19,"[3, 8, 4, 4, 4, 4, 4, 4, 1, 5]","[1, 0, 0, 0, 0, 0, 0, 0, 0, 1]",1
10,0,20,"[5, 4, 6, 5, 7, 5, 7, 6, 3, 4]","[0, 1, 0, 0, 0, 0, 0, 0, 0, 0]",1
10,0,21,"[9, 9, 8, 9, 7, 6, 4, 4, 7, 3]","[0, 0, 0, 0, 0, 0, 0, 0, 0, 0]",1
10,0,22,"[3, 3, 3, 3, 3, 4, 3, 3, 3, 6]","[0, 0, 0, 0, 0, 0, 0, 1, 0, 0]",1
10,0,23,"[4, 3, 4, 5, 4, 3, 3, 5, 3, 5]","[0, 1, 1, 0, 0, 0, 0, 0, 0, 0]",1
10,0,24,"[7, 4, 4, 6, 7, 3, 5, 1, 7, 1]","[0, 1, 0, 0, 0, 0, 0, 0, 0, 0]",1
10,0,25,"[5, 6, 7, 6, 5, 6, 7, 6, 6, 6]","[1, 0, 0, 0, 1, 0, 0, 1, 0, 1]",1
10,0,26,"[9, 7, 9, 7, 9, 9, 9, 7, 9, 9]","[0, 0, 1, 0, 1, 0, 1, 0, 0, 0]",1
10,0,27,"[7, 6, 6, 6, 6, 6, 6, 5, 6, 6]","[1, 0, 1, 0, 1, 1, 0, 0, 0, 0]",1
10,0,28,"[5, 5, 6, 5, 5, 8, 5, 5, 5, 5]","[0, 0, 0, 0, 0, 0, 0, 0, 0, 0]",1
10,0,29,"[9, 9, 9, 9, 9, 9, 9, 9, 9, 9]","[0, 0, 0, 0, 0, 0, 0, 1, 0, 0]",1
10,0,30,"[6, 7, 7, 8, 5, 6, 8, 7, 7, 7]","[0, 0, 0, 0, 1, 0, 0, 0, 0, 0]",1
10,0,31,"[3, 2, 6, 4, 4, 5, 4, 6, 4, 8]","[0, 0, 0, 0, 0, 0, 0, 0, 0, 0]",1
10,0,32,"[4, 4, 5, 6, 5, 3, 8, 5, 5, 5]","[1, 0, 0, 0, 0, 0, 0, 1, 0, 0]",1
10,0,33,"[3, 3, 3, 3, 3, 6, 4, 3, 3, 3]","[0, 0, 0, 0, 0, 0, 0, 0, 0, 0]",1
10,0,34,"[7, 6, 6, 7, 7, 7, 7, 6, 5, 6]","[1, 0, 0, 0, 0, 1, 1, 0, 1, 0]",1
10,0,35,"[6, 5, 4, 4, 4, 4, 2, 3, 4, 2]","[0, 0, 1, 0, 0, 1, 0, 0, 1, 0]",1
10,0,36,"[9, 8, 2, 9, 8, 8, 5, 3, 7, 3]","[1, 0, 0, 1, 0, 0, 0, 0, 0, 0]",1
10,0,37,"[5, 6, 5, 4, 8, 7, 4, 7, 5, 5]","[0, 1, 0, 0, 1, 0, 1, 1, 0, 1]",1
10,0,38,"[6, 6, 5, 5, 5, 4, 4, 7, 4, 2]","[1, 0, 0, 0, 0, 0, 0, 0, 0, 0]",1
10,0,39,"[3, 1, 2, 1, 1, 1, 1, 1, 1, 1]","[0, 0, 0, 1, 0, 0, 0, 0, 1, 0]",1
10,0,40,"[3, 3, 3, 3, 3, 3, 3, 4, 3, 3]","[1, 0, 0, 0, 0, 0, 0, 0, 0, 0]",1
10,0,41,"[4, 3, 4, 6, 3, 4, 4, 1, 5, 4]","[0, 0, 1, 0, 0, 0, 1, 1, 0, 0]",1
10,0,42,"[3, 3, 3, 3, 3, 3, 3, 5, 3, 3]","[0, 1, 0, 0, 0, 0, 0, 1, 0, 0]",1
10,0,43,"[5, 3, 4, 4, 5, 4, 5, 5, 4, 4]","[0, 0, 0, 0, 0, 0, 0, 0, 0, 0]",1
10,0,44,"[4, 6, 6, 6, 4, 2, 6, 5, 7, 4]","[1, 1, 0, 0, 0, 0, 0, 0, 0, 0]",1
10,0,45,"[2, 3, 4, 3, 5, 4, 3, 4, 4, 9]","[0, 1, 1, 0, 0, 0, 0, 0, 0, 0]",1
10,0,46,"[3, 3, 3, 3, 5, 3, 3, 2, 3, 3]","[0, 0, 0, 0, 0, 0, 0, 0, 0, 0]",1
10,0,47,"[5, 6, 7, 9, 6, 8, 6, 6, 6, 7]","[1, 0, 0, 1, 0, 1, 0, 1, 0, 0]",1
10,0,48,"[5, 5, 5, 5, 6, 5, 6, 5, 4, 5]","[0, 0, 0, 0, 0, 0, 1, 0, 0, 0]",1
10,0,49,"[4, 4, 3, 5, 4, 4, 5, 5, 7, 5]","[0, 0, 0, 0, 0, 0, 0, 1, 0, 0]",1
10,0,50,"[5, 7, 8, 7, 6, 7, 7, 8, 8, 7]","[1, 1, 1, 1, 0, 0, 0, 0, 0, 0]",1
10,0,51,"[6, 5, 6, 5, 7, 4, 5, 5, 8, 5]","[0, 0, 0, 1, 0, 0, 0, 0, 0, 0]",1
10,0,52,"[5, 3, 3, 3, 2, 3, 3, 4, 4, 2]","[0, 0, 0, 0, 0, 1, 0, 1, 0, 1]",1
10,0,53,"[4, 3, 4, 4, 4, 3, 4, 4, 4, 4]","[1, 0, 0, 0, 0, 0, 0, 0, 0, 0]",1
10,0,54,"[7, 8, 7, 9, 9, 6, 8, 6, 3, 5]","[1, 0, 0, 1, 1, 0, 0, 0, 0, 0]",1
10,0,55,"[6, 4, 5, 4, 5, 5, 6, 5, 4, 5]","[0, 0, 0, 0, 1, 0, 0, 0, 1, 0]",1
10,0,56,"[1, 5, 1, 1, 1, 5, 5, 3, 1, 1]","[0, 1, 0, 0, 1, 0, 1, 0, 0, 0]",1
10,0,57,"[4, 3, 2, 4, 5, 4, 4, 4, 4, 5]","[0, 0, 0, 0, 0, 0, 0, 0, 0, 0]",1
10,0,58,"[6, 7, 4, 5, 2, 6, 6, 6, 4, 6]","[0, 0, 0, 0, 1, 0, 0, 0, 0, 0]",1
10,0,59,"[4, 5, 4, 5, 6, 5, 4, 4, 6, 4]","[0, 0, 0, 0, 0, 0, 0, 0, 0, 0]",1
10,0,60,"[4, 4, 6, 3, 2, 4, 3, 2, 4, 7]","[0, 0, 0, 0, 0, 0, 0, 0, 0, 0]",1
10,0,61,"[5, 4, 5, 4, 8, 4, 4, 4, 4, 4]","[0, 1, 0, 0, 0, 1, 1, 0, 0, 0]",1
10,0,62,"[9, 9, 9, 9, 9, 9, 9, 9, 3, 9]","[1, 0, 0, 1, 0, 1, 0, 0, 0, 0]",1
10,0,63,"[6, 6, 6, 7, 4, 6, 6, 6, 5, 4]","[0, 0, 1, 0, 0, 1, 1, 0, 0, 1]",1
10,0,64,"[5, 8, 3, 3, 4, 4, 8, 4, 5, 5]","[0, 0, 0, 0, 0, 0, 1, 0, 0, 0]",1
10,0,65,"[6, 5, 3, 5, 5, 5, 6, 4, 5, 4]","[1, 0, 0, 0, 0, 0, 0, 0, 0, 0]",1
10,0,66,"[7, 4, 5, 4, 5, 4, 4, 6, 5, 5]","[0, 0, 0, 0, 0, 0, 0, 1, 1, 0]",1
10,0,67,"[3, 4, 3, 4, 5, 5, 4, 4, 4, 1]","[0, 0, 0, 0, 0, 0, 0, 1, 1, 0]",1
10,0,68,"[9, 4, 5, 5, 5, 6, 5, 7, 5, 5]","[0, 0, 1, 1, 1, 0, 0, 0, 0, 0]",1
10,0,69,"[3, 5, 4, 2, 4, 3, 3, 4, 6, 3]","[0, 0, 0, 0, 0, 0, 0, 0, 0, 0]",1
10,0,70,"[6, 3, 6, 6, 6, 6, 6, 6, 6, 7]","[1, 0, 1, 0, 0, 0, 0, 0, 0, 0]",1
10,0,71,"[5, 4, 5, 5, 4, 4, 5, 5, 5, 5]","[0, 0, 0, 0, 0, 0, 0, 1, 1, 0]",1
10,0,72,"[4, 4, 4, 5, 4, 2, 5, 4, 7, 5]","[0, 1, 0, 0, 0, 0, 0, 0, 1, 0]",1
10,0,73,"[5, 5, 3, 5, 5, 2, 7, 5, 7, 8]","[0, 1, 0, 1, 0, 1, 1, 1, 0, 1]",1
10,0,74,"[4, 6, 2, 5, 3, 2, 2, 2, 4, 4]","[0, 1, 0, 0, 1, 0, 0, 0, 0, 1]",1
10,0,75,"[4, 3, 2, 3, 3, 7, 4, 3, 2, 3]","[1, 0, 0, 1, 0, 0, 0, 0, 0, 0]",1
10,0,76,"[6, 3, 3, 5, 4, 4, 4, 4, 3, 4]","[0, 0, 0, 0, 0, 0, 0, 0, 0, 1]",1
10,0,77,"[1, 9, 6, 7, 6, 7, 6, 8, 3, 6]","[0, 0, 1, 1, 0, 1, 0, 0, 0, 1]",1
10,0,78,"[5, 4, 5, 4, 5, 4, 5, 5, 4, 5]","[0, 0, 0, 0, 0, 0, 0, 0, 1, 0]",1
10,0,79,"[4, 6, 3, 4, 7, 6, 7, 6, 6, 5]","[1, 0, 0, 0, 1, 1, 1, 1, 0, 0]",1
10,0,80,"[9, 9, 6, 7, 8, 6, 6, 8, 7, 8]","[1, 0, 0, 0, 0, 1, 0, 0, 0, 0]",1
10,0,81,"[1, 6, 4, 5, 7, 4, 7, 5, 4, 4]","[0, 1, 0, 0, 0, 0, 0, 0, 0, 0]",1
10,0,82,"[5, 5, 5, 4, 4, 5, 6, 5, 5, 4]","[0, 0, 0, 0, 0, 0, 0, 0, 1, 0]",1
10,0,83,"[8, 8, 3, 5, 3, 8, 5, 4, 4, 8]","[0, 1, 0, 1, 0, 0, 0, 0, 1, 0]",1
10,0,84,"[2, 6, 3, 2, 2, 5, 2, 2, 7, 2]","[0, 0, 0, 0, 1, 1, 1, 0, 1, 0]",1
10,0,85,"[5, 6, 6, 6, 6, 7, 6, 6, 6, 6]","[0, 0, 0, 1, 0, 1, 0, 0, 0, 0]",1
10,0,86,"[8, 1, 9, 9, 9, 6, 9, 9, 9, 8]","[1, 0, 0, 0, 0, 0, 0, 0, 0, 1]",1
10,0,87,"[1, 3, 5, 4, 6, 8, 5, 4, 3, 5]","[0, 0, 0, 0, 0, 0, 0, 1, 0, 1]",1
10,0,88,"[5, 6, 1, 5, 5, 4, 4, 4, 5, 5]","[0, 0, 0, 0, 1, 0, 0, 0, 0, 0]",1
10,0,89,"[7, 6, 6, 8, 6, 6, 5, 6, 6, 6]","[0, 0, 0, 0, 0, 0, 0, 0, 0, 0]",1
10,0,90,"[9, 9, 9, 9, 9, 9, 9, 9, 9, 9]","[1, 0, 0, 0, 0, 0, 0, 0, 0, 0]",1
10,0,91,"[5, 5, 5, 1, 5, 6, 5, 6, 5, 4]","[0, 0, 0, 0, 0, 0, 0, 0, 0, 0]",1
10,0,92,"[4, 3, 3, 9, 4, 4, 3, 5, 7, 7]","[0, 1, 0, 1, 0, 0, 0, 0, 0, 0]",1
10,0,93,"[1, 4, 6, 1, 1, 2, 3, 2, 3, 6]","[1, 0, 1, 0, 0, 0, 0, 0, 0, 1]",1
10,0,94,"[5, 5, 7, 5, 5, 8, 9, 7, 5, 7]","[0, 0, 1, 0, 0, 0, 0, 0, 0, 1]",1
10,0,95,"[6, 2, 2, 2, 2, 1, 2, 2, 2, 2]","[0, 0, 0, 0, 0, 0, 0, 0, 0, 0]",1
10,0,96,"[5, 4, 5, 4, 4, 4, 3, 4, 6, 4]","[0, 0, 0, 1, 0, 0, 0, 1, 0, 0]",1
10,0,97,"[4, 2, 5, 5, 6, 4, 6, 3, 5, 7]","[0, 0, 0, 0, 0, 0, 0, 0, 0, 0]",1
10,0,98,"[9, 9, 9, 9, 9, 9, 9, 9, 9, 9]","[0, 0, 0, 0, 0, 0, 0, 1, 0, 1]",1
10,0,99,"[2, 8, 3, 1, 3, 5, 5, 2, 1, 3]","[0, 0, 1, 0, 0, 0, 1, 0, 1, 0]",1
10,0,100,"[2, 3, 2, 4, 4, 4, 3, 3, 3, 2]","[0, 0, 0, 0, 0, 0, 0, 1, 0, 0]",1
10,0,101,"[8, 5, 8, 4, 5, 8, 8, 4, 8, 9]","[0, 0, 0, 0, 0, 0, 0, 0, 0, 0]",1
10,0,102,"[7, 5, 7, 8, 6, 6, 7, 2, 7, 8]","[0, 0, 0, 0, 0, 0, 0, 0, 1, 0]",1
10,0,103,"[7, 7, 1, 6, 7, 7, 7, 7, 2, 7]","[0, 0, 0, 0, 0, 1, 0, 1, 1, 0]",1
10,0,104,"[5, 6, 6, 5, 9, 6, 5, 5, 5, 9]","[0, 0, 1, 1, 1, 1, 0, 1, 0, 1]",1
10,0,105,"[8, 6, 5, 5, 6, 7, 4, 4, 7, 4]","[0, 0, 1, 0, 0, 0, 0, 1, 0, 0]",1
10,0,106,"[4, 5, 4, 3, 5, 4, 5, 5, 5, 3]","[0, 1, 0, 0, 0, 0, 0, 0, 0, 0]",1
10,0,107,"[5, 4, 5, 6, 2, 5, 5, 5, 5, 4]","[0, 1, 0, 0, 0, 0, 0, 0, 0, 0]",1
10,0,108,"[8, 8, 8, 9, 8, 9, 9, 5, 5, 9]","[0, 0, 0, 0, 0, 0, 0, 0, 0, 0]",1
10,0,109,"[7, 5, 6, 6, 6, 6, 4, 6, 6, 6]","[0, 0, 0, 0, 0, 0, 0, 0, 0, 0]",1
10,0,110,"[7, 8, 9, 7, 8, 8, 9, 7, 7, 9]","[1, 1, 0, 0, 0, 1, 0, 0, 0, 1]",1
10,0,111,"[9, 6, 7, 7, 7, 6, 7, 9, 7, 6]","[0, 0, 0, 0, 1, 1, 0, 0, 1, 1]",1
10,0,112,"[4, 4, 4, 4, 4, 4, 4, 5, 5, 5]","[0, 1, 0, 0, 0, 0, 0, 1, 0, 0]",1
10,0,113,"[5, 5, 5, 5, 4, 5, 2, 5, 5, 6]","[0, 1, 1, 0, 0, 1, 0, 0, 0, 0]",1
10,0,114,"[3, 1, 3, 4, 2, 3, 2, 4, 3, 4]","[0, 0, 0, 0, 0, 0, 0, 0, 0, 0]",1
10,0,115,"[9, 9, 9, 8, 9, 9, 5, 9, 9, 9]","[0, 0, 1, 0, 1, 1, 0, 0, 0, 0]",1
10,0,116,"[9, 9, 9, 9, 9, 9, 9, 9, 9, 9]","[1, 0, 1, 0, 1, 1, 0, 1, 0, 0]",1
10,0,117,"[5, 5, 5, 5, 4, 5, 5, 5, 3, 5]","[0, 1, 0, 1, 0, 0, 0, 1, 0, 0]",1
10,0,118,"[4, 7, 7, 6, 8, 7, 7, 6, 7, 7]","[0, 1, 0, 0, 0, 0, 0, 0, 0, 1]",1
10,0,119,"[4, 5, 6, 4, 6, 4, 5, 5, 4, 5]","[0, 0, 0, 0, 0, 0, 0, 0, 0, 1]",1
10,0,120,"[7, 7, 5, 6, 4, 4, 6, 7, 5, 5]","[0, 1, 0, 0, 0, 0, 1, 0, 1, 0]",1
10,0,121,"[4, 4, 4, 4, 3, 4, 4, 4, 4, 3]","[0, 1, 0, 0, 0, 0, 0, 0, 1, 0]",1
10,0,122,"[6, 4, 6, 6, 6, 6, 6, 5, 7, 6]","[0, 1, 1, 1, 0, 0, 0, 0, 1, 0]",1
10,0,123,"[7, 6, 6, 6, 6, 5, 7, 5, 5, 6]","[0, 0, 0, 0, 0, 0, 0, 0, 0, 0]",1
10,0,124,"[9, 9, 7, 6, 7, 8, 8, 8, 9, 3]","[1, 1, 1, 1, 0, 0, 1, 0, 0, 0]",1
10,0,125,"[5, 4, 5, 5, 5, 5, 5, 5, 5, 4]","[0, 0, 0, 0, 0, 0, 0, 0, 0, 0]",1
10,0,126,"[4, 2, 3, 4, 4, 3, 3, 3, 3, 6]","[0, 0, 1, 0, 0, 1, 0, 0, 0, 0]",1
10,0,127,"[5, 5, 5, 5, 7, 6, 5, 5, 5, 5]","[0, 1, 0, 0, 0, 0, 0, 0, 0, 0]",1
10,0,128,"[5, 6, 8, 8, 8, 7, 3, 6, 7, 6]","[0, 0, 0, 0, 0, 0, 0, 0, 0, 0]",1
10,0,129,"[8, 6, 7, 3, 6, 5, 3, 3, 8, 6]","[0, 0, 0, 0, 1, 0, 0, 0, 0, 0]",1
10,0,130,"[7, 7, 6, 5, 6, 7, 6, 8, 7, 7]","[0, 0, 0, 0, 0, 0, 0, 0, 0, 0]",1
10,0,131,"[8, 9, 7, 9, 7, 7, 8, 7, 9, 7]","[0, 0, 1, 1, 1, 1, 1, 0, 1, 1]",1
10,0,132,"[6, 4, 4, 3, 5, 3, 3, 4, 3, 5]","[0, 1, 0, 0, 0, 0, 0, 0, 0, 0]",1
10,0,133,"[9, 9, 9, 9, 9, 3, 9, 9, 9, 9]","[0, 0, 1, 0, 1, 0, 0, 1, 0, 1]",1
10,0,134,"[6, 7, 5, 6, 7, 6, 8, 4, 6, 7]","[1, 1, 1, 1, 1, 0, 1, 0, 0, 0]",1
10,0,135,"[5, 6, 5, 7, 5, 5, 6, 7, 7, 7]","[0, 1, 0, 1, 0, 0, 0, 1, 0, 0]",1
10,0,136,"[7, 8, 7, 7, 6, 7, 7, 8, 7, 7]","[1, 0, 0, 0, 1, 0, 0, 0, 1, 0]",1
10,0,137,"[6, 6, 3, 6, 3, 7, 6, 7, 2, 6]","[0, 0, 0, 0, 1, 0, 0, 0, 0, 0]",1
10,0,138,"[6, 6, 6, 6, 6, 6, 6, 6, 6, 6]","[0, 0, 0, 0, 0, 0, 1, 0, 1, 0]",1
10,0,139,"[4, 4, 5, 5, 3, 4, 3, 4, 4, 4]","[0, 0, 0, 0, 0, 1, 0, 0, 0, 0]",1
10,0,140,"[6, 7, 5, 5, 8, 8, 5, 5, 5, 5]","[0, 1, 1, 0, 1, 0, 0, 0, 0, 1]",1
10,0,141,"[2, 7, 6, 3, 2, 5, 4, 3, 3, 5]","[1, 0, 1, 0, 0, 0, 0, 0, 0, 0]",1
10,0,142,"[7, 4, 7, 7, 6, 4, 7, 7, 3, 2]","[0, 0, 0, 1, 1, 0, 1, 0, 0, 1]",1
10,0,143,"[5, 5, 3, 4, 5, 5, 5, 7, 5, 5]","[1, 0, 0, 0, 0, 0, 0, 1, 0, 0]",1
10,0,144,"[8, 6, 7, 6, 6, 6, 8, 7, 6, 8]","[0, 0, 0, 0, 1, 0, 0, 1, 0, 0]",1
10,0,145,"[6, 6, 5, 5, 6, 6, 6, 6, 6, 8]","[0, 0, 0, 0, 0, 0, 0, 0, 0, 0]",1
10,0,146,"[6, 6, 6, 6, 6, 6, 6, 6, 6, 6]","[0, 0, 1, 0, 0, 0, 0, 0, 0, 0]",1
10,0,147,"[3, 5, 6, 5, 4, 5, 5, 5, 7, 6]","[0, 0, 0, 0, 0, 0, 0, 0, 1, 0]",1
10,0,148,"[5, 5, 5, 3, 5, 4, 1, 5, 5, 4]","[0, 0, 0, 0, 0, 0, 0, 1, 0, 0]",1
10,0,149,"[6, 4, 3, 5, 7, 4, 4, 7, 4, 4]","[0, 0, 0, 0, 1, 0, 0, 1, 0, 1]",1
10,0,150,"[6, 5, 2, 4, 6, 5, 5, 6, 7, 6]","[1, 0, 0, 0, 0, 0, 1, 1, 0, 0]",1
10,0,151,"[8, 7, 4, 4, 5, 4, 3, 4, 7, 4]","[0, 0, 1, 0, 0, 0, 0, 0, 0, 0]",1
10,0,152,"[5, 4, 5, 6, 5, 3, 5, 4, 6, 5]","[0, 0, 0, 0, 0, 0, 0, 0, 0, 0]",1
10,0,153,"[5, 5, 5, 7, 5, 6, 5, 6, 6, 6]","[0, 0, 0, 0, 0, 0, 0, 0, 0, 0]",1
10,0,154,"[8, 7, 8, 7, 8, 7, 8, 8, 8, 8]","[1, 0, 1, 0, 0, 1, 1, 1, 0, 0]",1
10,0,155,"[8, 4, 4, 5, 5, 4, 5, 3, 5, 8]","[0, 0, 1, 0, 0, 0, 0, 0, 0, 1]",1
10,0,156,"[1, 2, 3, 2, 4, 2, 2, 3, 2, 2]","[0, 0, 0, 1, 0, 0, 0, 0, 0, 0]",1
10,0,157,"[6, 7, 6, 6, 5, 6, 5, 5, 5, 6]","[0, 0, 0, 0, 0, 0, 0, 1, 1, 1]",1
10,0,158,"[7, 7, 8, 7, 3, 7, 8, 7, 8, 8]","[1, 1, 1, 0, 0, 0, 0, 0, 0, 0]",1
10,0,159,"[7, 6, 6, 8, 6, 6, 6, 6, 6, 6]","[0, 0, 0, 0, 0, 0, 1, 0, 0, 0]",1
10,0,160,"[9, 9, 5, 5, 5, 9, 9, 5, 9, 6]","[0, 0, 0, 0, 0, 0, 0, 0, 1, 0]",1
10,0,161,"[5, 3, 5, 5, 5, 5, 5, 5, 5, 5]","[1, 0, 0, 0, 0, 0, 0, 0, 0, 0]",1
10,0,162,"[9, 9, 9, 9, 6, 6, 9, 8, 9, 9]","[0, 0, 0, 0, 0, 1, 0, 0, 0, 0]",1
10,0,163,"[4, 8, 6, 5, 9, 4, 4, 8, 8, 6]","[1, 0, 0, 1, 0, 1, 0, 1, 0, 0]",1
10,0,164,"[9, 9, 9, 9, 9, 9, 9, 9, 9, 9]","[0, 0, 1, 0, 1, 1, 1, 1, 0, 1]",1
10,0,165,"[5, 3, 6, 5, 6, 6, 4, 3, 5, 3]","[0, 0, 1, 0, 0, 1, 0, 0, 0, 0]",1
10,0,166,"[2, 8, 7, 7, 6, 3, 3, 7, 5, 8]","[0, 1, 0, 0, 1, 0, 0, 0, 1, 0]",1
10,0,167,"[6, 6, 6, 5, 5, 6, 6, 6, 6, 6]","[0, 0, 0, 1, 0, 0, 0, 1, 0, 0]",1
10,0,168,"[7, 5, 8, 5, 9, 8, 5, 6, 6, 4]","[0, 0, 1, 0, 0, 1, 1, 0, 1, 1]",1
10,0,169,"[7, 7, 7, 5, 6, 3, 6, 6, 7, 5]","[0, 1, 0, 0, 0, 0, 0, 0, 0, 0]",1
10,0,170,"[9, 9, 9, 9, 9, 3, 9, 8, 9, 9]","[0, 0, 0, 0, 0, 1, 0, 1, 0, 1]",1
10,0,171,"[2, 2, 6, 5, 5, 3, 2, 5, 9, 2]","[0, 0, 0, 0, 0, 1, 0, 0, 1, 0]",1
10,0,172,"[5, 6, 6, 9, 5, 6, 4, 4, 6, 3]","[0, 0, 0, 1, 0, 0, 0, 0, 0, 0]",1
10,0,173,"[9, 8, 9, 6, 5, 7, 8, 8, 7, 2]","[0, 0, 1, 0, 1, 0, 0, 0, 1, 0]",1
10,0,174,"[7, 7, 7, 5, 6, 7, 6, 6, 7, 6]","[0, 0, 0, 0, 0, 1, 1, 0, 0, 0]",1
10,0,175,"[5, 5, 6, 5, 5, 5, 6, 5, 5, 5]","[1, 0, 0, 0, 0, 0, 1, 0, 0, 0]",1
10,0,176,"[6, 5, 5, 6, 3, 6, 5, 3, 6, 7]","[0, 1, 1, 0, 0, 0, 0, 0, 0, 0]",1
10,0,177,"[1, 2, 3, 3, 2, 6, 3, 2, 4, 2]","[0, 0, 0, 0, 0, 1, 1, 0, 0, 0]",1
10,0,178,"[6, 6, 6, 7, 5, 6, 5, 7, 6, 7]","[1, 0, 0, 1, 0, 0, 0, 0, 0, 0]",1
10,0,179,"[6, 9, 5, 9, 6, 9, 4, 5, 9, 3]","[0, 0, 0, 1, 1, 1, 1, 0, 0, 0]",1
10,0,180,"[4, 3, 3, 3, 3, 3, 2, 3, 5, 3]","[0, 0, 0, 0, 0, 0, 0, 0, 0, 0]",1
10,0,181,"[8, 8, 8, 3, 8, 8, 6, 8, 8, 2]","[1, 1, 0, 0, 0, 0, 0, 0, 0, 0]",1
10,0,182,"[2, 9, 9, 3, 9, 5, 9, 4, 5, 3]","[0, 0, 0, 0, 1, 1, 0, 0, 1, 1]",1
10,0,183,"[8, 8, 8, 5, 4, 5, 5, 4, 5, 5]","[0, 0, 1, 0, 1, 0, 0, 0, 0, 0]",1
10,0,184,"[5, 4, 5, 4, 4, 5, 8, 5, 5, 4]","[0, 0, 0, 0, 0, 1, 0, 0, 0, 0]",1
10,0,185,"[7, 6, 7, 6, 7, 4, 7, 7, 8, 5]","[0, 1, 0, 0, 0, 0, 1, 0, 0, 0]",1
10,0,186,"[9, 9, 6, 7, 9, 9, 9, 9, 8, 2]","[0, 0, 1, 0, 1, 0, 1, 1, 0, 0]",1
10,0,187,"[2, 6, 6, 6, 6, 6, 5, 6, 7, 6]","[0, 0, 0, 0, 0, 1, 1, 0, 0, 1]",1
10,0,188,"[9, 9, 8, 7, 9, 7, 9, 8, 8, 8]","[1, 0, 0, 0, 1, 1, 0, 0, 1, 1]",1
10,0,189,"[6, 2, 5, 5, 4, 5, 5, 7, 5, 6]","[0, 0, 0, 0, 1, 0, 0, 0, 0, 0]",1
10,0,190,"[3, 3, 3, 3, 5, 4, 3, 4, 3, 6]","[0, 0, 0, 1, 0, 0, 0, 0, 0, 0]",1
10,0,191,"[3, 3, 3, 2, 4, 3, 9, 4, 4, 2]","[0, 0, 1, 0, 0, 0, 1, 0, 0, 0]",1
10,0,192,"[9, 9, 9, 9, 9, 9, 9, 9, 8, 9]","[0, 1, 0, 0, 1, 0, 0, 0, 0, 0]",1
10,0,193,"[6, 9, 5, 5, 7, 6, 4, 5, 6, 6]","[0, 0, 0, 1, 0, 0, 1, 1, 0, 0]",1
10,0,194,"[8, 5, 7, 4, 7, 5, 4, 7, 4, 5]","[0, 0, 0, 1, 0, 0, 0, 0, 0, 1]",1
10,0,195,"[4, 1, 3, 4, 5, 1, 3, 2, 3, 8]","[0, 0, 1, 1, 0, 0, 0, 1, 0, 0]",1
10,0,196,"[5, 5, 3, 2, 3, 3, 3, 3, 4, 6]","[0, 0, 0, 0, 0, 0, 1, 0, 0, 0]",1
10,0,197,"[7, 7, 7, 7, 7, 7, 8, 7, 7, 7]","[0, 0, 0, 1, 0, 0, 1, 0, 1, 0]",1
10,0,198,"[4, 2, 5, 3, 3, 4, 1, 4, 6, 3]","[0, 0, 1, 0, 0, 0, 0, 0, 0, 0]",1
10,0,199,"[5, 5, 3, 5, 5, 4, 5, 5, 5, 5]","[0, 0, 0, 0, 0, 0, 0, 0, 0, 0]",1
10,0,200,"[5, 5, 5, 6, 5, 5, 5, 5, 5, 3]","[0, 0, 1, 0, 0, 1, 0, 0, 0, 0]",1
10,0,201,"[8, 5, 7, 8, 9, 9, 9, 2, 9, 7]","[0, 0, 0, 0, 1, 0, 1, 0, 0, 1]",1
10,0,202,"[5, 5, 5, 5, 4, 7, 4, 7, 4, 5]","[0, 0, 0, 0, 0, 0, 0, 0, 0, 1]",1
10,0,203,"[4, 9, 4, 3, 3, 3, 4, 4, 5, 3]","[0, 0, 0, 1, 0, 0, 0, 0, 0, 0]",1
10,0,204,"[9, 8, 8, 9, 8, 8, 8, 8, 7, 8]","[1, 0, 1, 0, 0, 0, 0, 0, 0, 1]",1
10,0,205,"[9, 9, 9, 9, 9, 7, 9, 9, 9, 9]","[1, 1, 1, 1, 1, 0, 0, 0, 1, 1]",1
10,0,206,"[8, 8, 8, 8, 8, 8, 8, 8, 8, 8]","[1, 0, 0, 0, 0, 0, 1, 1, 1, 0]",1
10,0,207,"[5, 5, 4, 1, 5, 5, 4, 5, 4, 5]","[0, 0, 0, 0, 0, 0, 0, 0, 0, 0]",1
10,0,208,"[5, 5, 5, 5, 5, 7, 9, 9, 6, 9]","[0, 1, 0, 0, 0, 1, 0, 1, 0, 0]",1
10,0,209,"[6, 5, 5, 5, 4, 5, 5, 5, 6, 5]","[1, 0, 1, 0, 1, 0, 0, 0, 0, 1]",1
10,1,0,"[3, 7, 3, 2, 4, 3, 3, 4, 3, 7]","[1, 0, 0, 0, 0, 0, 0, 0, 0, 1]",1
10,1,1,"[5, 5, 4, 4, 5, 4, 4, 4, 4, 5]","[0, 1, 0, 0, 0, 0, 0, 0, 0, 0]",1
10,1,2,"[2, 1, 1, 1, 2, 2, 2, 2, 2, 2]","[0, 0, 0, 0, 0, 0, 0, 0, 0, 0]",1
10,1,3,"[6, 6, 6, 4, 4, 6, 6, 6, 5, 6]","[0, 1, 1, 0, 0, 0, 0, 0, 0, 0]",1
10,1,4,"[4, 3, 4, 4, 4, 4, 3, 3, 3, 3]","[0, 0, 1, 0, 1, 0, 1, 0, 0, 1]",1
10,1,5,"[5, 9, 3, 6, 4, 4, 3, 3, 2, 3]","[1, 0, 0, 0, 0, 0, 0, 0, 1, 0]",1
10,1,6,"[5, 5, 3, 4, 3, 3, 4, 4, 4, 5]","[0, 0, 0, 0, 0, 1, 1, 0, 0, 0]",1
10,1,7,"[6, 4, 4, 4, 5, 5, 4, 5, 5, 5]","[1, 0, 0, 0, 0, 1, 0, 1, 0, 0]",1
10,1,8,"[3, 3, 3, 3, 3, 3, 2, 3, 4, 3]","[0, 0, 0, 0, 0, 0, 0, 0, 0, 1]",1
10,1,9,"[3, 4, 4, 3, 5, 2, 2, 1, 3, 3]","[1, 1, 0, 0, 1, 0, 0, 1, 0, 0]",1
10,1,10,"[4, 8, 4, 5, 7, 4, 5, 4, 8, 2]","[1, 1, 1, 0, 0, 0, 0, 1, 1, 0]",1
10,1,11,"[2, 3, 3, 3, 4, 3, 3, 3, 3, 4]","[0, 0, 0, 0, 0, 0, 0, 0, 0, 0]",1
10,1,12,"[4, 5, 4, 4, 4, 4, 4, 4, 5, 4]","[1, 0, 0, 0, 0, 0, 0, 0, 1, 0]",1
10,1,13,"[4, 4, 4, 4, 7, 7, 4, 4, 4, 3]","[0, 0, 0, 0, 0, 0, 0, 0, 1, 0]",1
10,1,14,"[2, 3, 4, 4, 3, 3, 5, 4, 3, 2]","[0, 0, 0, 0, 0, 0, 0, 0, 0, 0]",1
10,1,15,"[5, 5, 4, 5, 8, 4, 6, 7, 6, 5]","[1, 1, 1, 1, 1, 0, 1, 0, 1, 1]",1
10,1,16,"[4, 5, 5, 8, 6, 4, 4, 7, 5, 4]","[0, 0, 0, 0, 0, 0, 0, 1, 0, 0]",1
10,1,17,"[5, 5, 4, 5, 5, 4, 6, 5, 5, 5]","[0, 0, 0, 1, 0, 0, 0, 0, 0, 0]",1
10,1,18,"[5, 5, 4, 5, 4, 4, 5, 3, 3, 4]","[0, 0, 1, 0, 0, 0, 1, 0, 0, 1]",1
10,1,19,"[4, 2, 2, 2, 3, 2, 2, 2, 2, 2]","[0, 0, 0, 0, 0, 0, 0, 0, 0, 0]",1
10,1,20,"[4, 4, 5, 4, 5, 5, 3, 4, 5, 6]","[1, 0, 1, 0, 0, 0, 0, 0, 1, 0]",1
10,1,21,"[6, 3, 4, 7, 4, 3, 4, 7, 2, 9]","[1, 0, 0, 0, 0, 0, 0, 0, 1, 0]",1
10,1,22,"[3, 3, 4, 3, 3, 3, 3, 3, 4, 3]","[0, 0, 0, 1, 0, 0, 1, 0, 0, 0]",1
10,1,23,"[2, 3, 4, 5, 4, 4, 4, 6, 3, 3]","[1, 0, 1, 1, 0, 0, 1, 0, 0, 0]",1
10,1,24,"[5, 4, 4, 5, 4, 3, 5, 4, 3, 8]","[0, 1, 0, 1, 0, 0, 0, 0, 1, 0]",1
10,1,25,"[3, 3, 3, 3, 5, 3, 3, 3, 2, 3]","[0, 0, 0, 0, 0, 0, 0, 0, 0, 0]",1
10,1,26,"[9, 9, 5, 9, 8, 9, 5, 5, 8, 9]","[0, 0, 0, 0, 0, 0, 0, 0, 0, 0]",1
10,1,27,"[4, 6, 5, 4, 3, 4, 4, 4, 3, 4]","[0, 0, 0, 0, 0, 0, 0, 0, 0, 0]",1
10,1,28,"[3, 9, 4, 3, 3, 3, 3, 3, 3, 3]","[0, 1, 0, 1, 0, 0, 0, 1, 0, 0]",1
10,1,29,"[8, 5, 9, 7, 9, 9, 7, 9, 8, 8]","[0, 1, 1, 0, 0, 1, 1, 1, 1, 1]",1
10,1,30,"[3, 3, 6, 7, 7, 7, 4, 7, 6, 6]","[0, 0, 0, 0, 1, 1, 1, 0, 0, 1]",1
10,1,31,"[4, 5, 4, 3, 5, 3, 5, 5, 5, 5]","[0, 0, 0, 0, 1, 1, 1, 0, 1, 1]",1
10,1,32,"[3, 2, 3, 4, 4, 3, 3, 3, 4, 5]","[0, 0, 1, 0, 0, 0, 0, 0, 0, 0]",1
10,1,33,"[2, 3, 3, 2, 3, 2, 2, 2, 2, 2]","[0, 0, 0, 0, 0, 0, 0, 0, 0, 0]",1
10,1,34,"[5, 7, 7, 5, 8, 5, 6, 5, 4, 7]","[1, 0, 0, 0, 0, 0, 0, 0, 0, 1]",1
10,1,35,"[8, 2, 3, 2, 8, 7, 4, 2, 2, 2]","[0, 0, 0, 0, 0, 1, 0, 0, 0, 0]",1
10,1,36,"[5, 6, 4, 5, 4, 2, 5, 8, 5, 7]","[0, 0, 0, 1, 0, 0, 1, 0, 0, 1]",1
10,1,37,"[5, 8, 2, 4, 4, 4, 4, 4, 8, 4]","[0, 1, 0, 0, 0, 1, 0, 0, 0, 1]",1
10,1,38,"[3, 4, 3, 3, 4, 4, 3, 3, 4, 4]","[0, 0, 0, 1, 0, 0, 0, 0, 0, 1]",1
10,1,39,"[1, 3, 1, 3, 1, 2, 1, 1, 2, 3]","[0, 0, 0, 0, 0, 1, 0, 1, 0, 1]",1
10,1,40,"[8, 1, 2, 2, 6, 2, 2, 2, 2, 2]","[0, 0, 0, 0, 0, 0, 0, 0, 0, 0]",1
10,1,41,"[6, 6, 6, 6, 3, 6, 6, 6, 6, 6]","[0, 1, 1, 1, 0, 0, 1, 0, 1, 0]",1
10,1,42,"[3, 3, 4, 2, 3, 3, 3, 3, 3, 3]","[0, 0, 0, 0, 0, 0, 0, 0, 0, 0]",1
10,1,43,"[3, 6, 4, 3, 3, 3, 2, 4, 7, 1]","[0, 0, 0, 0, 0, 0, 0, 0, 1, 0]",1
10,1,44,"[5, 5, 6, 5, 4, 4, 3, 4, 4, 4]","[1, 0, 0, 1, 1, 0, 0, 0, 0, 0]",1
10,1,45,"[1, 3, 5, 4, 5, 9, 8, 5, 4, 5]","[0, 0, 1, 0, 1, 1, 1, 1, 1, 1]",1
10,1,46,"[3, 3, 3, 3, 2, 3, 3, 2, 3, 3]","[0, 0, 0, 0, 1, 0, 1, 0, 0, 0]",1
10,1,47,"[3, 4, 6, 4, 4, 4, 4, 4, 7, 4]","[0, 0, 1, 0, 0, 0, 1, 0, 0, 1]",1
10,1,48,"[4, 4, 4, 6, 4, 4, 5, 4, 4, 4]","[0, 0, 0, 0, 0, 0, 0, 0, 0, 0]",1
10,1,49,"[7, 4, 4, 4, 4, 1, 6, 4, 4, 4]","[0, 0, 0, 0, 0, 0, 1, 0, 0, 0]",1
10,1,50,"[4, 4, 4, 4, 7, 4, 2, 4, 4, 4]","[0, 0, 0, 1, 0, 0, 0, 0, 0, 0]",1
10,1,51,"[3, 3, 3, 3, 3, 3, 2, 3, 3, 3]","[0, 0, 1, 0, 0, 0, 0, 1, 0, 0]",1
10,1,52,"[8, 5, 4, 3, 3, 3, 3, 2, 3, 4]","[1, 0, 1, 0, 0, 0, 0, 0, 0, 0]",1
10,1,53,"[5, 5, 5, 4, 5, 5, 5, 5, 4, 5]","[1, 0, 0, 0, 1, 0, 0, 0, 1, 0]",1
10,1,54,"[7, 1, 2, 1, 6, 1, 2, 4, 1, 1]","[1, 0, 1, 0, 0, 0, 0, 1, 0, 0]",1
10,1,55,"[5, 5, 7, 5, 5, 7, 4, 7, 5, 4]","[1, 0, 1, 0, 0, 1, 1, 1, 1, 1]",1
10,1,56,"[4, 5, 4, 4, 4, 4, 5, 5, 4, 4]","[0, 0, 1, 0, 0, 1, 0, 0, 0, 0]",1
10,1,57,"[5, 4, 5, 4, 3, 4, 4, 4, 3, 4]","[0, 1, 1, 0, 0, 0, 0, 0, 0, 0]",1
10,1,58,"[4, 5, 6, 6, 2, 5, 6, 3, 6, 6]","[0, 0, 1, 0, 0, 0, 1, 0, 0, 0]",1
10,1,59,"[3, 4, 6, 5, 4, 3, 5, 8, 2, 3]","[0, 0, 0, 0, 0, 0, 0, 0, 0, 0]",1
10,1,60,"[5, 2, 3, 3, 8, 4, 5, 1, 5, 5]","[0, 0, 0, 0, 0, 0, 0, 0, 1, 0]",1
10,1,61,"[9, 3, 5, 5, 4, 5, 6, 4, 4, 4]","[0, 0, 0, 1, 1, 0, 0, 0, 0, 1]",1
10,1,62,"[9, 7, 9, 9, 9, 9, 9, 9, 9, 8]","[0, 0, 0, 0, 0, 1, 0, 0, 1, 0]",1
10,1,63,"[4, 4, 4, 5, 4, 4, 4, 5, 7, 4]","[1, 0, 0, 1, 0, 0, 0, 0, 1, 0]",1
10,1,64,"[2, 4, 4, 4, 4, 4, 8, 7, 3, 5]","[0, 0, 0, 0, 1, 0, 0, 0, 0, 0]",1
10,1,65,"[3, 3, 3, 3, 5, 4, 5, 3, 3, 3]","[0, 1, 0, 0, 0, 1, 1, 0, 1, 0]",1
10,1,66,"[3, 3, 3, 2, 4, 7, 2, 3, 2, 2]","[0, 0, 0, 0, 1, 0, 0, 0, 0, 0]",1
10,1,67,"[4, 5, 3, 5, 4, 3, 1, 4, 4, 3]","[1, 1, 0, 0, 1, 0, 0, 1, 1, 0]",1
10,1,68,"[6, 4, 4, 6, 5, 4, 6, 4, 3, 4]","[1, 1, 0, 0, 0, 1, 1, 1, 0, 0]",1
10,1,69,"[5, 4, 3, 6, 4, 3, 5, 3, 5, 3]","[1, 1, 1, 0, 0, 1, 0, 0, 0, 0]",1
10,1,70,"[6, 8, 7, 5, 4, 5, 5, 7, 4, 5]","[0, 1, 0, 1, 0, 0, 1, 1, 0, 0]",1
10,1,71,"[2, 3, 3, 3, 3, 3, 3, 3, 3, 3]","[0, 0, 0, 0, 1, 0, 1, 1, 1, 0]",1
10,1,72,"[3, 4, 4, 3, 4, 7, 3, 4, 4, 4]","[0, 0, 0, 1, 0, 0, 0, 0, 0, 0]",1
10,1,73,"[1, 1, 1, 1, 1, 1, 1, 4, 6, 1]","[1, 1, 0, 0, 1, 0, 0, 1, 1, 0]",1
10,1,74,"[3, 2, 4, 4, 3, 2, 2, 4, 5, 2]","[0, 0, 0, 0, 0, 1, 0, 0, 0, 0]",1
10,1,75,"[3, 3, 3, 3, 4, 3, 4, 4, 4, 4]","[0, 0, 0, 0, 0, 0, 0, 0, 0, 0]",1
10,1,76,"[4, 4, 4, 4, 6, 1, 4, 4, 4, 4]","[0, 0, 1, 0, 1, 0, 1, 0, 0, 0]",1
10,1,77,"[8, 4, 8, 2, 5, 5, 3, 3, 4, 4]","[1, 0, 0, 0, 0, 0, 0, 1, 0, 1]",1
10,1,78,"[7, 6, 6, 2, 6, 6, 2, 5, 6, 6]","[0, 0, 1, 0, 1, 0, 0, 0, 0, 1]",1
10,1,79,"[4, 2, 6, 6, 7, 7, 7, 7, 7, 7]","[0, 0, 1, 0, 0, 1, 0, 0, 0, 0]",1
10,1,80,"[8, 4, 7, 7, 6, 8, 2, 7, 7, 7]","[0, 0, 0, 0, 1, 0, 0, 0, 0, 0]",1
10,1,81,"[4, 5, 5, 5, 4, 6, 5, 7, 5, 9]","[0, 0, 0, 0, 1, 0, 1, 1, 0, 0]",1
10,1,82,"[5, 4, 4, 4, 4, 6, 5, 4, 3, 6]","[1, 0, 1, 1, 0, 0, 1, 0, 0, 1]",1
10,1,83,"[6, 3, 7, 6, 4, 4, 7, 6, 8, 7]","[0, 1, 1, 1, 0, 0, 1, 1, 0, 1]",1
10,1,84,"[1, 1, 2, 1, 1, 1, 1, 1, 1, 1]","[0, 0, 0, 0, 1, 1, 0, 0, 0, 1]",1
10,1,85,"[9, 9, 7, 9, 8, 9, 9, 9, 8, 8]","[1, 1, 0, 1, 1, 0, 0, 1, 1, 0]",1
10,1,86,"[6, 5, 5, 6, 5, 6, 7, 8, 4, 5]","[0, 0, 0, 1, 0, 1, 1, 0, 0, 1]",1
10,1,87,"[4, 3, 4, 1, 2, 2, 1, 3, 4, 5]","[0, 0, 0, 0, 0, 0, 1, 1, 1, 1]",1
10,1,88,"[2, 3, 2, 3, 3, 3, 5, 4, 3, 3]","[0, 0, 0, 0, 0, 0, 0, 1, 0, 1]",1
10,1,89,"[5, 6, 6, 6, 7, 6, 6, 7, 2, 6]","[1, 1, 1, 0, 1, 0, 1, 0, 0, 1]",1
10,1,90,"[5, 6, 5, 6, 6, 6, 6, 5, 8, 6]","[0, 0, 0, 0, 0, 0, 0, 0, 0, 0]",1
10,1,91,"[3, 3, 8, 3, 2, 3, 4, 2, 2, 3]","[1, 0, 1, 0, 0, 0, 0, 1, 0, 0]",1
10,1,92,"[4, 5, 5, 4, 4, 5, 4, 4, 4, 6]","[0, 0, 0, 0, 0, 0, 0, 0, 0, 1]",1
10,1,93,"[1, 2, 2, 1, 3, 2, 2, 3, 3, 1]","[0, 0, 0, 0, 0, 0, 1, 0, 0, 0]",1
10,1,94,"[3, 8, 3, 5, 4, 3, 8, 7, 4, 7]","[0, 1, 0, 0, 1, 0, 1, 0, 0, 0]",1
10,1,95,"[4, 3, 3, 3, 4, 3, 4, 9, 3, 3]","[0, 0, 0, 0, 0, 0, 1, 0, 0, 1]",1
10,1,96,"[1, 3, 4, 4, 2, 4, 6, 2, 5, 4]","[0, 0, 0, 0, 0, 0, 1, 0, 0, 1]",1
10,1,97,"[3, 1, 3, 5, 3, 1, 4, 2, 3, 2]","[0, 0, 0, 0, 0, 0, 0, 0, 0, 0]",1
10,1,98,"[8, 7, 4, 1, 9, 9, 9, 2, 3, 3]","[0, 0, 0, 0, 0, 0, 1, 1, 0, 0]",1
10,1,99,"[1, 3, 4, 1, 1, 3, 1, 1, 2, 6]","[0, 0, 0, 0, 0, 0, 0, 0, 0, 0]",1
10,1,100,"[2, 2, 3, 2, 2, 2, 7, 9, 2, 3]","[0, 0, 0, 0, 0, 0, 0, 0, 0, 0]",1
10,1,101,"[5, 6, 4, 1, 6, 3, 5, 1, 3, 2]","[0, 1, 0, 0, 1, 0, 0, 0, 0, 0]",1
10,1,102,"[7, 6, 4, 3, 5, 7, 5, 4, 5, 8]","[1, 0, 0, 0, 0, 1, 0, 1, 0, 0]",1
10,1,103,"[1, 2, 2, 2, 2, 1, 1, 2, 2, 2]","[0, 0, 0, 0, 0, 0, 0, 0, 0, 0]",1
10,1,104,"[9, 9, 6, 8, 8, 9, 8, 8, 8, 8]","[1, 1, 1, 1, 1, 1, 1, 1, 1, 1]",1
10,1,105,"[4, 5, 5, 5, 3, 4, 4, 5, 4, 3]","[1, 1, 0, 1, 0, 0, 0, 0, 1, 0]",1
10,1,106,"[5, 5, 4, 5, 4, 8, 4, 4, 5, 3]","[1, 0, 0, 0, 0, 0, 1, 1, 0, 0]",1
10,1,107,"[2, 3, 2, 2, 3, 1, 5, 5, 3, 3]","[0, 0, 0, 0, 0, 0, 0, 1, 0, 0]",1
10,1,108,"[1, 2, 5, 5, 3, 5, 7, 5, 2, 5]","[0, 0, 1, 0, 0, 1, 0, 0, 0, 0]",1
10,1,109,"[4, 4, 4, 6, 4, 3, 4, 4, 4, 4]","[0, 1, 0, 1, 0, 0, 0, 0, 0, 0]",1
10,1,110,"[2, 3, 5, 2, 7, 4, 4, 3, 3, 7]","[0, 0, 0, 0, 1, 0, 0, 0, 0, 0]",1
10,1,111,"[4, 4, 5, 8, 6, 6, 5, 5, 4, 4]","[0, 0, 0, 0, 1, 1, 0, 0, 1, 1]",1
10,1,112,"[5, 5, 5, 5, 5, 4, 5, 4, 5, 5]","[1, 1, 0, 1, 0, 0, 0, 0, 1, 0]",1
10,1,113,"[3, 3, 7, 4, 5, 3, 5, 4, 4, 3]","[1, 0, 0, 0, 0, 0, 0, 0, 0, 0]",1
10,1,114,"[4, 3, 4, 3, 3, 4, 4, 3, 3, 4]","[1, 1, 1, 0, 0, 0, 0, 0, 0, 0]",1
10,1,115,"[7, 3, 3, 3, 3, 2, 6, 6, 5, 6]","[0, 0, 1, 0, 0, 0, 1, 0, 1, 0]",1
10,1,116,"[5, 7, 5, 5, 5, 6, 4, 6, 3, 5]","[0, 1, 1, 0, 0, 1, 1, 1, 0, 0]",1
10,1,117,"[1, 3, 5, 1, 2, 3, 3, 3, 4, 3]","[0, 0, 0, 0, 0, 0, 0, 0, 1, 0]",1
10,1,118,"[6, 5, 5, 5, 6, 5, 2, 4, 6, 4]","[0, 1, 0, 1, 0, 0, 1, 0, 0, 1]",1
10,1,119,"[6, 6, 5, 5, 5, 6, 6, 6, 6, 6]","[1, 0, 1, 0, 0, 1, 0, 0, 1, 1]",1
10,1,120,"[4, 7, 7, 7, 5, 2, 7, 7, 4, 5]","[1, 0, 1, 1, 1, 0, 0, 0, 0, 0]",1
10,1,121,"[3, 3, 3, 3, 3, 3, 3, 3, 3, 3]","[0, 1, 1, 1, 0, 1, 1, 0, 1, 1]",1
10,1,122,"[4, 3, 3, 3, 3, 3, 3, 3, 9, 3]","[0, 0, 0, 0, 0, 0, 0, 0, 1, 0]",1
10,1,123,"[2, 4, 3, 3, 4, 5, 3, 4, 3, 2]","[0, 0, 0, 0, 1, 0, 0, 0, 0, 0]",1
10,1,124,"[5, 6, 6, 6, 5, 6, 5, 5, 4, 5]","[1, 1, 0, 0, 1, 0, 0, 0, 0, 0]",1
10,1,125,"[3, 3, 4, 4, 4, 3, 3, 9, 3, 2]","[0, 0, 0, 0, 1, 0, 0, 1, 0, 0]",1
10,1,126,"[1, 4, 4, 5, 4, 4, 4, 4, 8, 4]","[1, 0, 0, 1, 0, 0, 1, 0, 1, 0]",1
10,1,127,"[2, 3, 3, 3, 3, 5, 3, 3, 4, 3]","[0, 0, 0, 0, 0, 0, 1, 1, 0, 0]",1
10,1,128,"[5, 5, 5, 5, 5, 7, 5, 7, 5, 7]","[0, 0, 0, 0, 0, 0, 0, 0, 1, 0]",1
10,1,129,"[3, 6, 3, 4, 6, 6, 4, 1, 4, 5]","[0, 1, 1, 0, 0, 0, 1, 0, 0, 1]",1
10,1,130,"[5, 5, 7, 5, 7, 6, 5, 5, 5, 9]","[0, 0, 0, 0, 1, 1, 1, 1, 1, 1]",1
10,1,131,"[2, 7, 1, 5, 1, 1, 5, 1, 8, 1]","[1, 1, 0, 1, 0, 0, 0, 0, 1, 1]",1
10,1,132,"[4, 4, 3, 3, 3, 4, 5, 2, 4, 4]","[0, 1, 0, 0, 0, 0, 0, 1, 0, 1]",1
10,1,133,"[3, 4, 4, 4, 7, 6, 3, 4, 4, 4]","[0, 0, 0, 0, 0, 0, 0, 0, 0, 0]",1
10,1,134,"[4, 4, 2, 4, 4, 4, 3, 7, 3, 3]","[0, 0, 0, 0, 1, 0, 0, 0, 0, 0]",1
10,1,135,"[6, 4, 5, 3, 6, 5, 3, 6, 5, 4]","[0, 0, 0, 0, 0, 0, 1, 0, 0, 0]",1
10,1,136,"[6, 9, 6, 6, 5, 6, 6, 4, 6, 5]","[0, 1, 0, 0, 0, 0, 0, 0, 1, 0]",1
10,1,137,"[2, 6, 5, 4, 1, 4, 3, 2, 3, 2]","[0, 0, 0, 0, 0, 0, 0, 0, 0, 0]",1
10,1,138,"[3, 2, 2, 3, 3, 3, 2, 3, 3, 3]","[0, 0, 0, 0, 0, 0, 0, 0, 0, 1]",1
10,1,139,"[4, 3, 7, 2, 3, 3, 4, 3, 3, 3]","[0, 0, 0, 0, 0, 0, 0, 1, 0, 0]",1
10,1,140,"[6, 4, 6, 5, 6, 5, 5, 3, 5, 5]","[0, 1, 1, 1, 0, 1, 1, 0, 1, 0]",1
10,1,141,"[1, 1, 1, 3, 2, 3, 2, 2, 1, 6]","[0, 0, 0, 0, 0, 0, 0, 0, 0, 1]",1
10,1,142,"[6, 4, 1, 8, 1, 3, 1, 7, 5, 2]","[0, 0, 0, 0, 0, 0, 0, 0, 0, 0]",1
10,1,143,"[3, 5, 3, 4, 3, 4, 3, 2, 3, 3]","[0, 0, 0, 0, 0, 0, 0, 0, 0, 1]",1
10,1,144,"[6, 5, 7, 6, 5, 4, 4, 9, 5, 4]","[0, 0, 1, 1, 1, 0, 0, 1, 0, 0]",1
10,1,145,"[5, 4, 6, 5, 5, 7, 5, 9, 5, 5]","[0, 0, 0, 0, 0, 0, 0, 1, 0, 0]",1
10,1,146,"[4, 3, 4, 4, 4, 4, 4, 4, 4, 3]","[0, 1, 0, 0, 1, 0, 0, 0, 0, 0]",1
10,1,147,"[1, 6, 3, 2, 6, 6, 6, 6, 5, 5]","[0, 0, 0, 0, 1, 0, 0, 0, 1, 0]",1
10,1,148,"[5, 6, 6, 4, 6, 6, 4, 6, 5, 3]","[1, 0, 0, 0, 0, 1, 0, 1, 0, 0]",1
10,1,149,"[6, 4, 4, 2, 4, 3, 3, 5, 2, 3]","[0, 0, 1, 0, 0, 0, 1, 1, 0, 0]",1
10,1,150,"[4, 3, 3, 4, 4, 6, 3, 6, 4, 4]","[0, 1, 1, 1, 0, 0, 0, 0, 0, 0]",1
10,1,151,"[3, 2, 3, 4, 1, 3, 3, 1, 4, 2]","[0, 0, 0, 0, 0, 1, 1, 0, 0, 0]",1
10,1,152,"[4, 3, 3, 4, 3, 2, 3, 4, 3, 3]","[1, 1, 0, 0, 0, 0, 0, 0, 0, 0]",1
10,1,153,"[2, 3, 5, 2, 6, 3, 2, 1, 2, 1]","[0, 0, 0, 0, 1, 0, 0, 0, 0, 0]",1
10,1,154,"[4, 4, 3, 2, 6, 3, 3, 4, 4, 4]","[1, 0, 0, 0, 0, 0, 0, 0, 1, 1]",1
10,1,155,"[5, 4, 5, 5, 5, 5, 3, 4, 4, 5]","[0, 0, 0, 0, 0, 0, 0, 0, 0, 0]",1
10,1,156,"[5, 3, 3, 3, 3, 3, 3, 3, 3, 3]","[0, 0, 0, 0, 0, 0, 0, 0, 1, 1]",1
10,1,157,"[5, 4, 5, 4, 4, 4, 3, 2, 4, 4]","[0, 0, 0, 0, 0, 0, 0, 0, 0, 0]",1
10,1,158,"[2, 1, 4, 2, 1, 3, 3, 3, 1, 5]","[0, 0, 0, 0, 0, 0, 0, 0, 0, 0]",1
10,1,159,"[4, 4, 4, 4, 4, 4, 4, 4, 4, 4]","[0, 0, 0, 0, 0, 0, 0, 0, 0, 0]",1
10,1,160,"[7, 3, 3, 7, 4, 4, 8, 3, 4, 4]","[0, 0, 0, 1, 0, 0, 0, 0, 0, 1]",1
10,1,161,"[7, 5, 4, 5, 4, 5, 5, 4, 4, 5]","[0, 1, 0, 1, 0, 1, 1, 1, 0, 0]",1
10,1,162,"[7, 6, 5, 5, 7, 4, 6, 4, 2, 6]","[0, 0, 1, 0, 1, 0, 0, 0, 0, 0]",1
10,1,163,"[8, 4, 5, 4, 7, 3, 7, 7, 5, 2]","[0, 0, 0, 0, 1, 0, 0, 1, 0, 0]",1
10,1,164,"[9, 9, 8, 9, 9, 9, 9, 9, 9, 9]","[0, 0, 1, 0, 0, 0, 0, 1, 1, 0]",1
10,1,165,"[2, 3, 1, 2, 2, 3, 3, 2, 1, 2]","[0, 1, 0, 0, 0, 1, 0, 0, 0, 0]",1
10,1,166,"[3, 6, 4, 1, 7, 4, 5, 6, 7, 6]","[0, 0, 1, 0, 0, 0, 0, 1, 0, 1]",1
10,1,167,"[9, 9, 9, 9, 9, 9, 9, 9, 9, 8]","[0, 0, 1, 0, 0, 0, 0, 0, 1, 0]",1
10,1,168,"[3, 4, 5, 3, 5, 2, 4, 4, 6, 6]","[0, 1, 1, 1, 1, 0, 1, 0, 1, 1]",1
10,1,169,"[6, 5, 7, 6, 3, 1, 6, 6, 4, 5]","[1, 1, 0, 0, 0, 0, 0, 0, 1, 0]",1
10,1,170,"[5, 3, 6, 5, 5, 5, 4, 6, 6, 5]","[0, 1, 1, 0, 0, 1, 0, 0, 0, 0]",1
10,1,171,"[4, 5, 6, 5, 6, 4, 4, 7, 8, 7]","[1, 1, 1, 1, 0, 1, 1, 1, 1, 1]",1
10,1,172,"[5, 2, 5, 5, 4, 9, 5, 5, 8, 8]","[0, 0, 0, 1, 0, 1, 1, 0, 1, 1]",1
10,1,173,"[4, 7, 5, 5, 5, 5, 3, 4, 4, 5]","[0, 0, 1, 0, 0, 0, 0, 1, 0, 0]",1
10,1,174,"[4, 5, 5, 6, 4, 5, 4, 4, 4, 5]","[0, 0, 1, 1, 0, 0, 1, 0, 0, 0]",1
10,1,175,"[3, 3, 3, 3, 3, 3, 2, 3, 3, 3]","[0, 0, 0, 0, 0, 1, 0, 0, 0, 0]",1
10,1,176,"[8, 8, 9, 8, 8, 6, 7, 5, 8, 3]","[1, 0, 0, 0, 1, 1, 0, 0, 1, 1]",1
10,1,177,"[4, 4, 4, 7, 9, 2, 7, 1, 2, 1]","[0, 1, 0, 0, 0, 0, 1, 0, 1, 0]",1
10,1,178,"[5, 6, 4, 4, 6, 5, 2, 4, 6, 3]","[1, 0, 0, 1, 1, 0, 0, 0, 0, 1]",1
10,1,179,"[6, 2, 6, 4, 4, 4, 6, 6, 6, 3]","[0, 0, 0, 0, 0, 0, 0, 0, 0, 1]",1
10,1,180,"[3, 1, 1, 2, 2, 3, 2, 2, 4, 4]","[0, 0, 0, 0, 1, 0, 0, 0, 1, 0]",1
10,1,181,"[3, 6, 6, 3, 9, 4, 9, 9, 8, 5]","[0, 1, 0, 0, 1, 0, 0, 1, 0, 0]",1
10,1,182,"[6, 5, 2, 6, 5, 5, 5, 4, 6, 4]","[0, 0, 0, 0, 1, 1, 1, 0, 0, 0]",1
10,1,183,"[5, 3, 3, 5, 4, 4, 6, 4, 5, 4]","[0, 0, 0, 0, 0, 0, 0, 0, 0, 1]",1
10,1,184,"[4, 4, 3, 4, 4, 4, 4, 3, 4, 4]","[0, 0, 0, 0, 0, 0, 0, 0, 0, 0]",1
10,1,185,"[6, 4, 8, 6, 5, 7, 8, 6, 3, 5]","[0, 0, 0, 0, 1, 0, 1, 0, 1, 0]",1
10,1,186,"[3, 6, 7, 3, 4, 4, 6, 4, 5, 3]","[1, 0, 0, 0, 1, 0, 0, 0, 0, 0]",1
10,1,187,"[5, 5, 3, 3, 4, 4, 7, 4, 4, 4]","[1, 1, 0, 1, 1, 0, 1, 1, 1, 1]",1
10,1,188,"[8, 3, 3, 1, 3, 3, 3, 3, 4, 4]","[1, 0, 0, 0, 0, 0, 0, 0, 0, 0]",1
10,1,189,"[3, 3, 2, 3, 1, 3, 3, 5, 2, 3]","[0, 0, 0, 0, 0, 0, 0, 0, 0, 0]",1
10,1,190,"[3, 2, 3, 4, 2, 4, 4, 4, 4, 2]","[0, 0, 0, 1, 0, 1, 1, 1, 0, 0]",1
10,1,191,"[4, 3, 3, 2, 3, 1, 3, 3, 3, 3]","[0, 1, 0, 0, 0, 0, 0, 0, 0, 0]",1
10,1,192,"[3, 3, 3, 4, 3, 3, 4, 3, 3, 3]","[1, 1, 0, 0, 0, 0, 0, 0, 0, 0]",1
10,1,193,"[7, 8, 5, 5, 6, 9, 1, 8, 2, 1]","[0, 1, 0, 0, 1, 0, 0, 1, 0, 0]",1
10,1,194,"[4, 3, 1, 4, 2, 3, 2, 3, 2, 4]","[0, 0, 0, 1, 0, 0, 0, 0, 0, 0]",1
10,1,195,"[3, 2, 1, 4, 4, 1, 1, 3, 1, 3]","[1, 0, 0, 0, 0, 0, 0, 0, 0, 0]",1
10,1,196,"[2, 3, 3, 2, 2, 3, 2, 3, 3, 2]","[1, 0, 1, 0, 0, 0, 0, 0, 0, 1]",1
10,1,197,"[4, 4, 5, 4, 4, 3, 4, 4, 4, 5]","[0, 0, 0, 0, 0, 0, 1, 1, 0, 1]",1
10,1,198,"[2, 5, 4, 4, 2, 3, 6, 1, 4, 2]","[1, 0, 0, 0, 0, 0, 1, 0, 0, 0]",1
10,1,199,"[4, 3, 1, 3, 9, 4, 3, 3, 3, 3]","[0, 0, 0, 0, 1, 0, 0, 0, 0, 1]",1
10,1,200,"[2, 3, 2, 2, 2, 2, 2, 2, 2, 2]","[0, 0, 0, 0, 0, 1, 0, 0, 0, 0]",1
10,1,201,"[4, 5, 4, 4, 4, 3, 9, 3, 4, 3]","[0, 1, 0, 0, 1, 0, 1, 1, 0, 0]",1
10,1,202,"[6, 5, 4, 5, 5, 6, 5, 5, 5, 5]","[0, 0, 0, 0, 0, 1, 1, 0, 1, 1]",1
10,1,203,"[3, 4, 4, 4, 4, 1, 4, 4, 3, 3]","[0, 0, 0, 0, 1, 0, 0, 1, 0, 0]",1
10,1,204,"[2, 2, 1, 2, 2, 2, 2, 3, 2, 2]","[0, 0, 0, 0, 0, 0, 0, 1, 0, 0]",1
10,1,205,"[7, 8, 9, 9, 4, 9, 8, 9, 8, 9]","[1, 1, 1, 1, 0, 1, 1, 1, 1, 1]",1
10,1,206,"[3, 6, 2, 2, 1, 2, 5, 2, 2, 3]","[0, 0, 0, 1, 0, 0, 0, 0, 0, 0]",1
10,1,207,"[2, 3, 4, 3, 3, 3, 3, 3, 3, 3]","[0, 0, 1, 0, 0, 0, 0, 0, 0, 1]",1
10,1,208,"[6, 3, 6, 6, 5, 4, 6, 6, 6, 5]","[0, 1, 0, 0, 1, 0, 0, 0, 0, 0]",1
10,1,209,"[5, 5, 5, 5, 5, 5, 5, 4, 6, 4]","[0, 0, 1, 0, 0, 0, 0, 0, 0, 0]",1
11,0,0,"[4, 4, 4, 2, 5, 4, 4, 3, 5, 5]","[0, 0, 0, 0, 0, 0, 0, 0, 0, 0]",1
11,0,1,"[8, 9, 6, 5, 6, 5, 5, 3, 7, 6]","[1, 1, 1, 0, 0, 0, 0, 0, 0, 1]",1
11,0,2,"[3, 2, 5, 4, 5, 4, 8, 1, 3, 2]","[0, 0, 0, 0, 0, 0, 0, 0, 0, 0]",1
11,0,3,"[6, 6, 4, 5, 4, 6, 6, 5, 6, 5]","[0, 0, 0, 0, 0, 1, 0, 0, 0, 0]",1
11,0,4,"[1, 4, 2, 3, 4, 4, 6, 3, 5, 2]","[0, 0, 0, 0, 0, 0, 0, 0, 0, 0]",1
11,0,5,"[6, 4, 8, 6, 4, 4, 7, 5, 6, 4]","[0, 0, 0, 0, 0, 1, 0, 1, 0, 0]",1
11,0,6,"[5, 6, 5, 5, 6, 6, 5, 9, 5, 5]","[0, 0, 0, 0, 0, 1, 0, 0, 1, 0]",1
11,0,7,"[8, 6, 7, 7, 7, 8, 7, 9, 7, 7]","[0, 0, 0, 1, 0, 0, 1, 1, 0, 0]",1
11,0,8,"[5, 6, 6, 5, 5, 7, 6, 6, 6, 6]","[0, 0, 0, 0, 0, 0, 0, 0, 0, 0]",1
11,0,9,"[7, 5, 4, 7, 4, 4, 4, 5, 4, 5]","[0, 0, 0, 0, 0, 0, 0, 0, 0, 0]",1
11,0,10,"[6, 2, 5, 3, 3, 4, 5, 4, 6, 6]","[0, 0, 1, 0, 0, 0, 0, 0, 0, 0]",1
11,0,11,"[4, 5, 5, 6, 5, 4, 6, 6, 2, 5]","[1, 0, 0, 0, 0, 0, 0, 0, 0, 0]",1
11,0,12,"[6, 6, 6, 6, 6, 6, 6, 6, 7, 5]","[1, 0, 0, 0, 0, 0, 0, 1, 1, 1]",1
11,0,13,"[3, 6, 7, 7, 7, 5, 7, 1, 8, 7]","[0, 0, 0, 0, 0, 0, 1, 0, 0, 0]",1
11,0,14,"[6, 3, 6, 5, 5, 6, 4, 5, 6, 7]","[0, 0, 0, 0, 1, 0, 0, 0, 0, 1]",1
11,0,15,"[3, 7, 4, 5, 7, 4, 4, 4, 4, 4]","[0, 0, 0, 1, 0, 0, 0, 0, 1, 1]",1
11,0,16,"[4, 4, 5, 4, 8, 7, 5, 4, 6, 4]","[0, 0, 1, 0, 0, 1, 1, 0, 0, 0]",1
11,0,17,"[6, 3, 3, 5, 7, 4, 8, 7, 4, 4]","[1, 0, 0, 0, 0, 0, 1, 1, 0, 0]",1
11,0,18,"[6, 6, 5, 1, 5, 7, 7, 7, 6, 6]","[1, 1, 0, 0, 0, 1, 0, 0, 0, 0]",1
11,0,19,"[3, 3, 2, 3, 3, 3, 3, 3, 3, 3]","[0, 0, 0, 0, 0, 0, 0, 0, 0, 0]",1
11,0,20,"[4, 4, 4, 5, 3, 3, 3, 7, 5, 5]","[1, 0, 1, 0, 0, 0, 0, 0, 0, 0]",1
11,0,21,"[2, 9, 6, 5, 2, 2, 9, 9, 9, 9]","[0, 0, 0, 0, 0, 0, 0, 0, 1, 0]",1
11,0,22,"[5, 4, 4, 4, 4, 4, 4, 4, 1, 4]","[0, 0, 1, 1, 0, 0, 1, 0, 0, 0]",1
11,0,23,"[5, 3, 3, 4, 4, 6, 3, 5, 3, 9]","[0, 0, 0, 0, 0, 0, 0, 0, 0, 1]",1
11,0,24,"[4, 7, 4, 4, 3, 3, 2, 4, 4, 4]","[0, 0, 0, 0, 0, 0, 0, 1, 0, 0]",1
11,0,25,"[6, 8, 6, 6, 6, 6, 6, 6, 6, 6]","[0, 0, 1, 1, 0, 0, 0, 1, 0, 0]",1
11,0,26,"[9, 9, 9, 9, 3, 9, 1, 9, 9, 5]","[1, 0, 1, 1, 0, 0, 0, 0, 0, 0]",1
11,0,27,"[6, 6, 6, 6, 6, 6, 6, 6, 5, 6]","[1, 0, 0, 0, 0, 1, 0, 1, 0, 1]",1
11,0,28,"[5, 6, 5, 5, 5, 5, 5, 7, 6, 6]","[0, 0, 0, 0, 1, 0, 0, 0, 0, 0]",1
11,0,29,"[9, 9, 9, 9, 9, 9, 9, 9, 9, 9]","[0, 1, 0, 1, 0, 0, 0, 1, 1, 0]",1
11,0,30,"[7, 4, 7, 6, 8, 8, 7, 8, 7, 5]","[1, 0, 0, 0, 0, 1, 1, 0, 0, 1]",1
11,0,31,"[3, 8, 3, 1, 4, 3, 9, 2, 8, 4]","[0, 0, 0, 0, 1, 0, 1, 0, 0, 1]",1
11,0,32,"[5, 5, 5, 5, 4, 6, 9, 6, 5, 6]","[0, 0, 1, 0, 0, 0, 0, 1, 1, 0]",1
11,0,33,"[3, 2, 4, 3, 3, 3, 3, 4, 4, 3]","[0, 0, 0, 0, 0, 1, 0, 0, 0, 1]",1
11,0,34,"[1, 7, 6, 7, 4, 5, 7, 7, 7, 8]","[0, 1, 0, 0, 0, 1, 0, 1, 1, 0]",1
11,0,35,"[5, 4, 4, 4, 4, 4, 4, 4, 4, 4]","[0, 0, 0, 0, 0, 0, 0, 0, 0, 0]",1
11,0,36,"[6, 9, 8, 8, 7, 8, 9, 7, 7, 9]","[0, 0, 0, 0, 0, 0, 0, 0, 0, 0]",1
11,0,37,"[8, 5, 5, 4, 6, 5, 4, 4, 5, 4]","[0, 0, 0, 0, 0, 0, 0, 0, 0, 0]",1
11,0,38,"[6, 4, 5, 5, 5, 5, 5, 2, 4, 6]","[0, 0, 0, 1, 1, 0, 0, 0, 0, 0]",1
11,0,39,"[3, 3, 1, 1, 6, 1, 3, 1, 1, 1]","[0, 1, 0, 0, 0, 0, 0, 1, 0, 0]",1
11,0,40,"[3, 3, 2, 3, 3, 3, 3, 2, 3, 2]","[0, 0, 0, 0, 0, 0, 0, 0, 0, 0]",1
11,0,41,"[5, 3, 5, 5, 5, 3, 5, 5, 4, 3]","[0, 0, 0, 0, 0, 0, 0, 0, 1, 0]",1
11,0,42,"[3, 3, 3, 3, 4, 4, 4, 4, 3, 4]","[0, 0, 1, 0, 0, 0, 0, 0, 0, 0]",1
11,0,43,"[8, 6, 4, 6, 6, 5, 5, 5, 5, 6]","[0, 0, 0, 0, 0, 0, 1, 0, 0, 0]",1
11,0,44,"[3, 4, 5, 5, 7, 5, 9, 4, 6, 6]","[0, 0, 1, 0, 1, 1, 1, 1, 1, 1]",1
11,0,45,"[4, 4, 3, 6, 3, 5, 5, 4, 4, 6]","[0, 0, 0, 0, 0, 0, 0, 0, 0, 0]",1
11,0,46,"[3, 3, 3, 2, 3, 2, 3, 3, 3, 3]","[1, 0, 0, 0, 0, 0, 0, 0, 0, 1]",1
11,0,47,"[3, 6, 6, 5, 7, 9, 7, 6, 7, 6]","[0, 1, 0, 0, 1, 1, 0, 0, 0, 1]",1
11,0,48,"[5, 5, 4, 4, 5, 5, 4, 5, 6, 5]","[0, 0, 0, 0, 0, 0, 0, 0, 0, 0]",1
11,0,49,"[5, 5, 6, 6, 4, 4, 4, 6, 4, 4]","[1, 1, 0, 0, 0, 0, 0, 1, 0, 0]",1
11,0,50,"[6, 7, 7, 8, 9, 7, 7, 6, 9, 7]","[1, 0, 1, 0, 1, 0, 0, 1, 1, 1]",1
11,0,51,"[5, 5, 4, 6, 4, 5, 5, 6, 3, 6]","[0, 0, 1, 1, 1, 0, 0, 0, 1, 0]",1
11,0,52,"[5, 1, 4, 4, 1, 5, 2, 2, 1, 1]","[1, 0, 0, 0, 0, 0, 0, 1, 1, 0]",1
11,0,53,"[4, 4, 4, 5, 4, 4, 5, 4, 4, 4]","[0, 0, 0, 0, 0, 0, 0, 0, 0, 1]",1
11,0,54,"[4, 7, 5, 1, 8, 3, 6, 7, 9, 3]","[0, 0, 0, 0, 1, 0, 0, 0, 1, 0]",1
11,0,55,"[7, 7, 6, 6, 7, 6, 8, 6, 7, 8]","[0, 0, 1, 0, 0, 1, 0, 0, 0, 0]",1
11,0,56,"[8, 1, 1, 5, 1, 5, 1, 1, 5, 1]","[1, 0, 0, 0, 0, 0, 1, 0, 0, 0]",1
11,0,57,"[4, 3, 6, 6, 4, 7, 4, 3, 4, 3]","[0, 0, 0, 0, 0, 0, 0, 0, 0, 0]",1
11,0,58,"[4, 7, 5, 5, 4, 5, 5, 6, 5, 7]","[1, 0, 0, 0, 0, 0, 1, 0, 0, 0]",1
11,0,59,"[4, 4, 2, 4, 4, 3, 4, 2, 3, 4]","[0, 0, 1, 0, 0, 0, 0, 0, 1, 0]",1
11,0,60,"[5, 5, 5, 4, 2, 3, 4, 5, 5, 4]","[0, 1, 0, 0, 0, 0, 0, 0, 0, 0]",1
11,0,61,"[4, 3, 4, 4, 4, 4, 4, 4, 4, 6]","[0, 0, 1, 0, 0, 0, 0, 0, 0, 0]",1
11,0,62,"[9, 9, 9, 9, 8, 9, 9, 9, 8, 9]","[0, 0, 0, 1, 0, 1, 0, 0, 0, 1]",1
11,0,63,"[6, 6, 7, 5, 6, 5, 5, 6, 6, 6]","[0, 0, 0, 0, 1, 0, 0, 0, 0, 0]",1
11,0,64,"[4, 2, 5, 6, 4, 9, 4, 4, 2, 4]","[0, 0, 0, 0, 0, 0, 0, 0, 0, 0]",1
11,0,65,"[3, 9, 3, 5, 3, 3, 9, 2, 3, 4]","[0, 0, 0, 0, 0, 0, 0, 0, 0, 1]",1
11,0,66,"[7, 5, 5, 5, 2, 6, 5, 6, 3, 5]","[0, 0, 0, 0, 0, 1, 1, 1, 1, 0]",1
11,0,67,"[1, 6, 3, 7, 6, 5, 5, 5, 6, 4]","[0, 0, 0, 0, 0, 0, 0, 0, 0, 0]",1
11,0,68,"[6, 5, 6, 3, 6, 6, 4, 6, 4, 5]","[0, 0, 0, 0, 0, 0, 0, 0, 0, 0]",1
11,0,69,"[4, 5, 5, 3, 6, 5, 3, 2, 4, 5]","[0, 1, 0, 0, 0, 1, 0, 0, 0, 1]",1
11,0,70,"[5, 6, 1, 2, 6, 6, 6, 5, 6, 6]","[0, 0, 0, 0, 0, 0, 0, 0, 0, 1]",1
11,0,71,"[8, 6, 5, 5, 5, 6, 5, 4, 5, 6]","[0, 0, 0, 0, 0, 0, 0, 0, 0, 0]",1
11,0,72,"[5, 4, 4, 3, 6, 4, 5, 4, 4, 4]","[0, 0, 0, 0, 1, 1, 1, 1, 0, 0]",1
11,0,73,"[5, 3, 5, 4, 6, 5, 2, 6, 6, 8]","[0, 0, 0, 1, 1, 1, 0, 0, 0, 1]",1
11,0,74,"[5, 5, 2, 4, 4, 2, 3, 3, 2, 3]","[0, 0, 0, 0, 0, 0, 0, 0, 1, 0]",1
11,0,75,"[3, 3, 2, 2, 3, 6, 5, 4, 2, 2]","[0, 0, 0, 0, 0, 0, 0, 0, 0, 0]",1
11,0,76,"[5, 6, 7, 3, 4, 5, 4, 5, 6, 5]","[0, 0, 1, 0, 1, 0, 0, 1, 1, 0]",1
11,0,77,"[7, 7, 8, 8, 3, 7, 6, 7, 7, 6]","[0, 1, 0, 0, 0, 0, 0, 1, 0, 0]",1
11,0,78,"[4, 6, 5, 5, 5, 4, 5, 5, 7, 8]","[0, 0, 0, 0, 0, 0, 0, 0, 0, 0]",1
11,0,79,"[7, 7, 7, 7, 9, 7, 6, 6, 4, 8]","[0, 0, 0, 0, 1, 1, 0, 1, 0, 0]",1
11,0,80,"[6, 7, 9, 5, 5, 7, 7, 7, 9, 6]","[0, 0, 0, 0, 0, 1, 1, 0, 0, 1]",1
11,0,81,"[6, 6, 5, 5, 4, 5, 6, 7, 5, 5]","[0, 0, 0, 0, 0, 0, 0, 0, 1, 0]",1
11,0,82,"[6, 4, 4, 5, 5, 5, 4, 5, 4, 4]","[0, 1, 0, 0, 0, 0, 0, 1, 0, 0]",1
11,0,83,"[8, 3, 5, 8, 7, 8, 4, 4, 5, 7]","[1, 1, 0, 0, 0, 0, 0, 0, 0, 0]",1
11,0,84,"[5, 8, 5, 3, 8, 2, 7, 2, 1, 8]","[0, 0, 0, 0, 1, 0, 0, 0, 0, 1]",1
11,0,85,"[7, 7, 8, 8, 7, 6, 7, 8, 7, 8]","[0, 0, 0, 0, 0, 0, 0, 0, 0, 0]",1
11,0,86,"[7, 9, 9, 9, 9, 5, 9, 9, 9, 9]","[0, 0, 1, 1, 0, 0, 0, 1, 0, 0]",1
11,0,87,"[5, 4, 5, 5, 5, 3, 1, 2, 4, 4]","[0, 1, 0, 0, 0, 0, 1, 1, 0, 1]",1
11,0,88,"[5, 3, 2, 4, 5, 5, 5, 4, 5, 5]","[0, 0, 0, 0, 0, 0, 1, 0, 0, 1]",1
11,0,89,"[6, 6, 5, 6, 5, 6, 6, 6, 6, 5]","[0, 0, 0, 0, 1, 1, 0, 0, 0, 0]",1
11,0,90,"[9, 9, 9, 9, 9, 9, 9, 9, 9, 9]","[1, 0, 1, 0, 0, 1, 0, 0, 0, 0]",1
11,0,91,"[6, 5, 5, 5, 5, 3, 6, 5, 5, 5]","[0, 0, 0, 0, 0, 0, 0, 0, 0, 0]",1
11,0,92,"[4, 5, 3, 4, 6, 3, 5, 7, 4, 4]","[0, 0, 0, 0, 1, 1, 0, 0, 0, 0]",1
11,0,93,"[3, 3, 3, 2, 2, 1, 3, 3, 2, 6]","[0, 1, 1, 0, 1, 0, 1, 0, 1, 1]",1
11,0,94,"[5, 5, 8, 5, 7, 7, 5, 4, 6, 2]","[1, 0, 0, 1, 0, 1, 0, 1, 0, 0]",1
11,0,95,"[2, 2, 3, 2, 2, 2, 3, 5, 2, 3]","[0, 0, 0, 0, 0, 0, 0, 0, 0, 0]",1
11,0,96,"[5, 6, 3, 7, 4, 6, 1, 5, 7, 7]","[0, 1, 0, 0, 0, 0, 0, 0, 0, 0]",1
11,0,97,"[5, 4, 5, 4, 4, 4, 2, 4, 6, 3]","[1, 0, 0, 1, 0, 0, 0, 0, 0, 0]",1
11,0,98,"[9, 9, 9, 9, 9, 9, 9, 9, 9, 9]","[0, 0, 0, 1, 1, 0, 1, 0, 1, 1]",1
11,0,99,"[3, 3, 3, 5, 3, 3, 4, 3, 4, 3]","[0, 0, 0, 0, 0, 0, 0, 0, 0, 0]",1
11,0,100,"[7, 3, 4, 3, 3, 3, 2, 2, 4, 2]","[0, 0, 0, 0, 0, 0, 0, 0, 0, 0]",1
11,0,101,"[2, 8, 1, 2, 8, 8, 8, 8, 8, 8]","[0, 0, 0, 0, 0, 1, 0, 0, 1, 0]",1
11,0,102,"[7, 8, 3, 7, 5, 4, 2, 3, 8, 8]","[0, 0, 0, 1, 0, 0, 0, 0, 0, 0]",1
11,0,103,"[7, 7, 7, 7, 7, 7, 6, 7, 8, 7]","[0, 0, 0, 1, 0, 0, 0, 0, 0, 1]",1
11,0,104,"[9, 8, 9, 8, 7, 9, 9, 8, 8, 9]","[1, 1, 1, 1, 0, 1, 0, 0, 0, 1]",1
11,0,105,"[6, 6, 6, 6, 8, 6, 9, 7, 7, 6]","[1, 0, 0, 0, 0, 0, 0, 0, 0, 0]",1
11,0,106,"[5, 4, 5, 5, 5, 5, 5, 7, 6, 7]","[0, 0, 0, 0, 0, 0, 0, 0, 0, 0]",1
11,0,107,"[7, 4, 4, 5, 4, 5, 4, 4, 4, 5]","[0, 0, 0, 0, 1, 0, 0, 0, 0, 0]",1
11,0,108,"[9, 9, 9, 9, 9, 9, 8, 8, 9, 9]","[0, 0, 0, 0, 0, 0, 0, 1, 0, 0]",1
11,0,109,"[6, 4, 3, 6, 5, 6, 6, 2, 6, 5]","[0, 0, 0, 0, 0, 0, 0, 0, 1, 0]",1
11,0,110,"[8, 8, 6, 8, 7, 7, 8, 7, 8, 6]","[0, 0, 0, 1, 0, 1, 0, 0, 0, 0]",1
11,0,111,"[7, 9, 7, 8, 8, 8, 2, 9, 7, 7]","[0, 0, 0, 0, 1, 0, 0, 0, 0, 1]",1
11,0,112,"[4, 4, 4, 4, 4, 5, 4, 4, 3, 4]","[0, 0, 0, 0, 0, 0, 0, 0, 0, 0]",1
11,0,113,"[6, 3, 5, 4, 4, 4, 5, 6, 4, 4]","[0, 0, 0, 0, 0, 1, 0, 0, 0, 0]",1
11,0,114,"[3, 2, 3, 3, 6, 3, 3, 1, 4, 3]","[0, 0, 0, 0, 0, 1, 1, 0, 0, 0]",1
11,0,115,"[9, 9, 9, 4, 9, 9, 9, 9, 8, 8]","[1, 1, 0, 0, 1, 1, 1, 0, 1, 1]",1
11,0,116,"[9, 9, 9, 9, 9, 9, 9, 9, 8, 8]","[0, 0, 0, 1, 0, 0, 1, 1, 1, 0]",1
11,0,117,"[5, 4, 7, 5, 5, 5, 3, 5, 6, 4]","[0, 0, 0, 1, 0, 0, 1, 0, 1, 0]",1
11,0,118,"[8, 6, 7, 7, 7, 7, 7, 7, 8, 8]","[1, 0, 0, 0, 1, 0, 0, 1, 0, 1]",1
11,0,119,"[6, 6, 6, 6, 6, 7, 6, 6, 6, 6]","[0, 0, 1, 0, 0, 0, 0, 1, 0, 0]",1
11,0,120,"[7, 7, 6, 7, 6, 4, 5, 7, 6, 6]","[1, 0, 0, 1, 0, 0, 0, 0, 0, 0]",1
11,0,121,"[5, 4, 5, 6, 5, 5, 5, 5, 5, 8]","[0, 0, 0, 0, 0, 1, 0, 0, 0, 0]",1
11,0,122,"[5, 5, 5, 6, 5, 5, 5, 5, 9, 5]","[0, 0, 0, 0, 1, 0, 0, 1, 1, 1]",1
11,0,123,"[5, 5, 5, 5, 5, 5, 5, 7, 6, 9]","[0, 0, 0, 0, 1, 0, 0, 0, 0, 0]",1
11,0,124,"[9, 5, 8, 6, 7, 2, 7, 6, 9, 6]","[0, 1, 1, 1, 0, 1, 0, 1, 1, 0]",1
11,0,125,"[5, 5, 5, 5, 5, 4, 5, 3, 5, 9]","[0, 0, 1, 0, 0, 0, 1, 0, 0, 0]",1
11,0,126,"[4, 6, 6, 3, 3, 6, 3, 3, 3, 7]","[0, 1, 0, 0, 0, 0, 0, 0, 0, 0]",1
11,0,127,"[3, 4, 4, 4, 4, 9, 4, 4, 5, 4]","[0, 0, 0, 0, 1, 1, 0, 0, 0, 0]",1
11,0,128,"[5, 6, 8, 5, 5, 6, 4, 6, 6, 2]","[1, 0, 0, 0, 0, 1, 0, 0, 0, 0]",1
11,0,129,"[5, 7, 5, 6, 7, 6, 7, 4, 7, 6]","[0, 0, 0, 0, 0, 1, 1, 1, 0, 0]",1
11,0,130,"[6, 9, 7, 6, 6, 7, 8, 6, 7, 7]","[0, 1, 0, 1, 0, 0, 0, 0, 0, 0]",1
11,0,131,"[6, 9, 6, 8, 9, 8, 7, 6, 7, 6]","[0, 1, 1, 0, 1, 0, 0, 0, 0, 0]",1
11,0,132,"[6, 4, 5, 4, 7, 5, 5, 5, 4, 4]","[0, 0, 0, 0, 1, 0, 0, 0, 1, 0]",1
11,0,133,"[9, 1, 9, 9, 9, 9, 7, 9, 9, 9]","[1, 0, 0, 0, 0, 0, 0, 0, 0, 0]",1
11,0,134,"[6, 6, 5, 7, 6, 6, 6, 6, 6, 3]","[0, 0, 1, 0, 0, 0, 0, 1, 0, 0]",1
11,0,135,"[7, 6, 7, 5, 9, 9, 5, 9, 6, 5]","[1, 1, 0, 1, 0, 0, 0, 0, 0, 0]",1
11,0,136,"[7, 9, 9, 5, 8, 7, 7, 8, 8, 7]","[1, 1, 0, 1, 1, 1, 1, 0, 0, 0]",1
11,0,137,"[6, 6, 3, 5, 5, 2, 7, 5, 3, 5]","[0, 0, 1, 0, 0, 0, 0, 0, 0, 0]",1
11,0,138,"[4, 4, 4, 3, 4, 4, 5, 4, 4, 4]","[1, 0, 0, 0, 0, 1, 0, 1, 1, 0]",1
11,0,139,"[4, 4, 3, 6, 4, 4, 5, 4, 4, 5]","[0, 0, 0, 0, 0, 0, 0, 0, 0, 0]",1
11,0,140,"[5, 9, 5, 4, 8, 8, 5, 5, 6, 5]","[0, 0, 0, 0, 0, 0, 1, 0, 0, 0]",1
11,0,141,"[1, 1, 3, 1, 3, 2, 3, 3, 4, 5]","[0, 0, 0, 0, 0, 0, 1, 0, 0, 0]",1
11,0,142,"[4, 8, 5, 7, 8, 4, 4, 7, 8, 2]","[1, 0, 0, 0, 0, 0, 0, 0, 0, 0]",1
11,0,143,"[5, 2, 3, 4, 4, 4, 4, 4, 4, 5]","[0, 0, 0, 0, 0, 0, 0, 1, 0, 0]",1
11,0,144,"[8, 7, 7, 7, 9, 8, 8, 8, 8, 6]","[1, 0, 0, 1, 0, 0, 1, 0, 1, 0]",1
11,0,145,"[6, 7, 8, 6, 6, 6, 7, 5, 7, 6]","[0, 0, 0, 0, 0, 0, 0, 0, 1, 1]",1
11,0,146,"[6, 6, 6, 6, 6, 6, 6, 6, 6, 6]","[1, 0, 1, 0, 0, 0, 0, 0, 1, 0]",1
11,0,147,"[3, 4, 5, 4, 4, 3, 5, 4, 5, 4]","[0, 0, 0, 1, 0, 0, 0, 0, 1, 0]",1
11,0,148,"[6, 9, 5, 2, 8, 3, 1, 5, 7, 7]","[0, 0, 0, 0, 1, 0, 0, 0, 1, 0]",1
11,0,149,"[6, 5, 5, 5, 4, 5, 5, 5, 4, 5]","[1, 1, 0, 0, 0, 0, 0, 0, 0, 0]",1
11,0,150,"[7, 5, 4, 5, 6, 6, 5, 6, 6, 2]","[1, 0, 0, 0, 1, 0, 0, 0, 0, 0]",1
11,0,151,"[4, 4, 4, 4, 4, 9, 4, 5, 6, 4]","[0, 0, 0, 1, 0, 1, 0, 0, 0, 0]",1
11,0,152,"[5, 5, 6, 4, 5, 3, 5, 3, 5, 4]","[1, 0, 1, 1, 0, 0, 0, 0, 0, 0]",1
11,0,153,"[5, 5, 6, 5, 7, 6, 4, 5, 5, 5]","[0, 0, 0, 0, 0, 0, 0, 0, 0, 1]",1
11,0,154,"[4, 3, 9, 9, 8, 7, 8, 7, 8, 6]","[1, 1, 0, 0, 0, 0, 1, 1, 1, 1]",1
11,0,155,"[6, 6, 5, 5, 6, 5, 5, 8, 5, 5]","[0, 0, 0, 0, 1, 0, 0, 0, 0, 0]",1
11,0,156,"[3, 2, 2, 4, 3, 3, 3, 3, 2, 3]","[0, 0, 0, 0, 1, 0, 0, 0, 0, 0]",1
11,0,157,"[5, 5, 8, 9, 5, 6, 5, 5, 6, 5]","[0, 0, 0, 0, 0, 1, 1, 0, 0, 0]",1
11,0,158,"[3, 7, 7, 8, 9, 7, 7, 7, 6, 7]","[0, 0, 0, 0, 0, 1, 0, 0, 0, 1]",1
11,0,159,"[8, 7, 7, 7, 7, 7, 7, 6, 7, 7]","[0, 0, 1, 0, 0, 0, 0, 1, 0, 0]",1
11,0,160,"[4, 6, 9, 6, 5, 6, 5, 6, 9, 9]","[1, 1, 1, 0, 1, 0, 0, 0, 0, 1]",1
11,0,161,"[5, 4, 5, 6, 6, 3, 5, 5, 5, 4]","[1, 0, 0, 0, 0, 0, 0, 0, 0, 0]",1
11,0,162,"[9, 8, 8, 6, 9, 9, 9, 8, 9, 9]","[0, 0, 0, 0, 1, 0, 0, 1, 0, 0]",1
11,0,163,"[8, 5, 4, 2, 7, 4, 7, 8, 5, 5]","[1, 0, 0, 0, 0, 0, 0, 1, 0, 0]",1
11,0,164,"[9, 9, 9, 9, 9, 9, 9, 9, 9, 9]","[0, 0, 0, 0, 0, 1, 1, 0, 1, 1]",1
11,0,165,"[4, 7, 3, 6, 6, 5, 5, 5, 6, 4]","[1, 0, 1, 0, 0, 0, 0, 1, 1, 1]",1
11,0,166,"[4, 7, 7, 6, 7, 5, 8, 4, 4, 5]","[0, 1, 0, 0, 0, 0, 0, 0, 0, 0]",1
11,0,167,"[4, 5, 3, 3, 2, 4, 4, 4, 3, 4]","[1, 0, 0, 0, 0, 0, 0, 0, 0, 0]",1
11,0,168,"[8, 3, 6, 4, 7, 6, 4, 6, 5, 7]","[0, 0, 0, 0, 0, 0, 0, 0, 0, 1]",1
11,0,169,"[7, 8, 7, 6, 6, 6, 7, 6, 4, 7]","[0, 1, 1, 0, 0, 0, 0, 0, 0, 0]",1
11,0,170,"[7, 9, 9, 9, 9, 3, 4, 9, 2, 7]","[0, 1, 0, 0, 1, 0, 0, 0, 0, 1]",1
11,0,171,"[6, 6, 6, 6, 6, 9, 6, 6, 7, 6]","[1, 0, 0, 0, 0, 0, 1, 0, 0, 0]",1
11,0,172,"[6, 5, 3, 8, 5, 6, 3, 8, 5, 6]","[0, 0, 0, 0, 1, 0, 0, 0, 1, 0]",1
11,0,173,"[7, 6, 6, 5, 9, 5, 7, 6, 5, 6]","[0, 0, 1, 1, 0, 0, 0, 0, 0, 0]",1
11,0,174,"[6, 6, 6, 8, 2, 6, 6, 6, 8, 6]","[1, 0, 0, 1, 0, 1, 1, 0, 0, 0]",1
11,0,175,"[4, 4, 4, 5, 3, 5, 7, 5, 4, 4]","[0, 0, 0, 0, 0, 0, 0, 0, 0, 0]",1
11,0,176,"[5, 7, 1, 7, 3, 7, 7, 7, 7, 7]","[0, 1, 0, 0, 1, 0, 0, 1, 1, 0]",1
11,0,177,"[1, 8, 1, 2, 7, 1, 5, 8, 8, 2]","[0, 1, 1, 1, 0, 0, 0, 1, 1, 0]",1
11,0,178,"[8, 7, 5, 6, 6, 7, 4, 6, 7, 6]","[0, 0, 0, 0, 0, 1, 0, 0, 0, 0]",1
11,0,179,"[9, 8, 9, 9, 9, 8, 8, 8, 9, 6]","[0, 0, 0, 1, 0, 1, 0, 1, 0, 1]",1
11,0,180,"[4, 3, 5, 5, 3, 4, 4, 4, 4, 5]","[0, 0, 0, 0, 0, 0, 1, 0, 0, 0]",1
11,0,181,"[8, 7, 8, 5, 8, 8, 8, 3, 8, 4]","[0, 0, 0, 0, 0, 0, 1, 0, 1, 0]",1
11,0,182,"[9, 8, 6, 6, 4, 8, 1, 9, 1, 9]","[1, 0, 0, 0, 0, 0, 0, 0, 0, 0]",1
11,0,183,"[6, 5, 5, 7, 5, 5, 5, 7, 5, 9]","[0, 0, 0, 0, 0, 0, 0, 0, 0, 0]",1
11,0,184,"[6, 6, 6, 6, 6, 5, 6, 4, 7, 6]","[0, 0, 0, 0, 0, 0, 0, 0, 0, 0]",1
11,0,185,"[7, 6, 6, 7, 8, 7, 5, 7, 4, 6]","[0, 0, 0, 0, 0, 0, 0, 0, 0, 0]",1
11,0,186,"[9, 9, 5, 9, 9, 9, 6, 9, 9, 9]","[0, 0, 0, 0, 0, 0, 0, 0, 0, 1]",1
11,0,187,"[4, 5, 4, 6, 4, 4, 4, 5, 4, 4]","[1, 0, 0, 0, 0, 0, 0, 1, 0, 0]",1
11,0,188,"[8, 9, 9, 9, 9, 9, 9, 9, 9, 9]","[1, 0, 0, 0, 0, 1, 0, 0, 1, 1]",1
11,0,189,"[6, 5, 6, 5, 6, 6, 5, 4, 6, 5]","[1, 0, 1, 0, 0, 0, 0, 0, 0, 0]",1
11,0,190,"[2, 6, 4, 6, 4, 5, 6, 6, 4, 6]","[0, 0, 0, 1, 0, 0, 1, 0, 0, 0]",1
11,0,191,"[9, 8, 1, 4, 3, 3, 3, 3, 3, 3]","[0, 0, 1, 0, 0, 0, 0, 0, 0, 0]",1
11,0,192,"[9, 9, 9, 9, 3, 2, 9, 9, 9, 8]","[0, 0, 0, 1, 1, 0, 0, 0, 0, 0]",1
11,0,193,"[4, 4, 5, 7, 4, 3, 6, 6, 1, 4]","[0, 0, 1, 0, 0, 0, 1, 0, 0, 0]",1
11,0,194,"[8, 8, 7, 8, 8, 5, 8, 5, 8, 8]","[0, 1, 0, 0, 0, 0, 1, 0, 0, 1]",1
11,0,195,"[1, 5, 9, 3, 3, 2, 1, 1, 3, 4]","[0, 1, 0, 0, 0, 0, 0, 0, 0, 0]",1
11,0,196,"[4, 4, 4, 2, 3, 2, 3, 4, 3, 4]","[0, 1, 0, 0, 0, 0, 0, 0, 0, 0]",1
11,0,197,"[7, 6, 5, 7, 5, 7, 7, 6, 9, 5]","[0, 1, 1, 0, 0, 1, 1, 0, 0, 0]",1
11,0,198,"[6, 5, 4, 3, 4, 4, 2, 2, 3, 3]","[0, 0, 0, 0, 0, 0, 0, 0, 0, 0]",1
11,0,199,"[4, 5, 5, 5, 5, 4, 5, 5, 5, 5]","[0, 0, 0, 0, 0, 0, 1, 0, 0, 0]",1
11,0,200,"[5, 5, 4, 7, 7, 5, 6, 5, 5, 5]","[1, 0, 1, 0, 0, 0, 0, 0, 0, 0]",1
11,0,201,"[8, 9, 6, 8, 8, 8, 9, 7, 9, 6]","[1, 1, 1, 0, 0, 0, 0, 0, 1, 1]",1
11,0,202,"[4, 6, 4, 5, 5, 6, 6, 6, 4, 5]","[0, 1, 1, 0, 0, 0, 0, 1, 0, 0]",1
11,0,203,"[4, 4, 3, 4, 4, 4, 3, 3, 4, 4]","[1, 0, 0, 0, 0, 0, 0, 0, 0, 0]",1
11,0,204,"[8, 8, 8, 8, 8, 7, 7, 8, 8, 9]","[1, 1, 0, 0, 0, 1, 0, 1, 0, 1]",1
11,0,205,"[9, 9, 9, 9, 9, 9, 8, 9, 5, 9]","[1, 1, 1, 1, 0, 0, 0, 1, 0, 0]",1
11,0,206,"[7, 8, 7, 6, 8, 1, 8, 8, 6, 8]","[0, 0, 0, 0, 0, 0, 1, 1, 1, 0]",1
11,0,207,"[5, 5, 5, 5, 4, 6, 5, 5, 5, 5]","[0, 0, 0, 0, 0, 0, 1, 0, 0, 0]",1
11,0,208,"[8, 8, 7, 6, 4, 6, 9, 7, 5, 5]","[0, 1, 0, 0, 0, 0, 1, 1, 0, 0]",1
11,0,209,"[6, 7, 8, 8, 7, 7, 7, 7, 7, 7]","[1, 0, 1, 0, 0, 1, 0, 0, 1, 0]",1
11,1,0,"[7, 5, 7, 7, 7, 8, 7, 8, 5, 6]","[1, 1, 0, 0, 1, 1, 1, 0, 1, 1]",1
11,1,1,"[5, 4, 4, 3, 5, 4, 4, 4, 4, 4]","[1, 1, 1, 0, 1, 0, 0, 0, 0, 0]",1
11,1,2,"[3, 1, 2, 2, 1, 2, 3, 2, 3, 2]","[0, 0, 0, 1, 1, 0, 0, 1, 0, 0]",1
11,1,3,"[8, 6, 6, 6, 6, 5, 5, 6, 5, 5]","[1, 0, 0, 0, 0, 0, 1, 1, 0, 0]",1
11,1,4,"[3, 6, 4, 3, 5, 3, 4, 4, 3, 3]","[1, 1, 0, 1, 0, 0, 0, 0, 0, 1]",1
11,1,5,"[5, 3, 4, 4, 3, 4, 5, 4, 4, 4]","[1, 0, 0, 1, 0, 0, 0, 0, 0, 0]",1
11,1,6,"[7, 4, 3, 5, 3, 6, 3, 5, 5, 4]","[1, 0, 1, 1, 0, 0, 0, 0, 0, 1]",1
11,1,7,"[5, 4, 5, 2, 5, 4, 5, 3, 5, 4]","[1, 0, 0, 0, 0, 0, 1, 1, 1, 0]",1
11,1,8,"[2, 3, 3, 3, 1, 3, 3, 3, 3, 1]","[0, 0, 0, 0, 0, 1, 0, 0, 0, 0]",1
11,1,9,"[4, 4, 3, 4, 4, 1, 3, 5, 2, 3]","[0, 0, 0, 0, 0, 0, 0, 0, 0, 0]",1
11,1,10,"[4, 5, 3, 5, 5, 3, 5, 5, 4, 4]","[0, 1, 0, 0, 0, 1, 0, 1, 0, 0]",1
11,1,11,"[2, 3, 3, 4, 3, 3, 3, 4, 4, 3]","[1, 0, 0, 1, 0, 0, 0, 0, 0, 1]",1
11,1,12,"[4, 4, 3, 4, 5, 4, 4, 4, 4, 3]","[0, 0, 0, 0, 1, 0, 0, 0, 0, 0]",1
11,1,13,"[1, 4, 5, 7, 6, 2, 6, 6, 3, 6]","[0, 1, 0, 0, 1, 0, 1, 0, 0, 1]",1
11,1,14,"[3, 3, 2, 3, 3, 3, 3, 4, 4, 3]","[0, 0, 1, 0, 1, 0, 1, 0, 0, 0]",1
11,1,15,"[2, 1, 5, 8, 2, 1, 3, 7, 1, 1]","[1, 1, 1, 1, 1, 0, 1, 1, 0, 1]",1
11,1,16,"[5, 7, 2, 4, 5, 5, 5, 4, 4, 5]","[0, 0, 0, 0, 0, 0, 1, 0, 0, 1]",1
11,1,17,"[4, 5, 5, 5, 5, 5, 6, 5, 5, 5]","[0, 0, 0, 0, 1, 0, 0, 0, 0, 0]",1
11,1,18,"[4, 3, 4, 2, 2, 3, 2, 4, 3, 3]","[0, 0, 1, 0, 0, 0, 0, 0, 0, 0]",1
11,1,19,"[3, 1, 3, 3, 3, 4, 9, 3, 4, 4]","[0, 0, 0, 0, 0, 0, 0, 0, 0, 0]",1
11,1,20,"[5, 2, 3, 5, 4, 4, 5, 4, 2, 4]","[0, 0, 0, 0, 0, 0, 0, 0, 0, 0]",1
11,1,21,"[7, 6, 4, 5, 6, 6, 8, 6, 5, 6]","[0, 1, 0, 1, 0, 0, 1, 0, 0, 0]",1
11,1,22,"[3, 2, 3, 3, 3, 3, 3, 2, 2, 3]","[1, 0, 0, 1, 0, 0, 0, 0, 0, 0]",1
11,1,23,"[2, 4, 2, 4, 3, 3, 3, 4, 5, 4]","[0, 0, 1, 1, 0, 0, 0, 0, 1, 1]",1
11,1,24,"[6, 2, 2, 3, 4, 1, 5, 3, 3, 5]","[1, 0, 0, 0, 0, 0, 0, 1, 0, 0]",1
11,1,25,"[4, 4, 4, 5, 5, 4, 4, 4, 4, 5]","[0, 0, 0, 0, 0, 0, 0, 0, 0, 0]",1
11,1,26,"[6, 9, 9, 6, 9, 3, 4, 6, 9, 9]","[0, 0, 1, 0, 0, 0, 0, 0, 0, 0]",1
11,1,27,"[4, 4, 4, 4, 4, 4, 3, 3, 4, 4]","[1, 0, 0, 0, 0, 0, 1, 0, 0, 0]",1
11,1,28,"[8, 3, 4, 3, 4, 3, 3, 3, 3, 3]","[0, 0, 1, 0, 0, 0, 0, 0, 0, 1]",1
11,1,29,"[8, 5, 9, 6, 9, 9, 5, 8, 9, 9]","[1, 0, 0, 0, 1, 0, 0, 0, 0, 0]",1
11,1,30,"[6, 7, 6, 6, 6, 8, 4, 6, 6, 6]","[1, 0, 1, 1, 0, 0, 0, 1, 0, 1]",1
11,1,31,"[4, 5, 3, 3, 4, 4, 4, 6, 4, 4]","[0, 0, 0, 0, 0, 0, 0, 0, 0, 0]",1
11,1,32,"[4, 4, 3, 3, 4, 3, 3, 5, 8, 5]","[0, 1, 0, 0, 0, 1, 0, 0, 0, 0]",1
11,1,33,"[2, 2, 2, 2, 2, 2, 2, 2, 3, 2]","[0, 0, 0, 0, 0, 0, 0, 0, 0, 0]",1
11,1,34,"[6, 6, 5, 5, 5, 5, 6, 5, 4, 5]","[0, 0, 0, 0, 0, 0, 0, 0, 0, 0]",1
11,1,35,"[5, 2, 3, 3, 9, 3, 3, 2, 4, 2]","[0, 0, 1, 0, 0, 1, 0, 0, 0, 0]",1
11,1,36,"[4, 2, 2, 5, 4, 5, 5, 4, 5, 5]","[0, 0, 0, 0, 0, 0, 0, 0, 0, 0]",1
11,1,37,"[6, 4, 4, 4, 4, 4, 7, 8, 3, 1]","[1, 0, 1, 0, 1, 0, 1, 1, 1, 1]",1
11,1,38,"[3, 4, 4, 3, 3, 5, 3, 4, 2, 3]","[0, 0, 1, 0, 0, 1, 0, 0, 0, 0]",1
11,1,39,"[1, 2, 3, 2, 1, 1, 1, 4, 1, 1]","[0, 1, 0, 0, 0, 0, 1, 1, 0, 0]",1
11,1,40,"[3, 3, 3, 3, 9, 3, 3, 3, 3, 3]","[1, 0, 0, 0, 1, 0, 0, 0, 0, 0]",1
11,1,41,"[4, 3, 5, 7, 4, 5, 5, 5, 6, 5]","[0, 0, 1, 1, 0, 0, 0, 0, 0, 1]",1
11,1,42,"[4, 1, 2, 2, 3, 2, 1, 3, 1, 7]","[1, 0, 0, 0, 0, 0, 0, 0, 0, 1]",1
11,1,43,"[4, 4, 3, 3, 6, 4, 5, 5, 4, 4]","[0, 0, 0, 0, 0, 0, 0, 0, 0, 0]",1
11,1,44,"[4, 5, 6, 3, 6, 4, 4, 4, 5, 4]","[0, 0, 0, 0, 0, 0, 0, 0, 0, 0]",1
11,1,45,"[5, 6, 5, 4, 5, 6, 7, 6, 4, 1]","[0, 0, 0, 0, 0, 1, 1, 1, 0, 0]",1
11,1,46,"[3, 4, 3, 4, 1, 3, 3, 3, 3, 4]","[0, 0, 0, 0, 0, 0, 0, 0, 0, 0]",1
11,1,47,"[4, 8, 4, 3, 4, 4, 4, 4, 7, 3]","[0, 0, 0, 1, 0, 0, 1, 0, 0, 0]",1
11,1,48,"[4, 4, 3, 4, 3, 4, 3, 2, 5, 4]","[0, 0, 0, 0, 0, 0, 0, 0, 0, 1]",1
11,1,49,"[3, 6, 4, 1, 7, 3, 4, 3, 4, 4]","[0, 0, 0, 0, 0, 0, 0, 1, 0, 0]",1
11,1,50,"[3, 4, 4, 5, 7, 4, 4, 4, 4, 4]","[0, 0, 0, 0, 0, 0, 0, 0, 1, 0]",1
11,1,51,"[1, 4, 3, 3, 3, 2, 3, 3, 3, 3]","[0, 1, 0, 0, 0, 0, 0, 0, 0, 0]",1
11,1,52,"[2, 2, 3, 4, 2, 3, 2, 3, 4, 2]","[0, 0, 0, 0, 0, 0, 1, 0, 1, 1]",1
11,1,53,"[4, 4, 4, 4, 4, 3, 4, 4, 4, 4]","[0, 0, 1, 0, 1, 0, 0, 0, 1, 0]",1
11,1,54,"[2, 3, 4, 3, 7, 2, 1, 3, 3, 3]","[0, 0, 0, 0, 0, 0, 0, 0, 0, 0]",1
11,1,55,"[6, 7, 6, 8, 1, 6, 7, 8, 7, 5]","[0, 0, 0, 0, 0, 0, 1, 0, 0, 0]",1
11,1,56,"[4, 3, 6, 7, 3, 5, 4, 1, 5, 3]","[0, 0, 0, 0, 0, 0, 1, 0, 0, 1]",1
11,1,57,"[4, 4, 4, 2, 1, 4, 4, 4, 3, 4]","[1, 0, 0, 0, 0, 0, 0, 1, 1, 0]",1
11,1,58,"[6, 6, 3, 7, 1, 5, 3, 5, 6, 5]","[1, 0, 0, 1, 0, 1, 0, 0, 0, 0]",1
11,1,59,"[4, 5, 2, 8, 6, 4, 3, 1, 6, 5]","[0, 0, 0, 0, 1, 0, 0, 0, 0, 0]",1
11,1,60,"[3, 2, 3, 3, 2, 2, 7, 2, 2, 3]","[0, 0, 1, 0, 0, 0, 0, 0, 0, 0]",1
11,1,61,"[4, 4, 4, 3, 4, 4, 5, 4, 6, 4]","[0, 0, 0, 0, 1, 0, 1, 0, 0, 0]",1
11,1,62,"[8, 8, 8, 8, 8, 8, 7, 9, 5, 8]","[0, 1, 0, 0, 1, 0, 1, 0, 0, 1]",1
11,1,63,"[2, 5, 5, 4, 6, 5, 5, 5, 3, 4]","[0, 1, 1, 0, 0, 1, 1, 0, 0, 0]",1
11,1,64,"[1, 3, 3, 3, 4, 3, 3, 3, 3, 4]","[0, 0, 0, 0, 1, 0, 0, 0, 0, 0]",1
11,1,65,"[5, 6, 6, 9, 1, 5, 3, 5, 3, 2]","[0, 0, 0, 1, 0, 0, 0, 0, 0, 0]",1
11,1,66,"[2, 4, 3, 3, 3, 6, 6, 4, 4, 4]","[0, 1, 0, 0, 0, 1, 1, 0, 0, 1]",1
11,1,67,"[3, 1, 2, 4, 4, 3, 3, 1, 1, 1]","[0, 0, 0, 0, 0, 0, 0, 0, 0, 1]",1
11,1,68,"[4, 5, 5, 4, 4, 4, 5, 5, 5, 4]","[1, 1, 0, 0, 0, 1, 0, 0, 1, 1]",1
11,1,69,"[4, 2, 5, 4, 3, 4, 6, 2, 4, 4]","[1, 0, 0, 1, 0, 0, 1, 0, 1, 0]",1
11,1,70,"[4, 5, 4, 3, 4, 7, 6, 5, 3, 5]","[0, 0, 1, 1, 1, 0, 1, 0, 0, 0]",1
11,1,71,"[3, 3, 3, 3, 5, 3, 4, 3, 3, 3]","[0, 0, 0, 0, 0, 0, 0, 0, 0, 0]",1
11,1,72,"[3, 3, 4, 3, 2, 4, 4, 3, 3, 3]","[0, 0, 0, 0, 0, 0, 0, 0, 0, 1]",1
11,1,73,"[4, 5, 4, 1, 3, 1, 7, 3, 1, 1]","[0, 1, 1, 1, 0, 0, 0, 0, 0, 0]",1
11,1,74,"[3, 2, 4, 1, 7, 3, 1, 3, 3, 4]","[0, 0, 0, 0, 0, 0, 0, 0, 0, 0]",1
11,1,75,"[8, 7, 8, 5, 8, 8, 7, 3, 7, 8]","[0, 0, 1, 0, 0, 0, 0, 0, 1, 0]",1
11,1,76,"[4, 2, 3, 3, 3, 4, 4, 3, 1, 3]","[0, 0, 1, 1, 1, 0, 0, 0, 0, 1]",1
11,1,77,"[4, 5, 4, 4, 4, 8, 4, 3, 4, 4]","[0, 1, 1, 1, 0, 0, 0, 0, 1, 1]",1
11,1,78,"[1, 5, 4, 4, 5, 3, 5, 4, 6, 3]","[0, 0, 1, 0, 1, 0, 0, 0, 1, 1]",1
11,1,79,"[2, 4, 6, 4, 5, 6, 7, 7, 5, 2]","[0, 0, 0, 1, 0, 0, 0, 1, 0, 0]",1
11,1,80,"[7, 8, 6, 1, 7, 7, 7, 7, 8, 5]","[0, 1, 0, 0, 1, 0, 1, 0, 1, 0]",1
11,1,81,"[3, 5, 6, 5, 9, 7, 7, 6, 5, 4]","[0, 0, 0, 0, 1, 0, 0, 1, 0, 0]",1
11,1,82,"[6, 9, 3, 5, 4, 4, 7, 4, 4, 6]","[0, 1, 0, 0, 0, 1, 0, 0, 0, 0]",1
11,1,83,"[7, 5, 3, 6, 5, 1, 6, 3, 7, 5]","[1, 1, 0, 0, 1, 1, 0, 0, 0, 1]",1
11,1,84,"[3, 1, 1, 1, 1, 1, 3, 1, 1, 3]","[0, 0, 1, 0, 1, 0, 1, 0, 0, 1]",1
11,1,85,"[9, 9, 9, 9, 8, 9, 9, 9, 9, 9]","[0, 0, 0, 0, 0, 0, 1, 1, 0, 0]",1
11,1,86,"[6, 6, 6, 5, 6, 7, 4, 4, 6, 7]","[0, 0, 0, 0, 0, 0, 0, 0, 1, 1]",1
11,1,87,"[4, 3, 2, 4, 2, 3, 7, 3, 4, 3]","[0, 1, 0, 0, 1, 0, 1, 0, 1, 0]",1
11,1,88,"[3, 3, 3, 2, 1, 4, 1, 3, 3, 3]","[0, 1, 0, 0, 0, 0, 0, 0, 0, 0]",1
11,1,89,"[6, 6, 6, 6, 6, 6, 5, 7, 5, 6]","[1, 0, 1, 0, 1, 1, 0, 0, 1, 1]",1
11,1,90,"[6, 6, 6, 6, 7, 6, 7, 6, 9, 6]","[0, 0, 0, 0, 0, 0, 0, 0, 0, 0]",1
11,1,91,"[2, 2, 3, 4, 3, 3, 8, 4, 8, 2]","[0, 0, 0, 0, 0, 0, 1, 0, 1, 0]",1
11,1,92,"[5, 9, 5, 4, 4, 4, 5, 4, 6, 5]","[0, 1, 0, 0, 0, 0, 0, 0, 1, 0]",1
11,1,93,"[2, 1, 2, 2, 2, 1, 4, 1, 3, 3]","[1, 0, 0, 0, 1, 0, 0, 0, 0, 1]",1
11,1,94,"[4, 5, 5, 6, 6, 8, 8, 5, 4, 8]","[1, 1, 1, 1, 0, 1, 0, 1, 1, 1]",1
11,1,95,"[3, 3, 2, 3, 2, 3, 3, 3, 3, 3]","[0, 0, 0, 0, 0, 0, 0, 0, 0, 0]",1
11,1,96,"[2, 3, 3, 3, 2, 3, 3, 6, 3, 5]","[0, 0, 0, 0, 0, 0, 0, 0, 0, 0]",1
11,1,97,"[4, 3, 3, 4, 4, 2, 3, 5, 3, 3]","[0, 1, 0, 0, 0, 0, 0, 0, 1, 0]",1
11,1,98,"[9, 7, 8, 1, 9, 9, 9, 3, 3, 3]","[0, 0, 1, 0, 0, 1, 1, 0, 0, 0]",1
11,1,99,"[3, 1, 2, 1, 1, 1, 2, 1, 3, 9]","[0, 0, 0, 0, 0, 0, 0, 0, 0, 1]",1
11,1,100,"[3, 3, 3, 3, 3, 4, 3, 3, 3, 3]","[0, 1, 0, 0, 0, 0, 0, 1, 0, 0]",1
11,1,101,"[3, 4, 6, 2, 4, 6, 4, 4, 3, 5]","[0, 0, 1, 0, 0, 1, 0, 0, 0, 0]",1
11,1,102,"[3, 6, 4, 4, 4, 2, 2, 4, 1, 3]","[1, 0, 0, 0, 0, 0, 1, 0, 0, 0]",1
11,1,103,"[2, 2, 2, 2, 2, 2, 3, 1, 2, 2]","[0, 0, 0, 0, 0, 0, 0, 0, 0, 0]",1
11,1,104,"[8, 9, 9, 4, 9, 8, 9, 9, 7, 9]","[1, 1, 0, 0, 1, 0, 0, 0, 0, 0]",1
11,1,105,"[8, 5, 8, 3, 3, 4, 3, 4, 4, 3]","[1, 0, 1, 0, 0, 0, 0, 1, 0, 1]",1
11,1,106,"[4, 4, 4, 9, 3, 2, 3, 3, 3, 3]","[1, 0, 0, 0, 0, 1, 0, 0, 0, 0]",1
11,1,107,"[4, 2, 2, 2, 2, 2, 2, 2, 4, 2]","[0, 0, 0, 0, 0, 0, 0, 0, 0, 0]",1
11,1,108,"[3, 5, 5, 3, 2, 3, 5, 3, 5, 5]","[0, 0, 1, 0, 0, 1, 0, 1, 1, 0]",1
11,1,109,"[4, 4, 5, 4, 5, 4, 2, 5, 3, 5]","[1, 0, 0, 0, 0, 0, 0, 0, 1, 0]",1
11,1,110,"[4, 6, 3, 3, 4, 2, 3, 3, 3, 2]","[0, 1, 0, 0, 1, 0, 0, 0, 1, 0]",1
11,1,111,"[6, 5, 5, 7, 5, 4, 5, 4, 4, 6]","[0, 1, 0, 0, 0, 0, 0, 0, 0, 1]",1
11,1,112,"[5, 5, 5, 5, 5, 5, 4, 5, 5, 5]","[0, 1, 0, 0, 0, 0, 0, 0, 0, 0]",1
11,1,113,"[1, 3, 2, 4, 5, 3, 4, 6, 4, 2]","[0, 0, 0, 0, 0, 1, 1, 1, 0, 0]",1
11,1,114,"[4, 4, 5, 5, 4, 3, 4, 2, 3, 2]","[0, 0, 1, 0, 0, 0, 0, 0, 0, 1]",1
11,1,115,"[5, 4, 4, 5, 4, 6, 4, 9, 4, 7]","[1, 0, 0, 1, 0, 1, 0, 1, 0, 0]",1
11,1,116,"[6, 6, 8, 5, 6, 5, 6, 7, 6, 6]","[1, 1, 0, 1, 1, 1, 0, 1, 0, 1]",1
11,1,117,"[3, 3, 4, 3, 4, 3, 4, 3, 3, 4]","[0, 0, 0, 0, 0, 0, 1, 0, 0, 0]",1
11,1,118,"[9, 6, 4, 5, 7, 6, 7, 5, 5, 5]","[1, 1, 1, 0, 0, 0, 1, 0, 1, 0]",1
11,1,119,"[7, 5, 6, 6, 5, 7, 5, 5, 6, 7]","[0, 1, 0, 0, 0, 0, 0, 1, 1, 1]",1
11,1,120,"[2, 5, 3, 5, 5, 4, 5, 5, 5, 6]","[1, 0, 0, 0, 1, 0, 0, 0, 0, 0]",1
11,1,121,"[4, 5, 3, 4, 4, 4, 3, 4, 3, 5]","[0, 0, 0, 0, 0, 0, 0, 0, 0, 0]",1
11,1,122,"[3, 3, 3, 4, 3, 3, 4, 4, 7, 3]","[0, 1, 1, 0, 0, 0, 0, 0, 0, 0]",1
11,1,123,"[4, 1, 6, 3, 3, 5, 3, 4, 1, 1]","[0, 0, 0, 0, 0, 1, 0, 0, 0, 0]",1
11,1,124,"[1, 3, 5, 4, 3, 2, 3, 2, 3, 3]","[0, 0, 0, 0, 0, 0, 0, 0, 0, 0]",1
11,1,125,"[3, 3, 3, 3, 3, 3, 3, 3, 3, 3]","[0, 0, 0, 0, 1, 0, 0, 0, 0, 0]",1
11,1,126,"[3, 4, 4, 4, 8, 3, 5, 4, 3, 5]","[0, 0, 0, 0, 0, 0, 1, 0, 0, 0]",1
11,1,127,"[2, 3, 8, 3, 3, 3, 4, 3, 4, 3]","[0, 0, 1, 1, 0, 0, 0, 0, 0, 0]",1
11,1,128,"[7, 5, 6, 3, 6, 5, 2, 6, 4, 7]","[0, 0, 1, 0, 1, 1, 0, 0, 0, 0]",1
11,1,129,"[5, 3, 4, 5, 5, 6, 2, 4, 4, 3]","[0, 0, 0, 0, 0, 0, 1, 1, 0, 0]",1
11,1,130,"[6, 8, 9, 5, 6, 4, 5, 5, 6, 5]","[1, 1, 1, 1, 1, 0, 1, 1, 1, 0]",1
11,1,131,"[1, 5, 1, 1, 1, 1, 8, 1, 5, 1]","[0, 1, 1, 0, 1, 0, 1, 0, 1, 1]",1
11,1,132,"[2, 3, 3, 2, 4, 6, 3, 3, 3, 3]","[0, 0, 0, 0, 0, 0, 0, 0, 0, 0]",1
11,1,133,"[1, 2, 3, 2, 2, 2, 5, 2, 2, 6]","[0, 0, 0, 0, 0, 0, 0, 0, 0, 1]",1
11,1,134,"[7, 6, 8, 5, 7, 7, 7, 7, 5, 7]","[0, 0, 0, 0, 1, 1, 0, 0, 0, 0]",1
11,1,135,"[4, 3, 4, 4, 6, 5, 5, 5, 1, 8]","[0, 0, 0, 1, 1, 0, 1, 0, 0, 1]",1
11,1,136,"[6, 9, 3, 4, 4, 5, 3, 5, 3, 4]","[1, 0, 0, 1, 0, 0, 0, 1, 0, 0]",1
11,1,137,"[2, 2, 4, 3, 3, 2, 4, 3, 7, 4]","[1, 0, 1, 0, 0, 0, 0, 0, 0, 1]",1
11,1,138,"[3, 3, 3, 3, 1, 3, 3, 3, 3, 3]","[0, 0, 0, 0, 0, 0, 0, 0, 0, 0]",1
11,1,139,"[4, 3, 3, 3, 3, 3, 7, 3, 7, 4]","[0, 0, 0, 0, 0, 0, 0, 0, 0, 1]",1
11,1,140,"[5, 4, 5, 6, 5, 5, 6, 5, 5, 7]","[1, 1, 0, 0, 1, 1, 1, 0, 1, 1]",1
11,1,141,"[3, 2, 3, 4, 1, 2, 1, 2, 6, 3]","[0, 0, 0, 0, 0, 0, 0, 0, 1, 0]",1
11,1,142,"[2, 5, 4, 4, 6, 1, 2, 7, 3, 6]","[0, 0, 0, 0, 0, 0, 0, 0, 0, 1]",1
11,1,143,"[2, 2, 2, 3, 2, 3, 2, 2, 5, 3]","[0, 0, 0, 0, 0, 0, 0, 0, 0, 0]",1
11,1,144,"[5, 6, 5, 4, 5, 4, 6, 5, 5, 5]","[0, 0, 0, 0, 0, 0, 0, 0, 0, 0]",1
11,1,145,"[7, 5, 4, 5, 4, 4, 5, 9, 5, 7]","[0, 0, 0, 0, 0, 0, 0, 1, 1, 1]",1
11,1,146,"[5, 4, 5, 6, 5, 5, 5, 5, 5, 5]","[1, 1, 1, 0, 0, 1, 0, 1, 0, 1]",1
11,1,147,"[3, 4, 3, 3, 4, 4, 5, 4, 4, 4]","[1, 0, 0, 0, 0, 0, 1, 1, 1, 1]",1
11,1,148,"[5, 7, 7, 6, 6, 6, 6, 7, 4, 5]","[0, 1, 1, 0, 0, 1, 0, 0, 1, 0]",1
11,1,149,"[6, 3, 6, 3, 2, 3, 6, 4, 4, 4]","[0, 0, 1, 0, 1, 0, 1, 0, 0, 1]",1
11,1,150,"[3, 3, 4, 2, 3, 4, 2, 3, 3, 5]","[0, 0, 0, 0, 0, 0, 0, 0, 0, 0]",1
11,1,151,"[2, 4, 3, 4, 3, 4, 4, 4, 4, 3]","[1, 0, 0, 0, 0, 0, 0, 0, 1, 0]",1
11,1,152,"[3, 3, 3, 1, 3, 2, 3, 3, 3, 3]","[0, 1, 0, 0, 1, 0, 0, 0, 0, 0]",1
11,1,153,"[2, 3, 2, 4, 3, 2, 2, 4, 1, 2]","[0, 0, 0, 0, 0, 0, 0, 0, 0, 0]",1
11,1,154,"[3, 2, 3, 4, 4, 3, 3, 5, 3, 3]","[1, 0, 0, 1, 0, 1, 0, 0, 0, 0]",1
11,1,155,"[5, 5, 6, 4, 5, 5, 3, 5, 4, 4]","[0, 0, 0, 0, 0, 1, 0, 0, 0, 0]",1
11,1,156,"[3, 3, 4, 3, 3, 3, 3, 3, 3, 3]","[0, 0, 0, 0, 0, 0, 1, 0, 1, 0]",1
11,1,157,"[7, 3, 5, 4, 5, 3, 4, 4, 4, 4]","[1, 1, 1, 0, 0, 0, 0, 0, 1, 0]",1
11,1,158,"[2, 2, 2, 3, 7, 3, 6, 8, 3, 2]","[0, 0, 0, 1, 0, 0, 0, 1, 0, 0]",1
11,1,159,"[5, 5, 4, 6, 5, 5, 6, 5, 5, 5]","[0, 0, 0, 1, 0, 1, 0, 0, 0, 0]",1
11,1,160,"[4, 3, 3, 5, 6, 4, 4, 5, 6, 4]","[0, 0, 0, 0, 0, 0, 0, 0, 1, 1]",1
11,1,161,"[3, 5, 2, 6, 8, 7, 2, 5, 7, 4]","[0, 0, 0, 1, 0, 1, 1, 0, 0, 1]",1
11,1,162,"[4, 6, 9, 3, 5, 6, 6, 3, 6, 7]","[0, 0, 0, 1, 0, 1, 1, 1, 0, 0]",1
11,1,163,"[5, 5, 3, 3, 6, 5, 6, 6, 6, 4]","[0, 0, 0, 0, 0, 0, 0, 1, 1, 0]",1
11,1,164,"[9, 9, 8, 9, 9, 6, 9, 9, 4, 9]","[0, 0, 0, 0, 0, 0, 0, 0, 0, 1]",1
11,1,165,"[2, 3, 4, 3, 3, 3, 3, 3, 4, 3]","[0, 1, 0, 0, 0, 0, 0, 0, 0, 1]",1
11,1,166,"[4, 1, 4, 3, 3, 4, 2, 3, 3, 3]","[0, 1, 0, 0, 1, 0, 0, 1, 0, 0]",1
11,1,167,"[9, 9, 9, 9, 9, 8, 9, 9, 9, 8]","[0, 1, 1, 0, 1, 1, 0, 0, 1, 1]",1
11,1,168,"[3, 6, 6, 8, 4, 6, 5, 4, 3, 4]","[0, 0, 1, 1, 0, 0, 0, 0, 0, 0]",1
11,1,169,"[6, 7, 5, 3, 6, 6, 6, 7, 7, 6]","[0, 0, 1, 0, 0, 0, 0, 0, 0, 0]",1
11,1,170,"[2, 5, 5, 2, 5, 8, 3, 2, 5, 2]","[0, 0, 1, 0, 0, 0, 0, 0, 0, 0]",1
11,1,171,"[7, 3, 4, 2, 7, 4, 4, 7, 4, 2]","[1, 0, 0, 0, 0, 0, 0, 0, 0, 0]",1
11,1,172,"[3, 4, 3, 4, 5, 3, 1, 8, 4, 4]","[0, 0, 0, 0, 0, 0, 0, 1, 0, 0]",1
11,1,173,"[6, 3, 5, 6, 3, 8, 7, 4, 5, 6]","[0, 0, 0, 0, 0, 1, 0, 1, 0, 0]",1
11,1,174,"[5, 5, 3, 6, 6, 5, 5, 4, 5, 6]","[0, 0, 1, 0, 0, 1, 1, 0, 0, 0]",1
11,1,175,"[5, 5, 5, 5, 5, 5, 3, 5, 5, 5]","[0, 0, 0, 1, 0, 0, 1, 0, 0, 0]",1
11,1,176,"[6, 6, 6, 6, 6, 7, 7, 6, 2, 5]","[0, 0, 0, 0, 1, 0, 1, 1, 0, 0]",1
11,1,177,"[8, 1, 4, 1, 4, 8, 2, 9, 2, 2]","[1, 0, 0, 0, 0, 0, 0, 0, 0, 0]",1
11,1,178,"[4, 5, 5, 5, 6, 6, 6, 6, 6, 5]","[0, 0, 0, 0, 0, 0, 0, 0, 1, 1]",1
11,1,179,"[6, 4, 3, 5, 5, 5, 3, 6, 7, 4]","[1, 1, 0, 0, 0, 0, 0, 1, 1, 1]",1
11,1,180,"[3, 4, 3, 5, 3, 4, 3, 3, 3, 4]","[0, 0, 0, 0, 0, 0, 0, 0, 0, 0]",1
11,1,181,"[4, 3, 4, 3, 4, 3, 4, 3, 3, 4]","[0, 0, 0, 0, 0, 0, 0, 0, 0, 0]",1
11,1,182,"[4, 3, 4, 5, 1, 3, 3, 4, 4, 4]","[0, 0, 0, 0, 0, 0, 0, 0, 1, 0]",1
11,1,183,"[6, 5, 5, 6, 7, 6, 6, 6, 6, 6]","[0, 0, 0, 0, 0, 0, 1, 0, 0, 0]",1
11,1,184,"[4, 2, 3, 3, 3, 2, 3, 8, 4, 3]","[0, 0, 0, 0, 0, 0, 0, 1, 0, 0]",1
11,1,185,"[7, 8, 5, 8, 8, 3, 7, 7, 7, 2]","[0, 1, 0, 1, 0, 0, 1, 0, 0, 0]",1
11,1,186,"[4, 7, 3, 4, 5, 5, 6, 4, 4, 6]","[0, 0, 0, 0, 0, 0, 1, 0, 0, 1]",1
11,1,187,"[7, 4, 6, 2, 6, 4, 5, 6, 4, 2]","[0, 0, 0, 0, 0, 0, 0, 0, 0, 0]",1
11,1,188,"[4, 3, 7, 4, 3, 3, 4, 5, 3, 8]","[0, 0, 0, 0, 0, 0, 0, 0, 0, 1]",1
11,1,189,"[3, 3, 2, 2, 2, 2, 2, 2, 2, 1]","[0, 0, 1, 0, 1, 0, 0, 0, 1, 0]",1
11,1,190,"[5, 4, 4, 2, 4, 2, 4, 7, 3, 2]","[1, 1, 0, 0, 0, 0, 1, 0, 1, 0]",1
11,1,191,"[3, 3, 3, 3, 3, 4, 3, 3, 3, 3]","[1, 0, 0, 0, 1, 0, 1, 0, 1, 0]",1
11,1,192,"[4, 4, 3, 3, 3, 3, 2, 2, 4, 3]","[0, 0, 1, 1, 0, 0, 0, 0, 1, 0]",1
11,1,193,"[5, 5, 5, 5, 5, 7, 2, 5, 5, 5]","[1, 0, 0, 0, 0, 1, 1, 1, 0, 0]",1
11,1,194,"[4, 6, 2, 4, 2, 2, 1, 7, 4, 5]","[1, 0, 0, 0, 0, 0, 0, 0, 0, 1]",1
11,1,195,"[1, 2, 1, 1, 2, 2, 1, 1, 1, 1]","[0, 1, 1, 0, 1, 1, 0, 0, 0, 0]",1
11,1,196,"[4, 3, 4, 3, 4, 4, 3, 9, 4, 3]","[0, 0, 0, 0, 0, 0, 0, 0, 0, 0]",1
11,1,197,"[4, 4, 4, 4, 4, 4, 4, 6, 4, 4]","[0, 0, 0, 1, 1, 0, 0, 1, 0, 0]",1
11,1,198,"[2, 3, 5, 6, 6, 4, 3, 5, 2, 4]","[0, 0, 0, 0, 0, 1, 0, 0, 0, 0]",1
11,1,199,"[3, 3, 4, 3, 3, 3, 3, 4, 3, 3]","[0, 0, 0, 0, 0, 0, 0, 0, 0, 0]",1
11,1,200,"[2, 4, 2, 3, 2, 2, 2, 2, 2, 2]","[0, 0, 0, 1, 1, 0, 0, 0, 0, 0]",1
11,1,201,"[8, 4, 8, 4, 9, 7, 8, 3, 4, 5]","[1, 1, 0, 0, 1, 0, 1, 1, 1, 1]",1
11,1,202,"[5, 6, 5, 5, 5, 2, 5, 5, 5, 7]","[0, 0, 0, 0, 0, 0, 0, 0, 0, 0]",1
11,1,203,"[3, 3, 3, 3, 3, 4, 3, 6, 4, 3]","[0, 0, 0, 0, 0, 0, 0, 0, 0, 1]",1
11,1,204,"[4, 2, 2, 3, 2, 3, 2, 1, 2, 2]","[1, 0, 0, 0, 0, 0, 0, 0, 1, 0]",1
11,1,205,"[9, 8, 9, 9, 8, 1, 9, 9, 7, 9]","[1, 1, 1, 1, 1, 0, 1, 1, 1, 1]",1
11,1,206,"[3, 3, 2, 3, 2, 2, 4, 3, 4, 3]","[0, 1, 0, 0, 1, 0, 0, 1, 0, 0]",1
11,1,207,"[3, 4, 3, 3, 3, 3, 3, 3, 4, 4]","[0, 0, 0, 0, 0, 0, 0, 1, 1, 0]",1
11,1,208,"[4, 6, 4, 5, 4, 2, 5, 5, 4, 4]","[0, 1, 0, 0, 0, 0, 0, 1, 0, 0]",1
11,1,209,"[6, 4, 5, 3, 4, 4, 4, 4, 4, 4]","[1, 1, 0, 0, 0, 0, 1, 0, 0, 1]",1
12,0,0,"[9, 7, 7, 7, 7, 7, 7, 7, 6, 6]","[0, 1, 0, 0, 0, 0, 0, 0, 1, 0]",1
12,0,1,"[7, 6, 6, 6, 6, 6, 5, 6, 7, 6]","[1, 0, 0, 1, 0, 0, 1, 0, 1, 0]",1
12,0,2,"[7, 9, 9, 5, 2, 9, 8, 8, 5, 8]","[0, 0, 0, 0, 0, 0, 0, 0, 0, 0]",1
12,0,3,"[4, 6, 6, 4, 8, 4, 3, 5, 7, 7]","[0, 0, 0, 0, 0, 0, 0, 0, 1, 0]",1
12,0,4,"[4, 3, 2, 6, 4, 2, 4, 4, 5, 5]","[0, 0, 0, 0, 0, 0, 0, 0, 0, 1]",1
12,0,5,"[4, 4, 6, 5, 5, 6, 7, 4, 5, 5]","[0, 0, 0, 1, 0, 0, 0, 0, 0, 0]",1
12,0,6,"[3, 1, 3, 7, 3, 4, 2, 8, 6, 4]","[1, 0, 0, 0, 0, 0, 0, 1, 0, 0]",1
12,0,7,"[6, 6, 6, 6, 8, 7, 7, 7, 8, 6]","[0, 0, 0, 0, 0, 1, 1, 1, 0, 0]",1
12,0,8,"[9, 5, 7, 6, 7, 5, 6, 1, 6, 6]","[0, 0, 1, 0, 0, 0, 0, 0, 0, 0]",1
12,0,9,"[4, 3, 3, 6, 6, 4, 1, 4, 4, 5]","[0, 0, 0, 0, 1, 0, 0, 0, 0, 0]",1
12,0,10,"[5, 3, 4, 5, 3, 4, 4, 4, 3, 3]","[0, 0, 0, 0, 0, 0, 0, 0, 0, 0]",1
12,0,11,"[5, 4, 2, 2, 3, 4, 4, 7, 5, 5]","[0, 0, 0, 0, 0, 0, 1, 1, 0, 0]",1
12,0,12,"[5, 5, 6, 6, 8, 6, 3, 6, 6, 6]","[0, 0, 0, 0, 0, 0, 0, 1, 1, 0]",1
12,0,13,"[3, 3, 7, 6, 3, 6, 7, 4, 3, 3]","[0, 0, 0, 0, 0, 0, 0, 0, 0, 1]",1
12,0,14,"[5, 7, 8, 3, 9, 5, 2, 6, 6, 6]","[0, 0, 0, 1, 0, 0, 0, 1, 0, 0]",1
12,0,15,"[4, 1, 3, 3, 3, 3, 5, 4, 2, 5]","[0, 0, 0, 1, 1, 1, 0, 0, 0, 0]",1
12,0,16,"[7, 4, 4, 6, 9, 4, 5, 7, 4, 8]","[0, 0, 0, 1, 0, 0, 0, 0, 0, 1]",1
12,0,17,"[6, 5, 7, 7, 7, 7, 5, 6, 4, 5]","[0, 0, 0, 1, 0, 0, 0, 0, 0, 1]",1
12,0,18,"[4, 5, 9, 5, 5, 5, 5, 5, 8, 5]","[0, 0, 1, 0, 0, 0, 0, 1, 0, 0]",1
12,0,19,"[4, 5, 4, 3, 3, 3, 1, 4, 3, 3]","[0, 0, 0, 1, 0, 0, 0, 0, 0, 0]",1
12,0,20,"[5, 7, 6, 5, 6, 5, 6, 4, 4, 7]","[0, 0, 0, 0, 0, 1, 1, 0, 0, 0]",1
12,0,21,"[7, 8, 7, 9, 9, 7, 5, 7, 5, 9]","[0, 1, 0, 1, 0, 0, 0, 0, 0, 0]",1
12,0,22,"[4, 5, 4, 3, 4, 4, 4, 4, 4, 4]","[0, 0, 1, 0, 0, 0, 0, 0, 0, 0]",1
12,0,23,"[4, 3, 4, 3, 4, 4, 3, 6, 2, 4]","[0, 0, 0, 0, 0, 0, 0, 1, 0, 0]",1
12,0,24,"[2, 4, 5, 8, 3, 2, 2, 5, 5, 5]","[0, 0, 0, 0, 0, 0, 0, 0, 0, 0]",1
12,0,25,"[6, 6, 6, 9, 5, 6, 6, 2, 8, 6]","[0, 0, 0, 0, 1, 0, 0, 0, 1, 1]",1
12,0,26,"[9, 9, 8, 9, 9, 7, 9, 9, 9, 9]","[0, 1, 1, 0, 1, 0, 0, 0, 0, 0]",1
12,0,27,"[6, 6, 8, 5, 6, 6, 6, 6, 6, 7]","[0, 0, 1, 0, 0, 0, 0, 0, 0, 1]",1
12,0,28,"[5, 5, 4, 5, 5, 6, 5, 6, 9, 4]","[1, 0, 1, 0, 0, 1, 0, 0, 0, 0]",1
12,0,29,"[9, 9, 9, 9, 9, 9, 9, 9, 9, 9]","[0, 1, 0, 1, 1, 0, 0, 1, 0, 0]",1
12,0,30,"[2, 4, 6, 1, 6, 5, 3, 7, 5, 5]","[1, 0, 0, 1, 1, 0, 0, 1, 0, 0]",1
12,0,31,"[8, 8, 5, 5, 3, 5, 8, 4, 8, 5]","[1, 0, 1, 0, 0, 0, 0, 0, 0, 0]",1
12,0,32,"[6, 4, 4, 5, 5, 6, 6, 5, 5, 5]","[0, 0, 0, 0, 0, 1, 0, 1, 0, 1]",1
12,0,33,"[3, 6, 2, 2, 3, 3, 2, 2, 3, 2]","[0, 0, 0, 1, 0, 0, 0, 0, 0, 0]",1
12,0,34,"[7, 7, 7, 7, 6, 8, 3, 7, 6, 9]","[0, 1, 1, 1, 0, 1, 0, 0, 1, 0]",1
12,0,35,"[3, 4, 4, 4, 4, 4, 4, 3, 4, 3]","[0, 0, 0, 0, 0, 0, 1, 0, 0, 0]",1
12,0,36,"[5, 8, 4, 4, 3, 8, 9, 9, 3, 7]","[0, 0, 0, 1, 0, 0, 0, 0, 0, 0]",1
12,0,37,"[8, 6, 4, 6, 5, 9, 5, 8, 8, 4]","[1, 0, 1, 0, 0, 0, 0, 0, 0, 0]",1
12,0,38,"[5, 5, 6, 3, 4, 6, 5, 4, 4, 5]","[0, 0, 0, 0, 0, 0, 0, 0, 0, 0]",1
12,0,39,"[5, 1, 3, 3, 1, 6, 1, 1, 1, 3]","[0, 0, 0, 1, 0, 1, 0, 0, 0, 0]",1
12,0,40,"[3, 3, 3, 3, 3, 3, 2, 3, 3, 3]","[0, 0, 0, 0, 0, 0, 0, 0, 1, 0]",1
12,0,41,"[4, 3, 5, 4, 6, 3, 5, 1, 6, 4]","[0, 1, 0, 0, 1, 0, 0, 0, 1, 0]",1
12,0,42,"[4, 4, 2, 3, 2, 3, 2, 3, 3, 2]","[0, 0, 0, 0, 0, 0, 1, 0, 0, 0]",1
12,0,43,"[3, 3, 4, 4, 4, 3, 4, 5, 2, 4]","[0, 1, 0, 0, 0, 0, 0, 0, 0, 0]",1
12,0,44,"[4, 7, 5, 5, 4, 6, 4, 4, 4, 5]","[0, 1, 1, 0, 0, 0, 1, 1, 0, 1]",1
12,0,45,"[4, 4, 4, 3, 5, 3, 4, 4, 5, 4]","[0, 0, 1, 0, 0, 0, 0, 1, 0, 0]",1
12,0,46,"[3, 2, 4, 3, 3, 3, 3, 3, 2, 3]","[0, 0, 0, 0, 0, 0, 0, 0, 0, 0]",1
12,0,47,"[7, 6, 7, 7, 7, 8, 6, 6, 6, 7]","[1, 0, 1, 1, 0, 1, 0, 0, 0, 0]",1
12,0,48,"[5, 5, 7, 5, 5, 5, 5, 5, 6, 4]","[0, 0, 0, 0, 0, 0, 0, 0, 1, 0]",1
12,0,49,"[3, 5, 4, 8, 4, 5, 5, 5, 4, 4]","[0, 0, 1, 0, 1, 0, 1, 0, 0, 0]",1
12,0,50,"[5, 5, 8, 7, 5, 7, 8, 7, 8, 8]","[0, 0, 1, 1, 1, 1, 1, 0, 0, 1]",1
12,0,51,"[5, 5, 5, 5, 5, 5, 2, 4, 6, 6]","[0, 1, 0, 0, 1, 1, 0, 0, 0, 0]",1
12,0,52,"[5, 4, 2, 4, 2, 2, 2, 2, 3, 2]","[0, 0, 0, 1, 1, 0, 0, 0, 1, 0]",1
12,0,53,"[4, 4, 4, 4, 3, 4, 4, 3, 4, 4]","[1, 0, 0, 0, 0, 0, 0, 0, 0, 0]",1
12,0,54,"[4, 7, 5, 6, 5, 8, 7, 8, 8, 8]","[0, 0, 0, 0, 1, 0, 1, 0, 0, 0]",1
12,0,55,"[5, 5, 6, 4, 3, 5, 5, 6, 4, 3]","[0, 0, 0, 1, 0, 1, 0, 0, 0, 0]",1
12,0,56,"[1, 1, 1, 1, 1, 1, 1, 2, 6, 4]","[1, 0, 0, 0, 0, 0, 0, 0, 0, 0]",1
12,0,57,"[4, 8, 4, 4, 3, 6, 5, 4, 4, 4]","[0, 0, 0, 0, 0, 0, 1, 0, 0, 0]",1
12,0,58,"[6, 6, 7, 5, 6, 5, 5, 5, 5, 6]","[1, 1, 0, 1, 1, 0, 0, 0, 1, 0]",1
12,0,59,"[5, 2, 4, 5, 5, 4, 5, 6, 5, 4]","[0, 0, 0, 1, 0, 0, 0, 0, 0, 0]",1
12,0,60,"[3, 4, 4, 2, 4, 6, 4, 4, 1, 5]","[0, 0, 0, 0, 0, 0, 0, 0, 0, 0]",1
12,0,61,"[5, 9, 2, 2, 5, 4, 4, 8, 4, 4]","[0, 1, 0, 0, 0, 1, 0, 0, 0, 1]",1
12,0,62,"[9, 9, 9, 9, 9, 9, 9, 9, 9, 9]","[0, 0, 0, 0, 1, 0, 0, 0, 0, 0]",1
12,0,63,"[6, 7, 7, 7, 7, 7, 6, 7, 7, 7]","[0, 0, 0, 0, 0, 0, 1, 0, 0, 0]",1
12,0,64,"[1, 5, 3, 7, 3, 4, 4, 2, 5, 4]","[0, 1, 0, 0, 0, 0, 1, 0, 0, 0]",1
12,0,65,"[3, 3, 1, 2, 1, 3, 3, 3, 3, 6]","[1, 0, 0, 0, 0, 0, 0, 0, 1, 0]",1
12,0,66,"[6, 6, 4, 3, 7, 4, 6, 4, 4, 7]","[0, 0, 0, 0, 0, 0, 0, 0, 0, 0]",1
12,0,67,"[5, 5, 6, 6, 2, 5, 2, 6, 4, 4]","[0, 0, 0, 0, 0, 0, 0, 0, 0, 0]",1
12,0,68,"[4, 6, 6, 9, 5, 5, 5, 6, 7, 4]","[0, 0, 1, 0, 0, 0, 0, 0, 0, 0]",1
12,0,69,"[6, 3, 4, 5, 7, 2, 4, 5, 4, 5]","[0, 1, 0, 0, 0, 0, 0, 0, 0, 0]",1
12,0,70,"[6, 6, 5, 6, 6, 6, 6, 6, 6, 6]","[0, 0, 1, 0, 0, 0, 1, 0, 0, 0]",1
12,0,71,"[5, 4, 5, 7, 5, 5, 4, 5, 5, 6]","[0, 0, 0, 0, 0, 0, 0, 0, 0, 0]",1
12,0,72,"[3, 5, 5, 4, 4, 4, 3, 5, 4, 4]","[0, 0, 0, 0, 0, 0, 1, 1, 0, 0]",1
12,0,73,"[6, 5, 5, 3, 5, 5, 6, 5, 5, 6]","[0, 0, 0, 0, 1, 0, 0, 0, 0, 1]",1
12,0,74,"[3, 6, 2, 4, 3, 4, 3, 4, 3, 2]","[0, 0, 0, 0, 0, 1, 0, 0, 0, 0]",1
12,0,75,"[3, 3, 4, 2, 5, 2, 3, 3, 2, 4]","[0, 0, 0, 0, 0, 0, 0, 0, 0, 1]",1
12,0,76,"[3, 4, 3, 4, 4, 4, 4, 1, 4, 5]","[0, 0, 0, 0, 0, 1, 0, 0, 1, 0]",1
12,0,77,"[8, 7, 7, 7, 7, 8, 4, 7, 7, 7]","[1, 0, 0, 0, 0, 1, 0, 0, 1, 1]",1
12,0,78,"[2, 6, 6, 5, 5, 6, 6, 4, 1, 5]","[0, 0, 1, 1, 0, 1, 0, 1, 0, 0]",1
12,0,79,"[4, 4, 3, 4, 3, 4, 4, 4, 5, 3]","[0, 1, 0, 0, 0, 0, 0, 0, 0, 1]",1
12,0,80,"[8, 7, 6, 6, 8, 7, 6, 6, 6, 7]","[0, 0, 0, 1, 0, 0, 0, 0, 0, 0]",1
12,0,81,"[6, 4, 4, 7, 2, 5, 4, 5, 4, 7]","[0, 0, 0, 1, 0, 0, 0, 0, 0, 1]",1
12,0,82,"[4, 5, 4, 6, 5, 6, 5, 5, 7, 6]","[0, 0, 0, 0, 0, 1, 0, 1, 1, 0]",1
12,0,83,"[7, 5, 5, 6, 3, 7, 5, 5, 7, 7]","[0, 0, 0, 0, 0, 0, 1, 0, 1, 0]",1
12,0,84,"[4, 2, 2, 3, 2, 4, 4, 5, 6, 4]","[0, 1, 0, 1, 0, 0, 0, 0, 1, 0]",1
12,0,85,"[7, 7, 6, 7, 7, 7, 6, 7, 7, 7]","[0, 0, 0, 0, 1, 0, 0, 0, 0, 0]",1
12,0,86,"[9, 5, 9, 5, 9, 9, 9, 9, 9, 9]","[0, 0, 1, 0, 0, 0, 1, 0, 0, 0]",1
12,0,87,"[4, 6, 4, 4, 8, 3, 4, 4, 8, 3]","[0, 0, 0, 0, 1, 0, 1, 0, 0, 0]",1
12,0,88,"[5, 6, 5, 5, 5, 5, 5, 5, 4, 5]","[0, 0, 0, 0, 0, 0, 0, 1, 0, 1]",1
12,0,89,"[4, 5, 5, 2, 6, 4, 4, 4, 4, 4]","[0, 1, 0, 0, 0, 0, 0, 0, 1, 0]",1
12,0,90,"[9, 9, 9, 9, 9, 9, 9, 9, 9, 9]","[1, 0, 1, 0, 0, 0, 1, 0, 1, 0]",1
12,0,91,"[6, 5, 2, 3, 4, 5, 4, 6, 6, 6]","[0, 0, 0, 0, 0, 1, 0, 0, 0, 0]",1
12,0,92,"[4, 4, 4, 4, 5, 7, 3, 5, 3, 4]","[0, 0, 0, 1, 0, 0, 0, 0, 0, 1]",1
12,0,93,"[3, 2, 2, 2, 1, 9, 5, 3, 7, 6]","[0, 1, 0, 0, 1, 0, 1, 0, 1, 1]",1
12,0,94,"[8, 8, 5, 7, 6, 5, 7, 7, 6, 3]","[1, 0, 0, 0, 1, 0, 1, 0, 0, 0]",1
12,0,95,"[1, 2, 2, 2, 2, 2, 2, 2, 2, 2]","[0, 0, 0, 0, 0, 0, 0, 0, 0, 0]",1
12,0,96,"[4, 4, 4, 4, 4, 4, 5, 5, 3, 5]","[0, 0, 0, 0, 0, 0, 0, 0, 0, 1]",1
12,0,97,"[3, 4, 3, 5, 6, 3, 5, 6, 6, 6]","[0, 0, 1, 0, 1, 0, 0, 0, 0, 0]",1
12,0,98,"[9, 9, 9, 9, 9, 9, 9, 9, 9, 9]","[0, 0, 0, 0, 0, 0, 0, 0, 0, 0]",1
12,0,99,"[4, 3, 4, 3, 5, 5, 2, 3, 4, 2]","[0, 0, 1, 0, 0, 0, 0, 0, 0, 0]",1
12,0,100,"[3, 4, 1, 7, 7, 6, 3, 4, 8, 3]","[1, 0, 0, 0, 0, 1, 0, 0, 0, 0]",1
12,0,101,"[7, 2, 3, 3, 9, 8, 8, 8, 8, 8]","[0, 0, 0, 0, 0, 0, 0, 0, 1, 1]",1
12,0,102,"[5, 7, 7, 5, 3, 7, 7, 5, 5, 9]","[0, 0, 1, 0, 0, 1, 0, 1, 0, 0]",1
12,0,103,"[7, 7, 7, 7, 7, 7, 7, 7, 5, 7]","[0, 0, 1, 0, 0, 0, 0, 0, 0, 0]",1
12,0,104,"[9, 9, 9, 9, 9, 9, 9, 9, 9, 9]","[1, 0, 0, 0, 1, 1, 0, 1, 0, 0]",1
12,0,105,"[7, 5, 4, 6, 9, 6, 6, 6, 6, 5]","[0, 0, 0, 1, 1, 0, 0, 0, 1, 1]",1
12,0,106,"[5, 5, 4, 5, 5, 5, 7, 6, 5, 5]","[0, 0, 0, 1, 0, 1, 1, 0, 0, 1]",1
12,0,107,"[5, 4, 4, 4, 4, 5, 4, 6, 4, 4]","[0, 0, 1, 0, 0, 0, 0, 1, 0, 0]",1
12,0,108,"[1, 9, 8, 8, 8, 8, 2, 9, 1, 8]","[0, 1, 0, 0, 1, 0, 0, 1, 0, 1]",1
12,0,109,"[6, 7, 5, 6, 6, 6, 6, 7, 6, 6]","[0, 0, 0, 1, 0, 0, 0, 0, 0, 0]",1
12,0,110,"[7, 9, 8, 9, 9, 7, 7, 9, 9, 8]","[1, 1, 1, 1, 1, 0, 1, 0, 1, 0]",1
12,0,111,"[8, 6, 5, 8, 7, 7, 4, 7, 7, 6]","[0, 0, 0, 0, 0, 0, 0, 0, 0, 0]",1
12,0,112,"[4, 4, 4, 4, 4, 4, 4, 4, 4, 4]","[0, 0, 0, 0, 0, 1, 0, 0, 0, 1]",1
12,0,113,"[5, 5, 7, 4, 7, 5, 5, 4, 7, 4]","[0, 0, 0, 0, 1, 0, 1, 0, 0, 0]",1
12,0,114,"[2, 2, 3, 3, 3, 3, 3, 3, 2, 6]","[0, 0, 0, 0, 0, 0, 0, 0, 0, 1]",1
12,0,115,"[9, 4, 9, 9, 9, 9, 9, 9, 8, 9]","[1, 0, 1, 1, 1, 1, 0, 1, 1, 1]",1
12,0,116,"[9, 9, 9, 9, 9, 9, 9, 9, 9, 8]","[0, 1, 0, 0, 0, 1, 0, 1, 0, 1]",1
12,0,117,"[5, 6, 5, 5, 5, 5, 5, 5, 5, 5]","[0, 0, 1, 0, 0, 0, 0, 0, 0, 0]",1
12,0,118,"[7, 7, 7, 7, 8, 7, 7, 7, 6, 7]","[1, 0, 0, 0, 1, 1, 0, 0, 0, 0]",1
12,0,119,"[5, 5, 5, 5, 5, 5, 5, 5, 5, 5]","[0, 1, 0, 0, 1, 0, 0, 0, 0, 0]",1
12,0,120,"[5, 5, 6, 7, 8, 5, 6, 5, 6, 4]","[0, 0, 0, 1, 0, 0, 0, 0, 0, 0]",1
12,0,121,"[5, 5, 5, 5, 4, 2, 5, 5, 5, 5]","[1, 0, 0, 1, 0, 0, 1, 0, 0, 0]",1
12,0,122,"[5, 5, 5, 4, 4, 5, 4, 6, 5, 4]","[0, 0, 1, 0, 1, 0, 0, 0, 0, 0]",1
12,0,123,"[7, 7, 5, 6, 6, 6, 7, 5, 5, 6]","[1, 0, 0, 0, 1, 0, 1, 0, 1, 0]",1
12,0,124,"[9, 9, 3, 9, 9, 9, 9, 9, 8, 9]","[0, 0, 0, 1, 1, 0, 1, 1, 0, 0]",1
12,0,125,"[5, 5, 5, 6, 6, 5, 5, 5, 4, 5]","[0, 0, 0, 0, 0, 0, 0, 0, 1, 0]",1
12,0,126,"[4, 5, 4, 4, 6, 6, 6, 3, 5, 5]","[0, 0, 1, 0, 0, 0, 1, 1, 0, 0]",1
12,0,127,"[6, 6, 6, 5, 5, 5, 6, 5, 5, 5]","[0, 1, 1, 0, 0, 1, 0, 0, 0, 0]",1
12,0,128,"[7, 5, 7, 8, 7, 6, 6, 8, 7, 8]","[0, 0, 1, 0, 0, 0, 0, 1, 0, 0]",1
12,0,129,"[5, 3, 7, 6, 5, 5, 8, 4, 8, 5]","[1, 0, 1, 1, 0, 0, 0, 1, 0, 1]",1
12,0,130,"[6, 7, 7, 7, 9, 7, 6, 9, 4, 7]","[0, 0, 0, 0, 0, 0, 1, 0, 0, 0]",1
12,0,131,"[6, 9, 6, 9, 6, 1, 6, 8, 8, 7]","[1, 1, 1, 1, 1, 1, 0, 0, 1, 1]",1
12,0,132,"[7, 5, 4, 7, 5, 4, 4, 2, 3, 5]","[1, 1, 1, 0, 0, 0, 1, 0, 1, 1]",1
12,0,133,"[9, 9, 9, 1, 9, 9, 9, 2, 9, 9]","[1, 0, 0, 0, 1, 0, 1, 0, 1, 0]",1
12,0,134,"[5, 5, 5, 5, 5, 5, 5, 5, 5, 7]","[0, 1, 0, 0, 0, 1, 0, 1, 0, 1]",1
12,0,135,"[6, 5, 8, 8, 4, 6, 4, 6, 7, 5]","[1, 0, 0, 0, 1, 0, 0, 1, 0, 0]",1
12,0,136,"[5, 7, 6, 7, 7, 6, 4, 5, 7, 7]","[1, 0, 0, 0, 1, 0, 0, 0, 0, 0]",1
12,0,137,"[7, 4, 8, 4, 7, 4, 7, 4, 7, 5]","[0, 1, 0, 0, 0, 0, 0, 0, 0, 1]",1
12,0,138,"[5, 4, 1, 5, 5, 5, 5, 5, 5, 5]","[0, 0, 0, 0, 1, 1, 0, 0, 0, 0]",1
12,0,139,"[7, 4, 4, 3, 4, 3, 3, 8, 3, 3]","[0, 0, 0, 0, 0, 0, 0, 0, 0, 1]",1
12,0,140,"[7, 4, 7, 6, 7, 5, 5, 5, 8, 5]","[0, 0, 0, 0, 1, 0, 0, 0, 0, 0]",1
12,0,141,"[2, 5, 3, 5, 2, 1, 2, 4, 4, 4]","[1, 0, 0, 0, 0, 0, 0, 0, 1, 0]",1
12,0,142,"[4, 7, 5, 7, 2, 5, 4, 4, 5, 7]","[1, 0, 1, 0, 1, 0, 0, 0, 0, 0]",1
12,0,143,"[5, 5, 5, 4, 6, 5, 5, 5, 4, 5]","[0, 0, 0, 0, 1, 1, 0, 0, 0, 0]",1
12,0,144,"[7, 7, 9, 7, 6, 6, 6, 7, 7, 7]","[1, 0, 1, 1, 1, 0, 1, 0, 0, 1]",1
12,0,145,"[6, 7, 6, 6, 5, 5, 6, 6, 6, 6]","[0, 0, 0, 0, 0, 0, 0, 0, 0, 0]",1
12,0,146,"[4, 5, 5, 5, 5, 4, 5, 5, 5, 5]","[0, 0, 1, 0, 0, 0, 0, 0, 0, 0]",1
12,0,147,"[5, 5, 4, 5, 5, 5, 5, 4, 4, 4]","[1, 0, 0, 0, 0, 0, 0, 0, 0, 0]",1
12,0,148,"[5, 5, 4, 5, 5, 5, 4, 4, 4, 5]","[0, 0, 0, 0, 1, 0, 0, 0, 1, 0]",1
12,0,149,"[4, 5, 6, 5, 2, 4, 7, 8, 5, 6]","[0, 1, 1, 0, 1, 0, 1, 0, 0, 1]",1
12,0,150,"[7, 6, 5, 5, 5, 7, 6, 6, 4, 6]","[0, 0, 0, 0, 1, 1, 0, 0, 1, 0]",1
12,0,151,"[8, 4, 4, 4, 6, 8, 4, 5, 7, 5]","[0, 0, 1, 1, 0, 0, 0, 0, 1, 0]",1
12,0,152,"[5, 5, 3, 5, 5, 4, 5, 2, 4, 5]","[0, 0, 0, 0, 0, 0, 0, 0, 0, 0]",1
12,0,153,"[6, 5, 5, 6, 5, 4, 6, 5, 5, 6]","[1, 1, 0, 1, 1, 0, 0, 0, 0, 0]",1
12,0,154,"[9, 8, 3, 7, 7, 8, 8, 9, 8, 8]","[1, 1, 0, 0, 0, 0, 0, 1, 1, 1]",1
12,0,155,"[5, 5, 5, 4, 5, 5, 5, 5, 5, 5]","[0, 0, 0, 0, 0, 0, 0, 1, 0, 0]",1
12,0,156,"[3, 2, 2, 2, 2, 3, 1, 3, 3, 3]","[0, 0, 0, 0, 0, 0, 0, 0, 0, 0]",1
12,0,157,"[6, 5, 8, 6, 5, 5, 5, 4, 6, 5]","[1, 0, 0, 0, 0, 1, 0, 0, 0, 0]",1
12,0,158,"[6, 8, 6, 7, 7, 7, 7, 7, 6, 6]","[0, 0, 0, 0, 0, 1, 1, 1, 1, 1]",1
12,0,159,"[5, 6, 6, 6, 6, 6, 6, 5, 6, 6]","[0, 0, 0, 0, 0, 0, 1, 0, 1, 0]",1
12,0,160,"[7, 9, 9, 6, 9, 9, 6, 9, 9, 7]","[0, 0, 0, 0, 1, 1, 0, 0, 0, 1]",1
12,0,161,"[5, 3, 5, 5, 3, 4, 5, 4, 5, 2]","[0, 0, 0, 0, 0, 0, 0, 0, 0, 0]",1
12,0,162,"[8, 2, 8, 9, 8, 9, 8, 9, 9, 6]","[0, 0, 0, 0, 0, 0, 0, 1, 0, 0]",1
12,0,163,"[5, 6, 6, 8, 6, 8, 8, 4, 9, 6]","[1, 0, 0, 1, 0, 1, 1, 1, 0, 0]",1
12,0,164,"[9, 9, 9, 9, 9, 9, 9, 9, 9, 9]","[1, 0, 0, 0, 0, 0, 1, 0, 0, 1]",1
12,0,165,"[6, 4, 6, 6, 4, 6, 6, 5, 8, 6]","[0, 0, 0, 0, 1, 0, 0, 1, 0, 1]",1
12,0,166,"[4, 3, 4, 5, 2, 5, 4, 4, 4, 6]","[0, 0, 0, 1, 1, 1, 0, 1, 1, 0]",1
12,0,167,"[5, 5, 4, 6, 5, 5, 5, 5, 5, 5]","[0, 0, 0, 0, 0, 0, 0, 0, 1, 1]",1
12,0,168,"[5, 3, 5, 9, 7, 4, 7, 7, 6, 7]","[1, 0, 0, 1, 0, 0, 1, 0, 0, 0]",1
12,0,169,"[4, 6, 5, 6, 4, 4, 5, 5, 7, 7]","[0, 0, 0, 0, 0, 0, 0, 0, 0, 0]",1
12,0,170,"[9, 9, 9, 9, 9, 9, 9, 9, 5, 9]","[1, 0, 1, 1, 0, 0, 0, 0, 0, 0]",1
12,0,171,"[3, 5, 3, 4, 5, 3, 3, 4, 3, 5]","[0, 0, 1, 0, 0, 0, 0, 0, 0, 0]",1
12,0,172,"[8, 8, 9, 4, 6, 5, 3, 6, 5, 4]","[1, 1, 0, 0, 1, 0, 0, 0, 0, 0]",1
12,0,173,"[5, 9, 8, 6, 5, 8, 5, 7, 9, 8]","[0, 1, 1, 0, 1, 0, 0, 1, 0, 0]",1
12,0,174,"[6, 5, 7, 5, 6, 7, 7, 5, 6, 6]","[0, 0, 0, 0, 1, 0, 0, 0, 1, 0]",1
12,0,175,"[4, 4, 4, 4, 5, 4, 4, 4, 4, 4]","[0, 0, 0, 0, 0, 1, 0, 0, 0, 0]",1
12,0,176,"[6, 7, 7, 5, 2, 6, 7, 7, 6, 7]","[1, 0, 0, 1, 0, 0, 0, 0, 0, 1]",1
12,0,177,"[7, 3, 6, 1, 2, 5, 3, 6, 3, 2]","[1, 1, 0, 0, 1, 0, 0, 1, 1, 1]",1
12,0,178,"[7, 6, 6, 8, 8, 7, 6, 6, 3, 7]","[0, 0, 0, 0, 0, 1, 0, 0, 0, 0]",1
12,0,179,"[9, 7, 8, 4, 9, 8, 9, 8, 4, 7]","[1, 1, 0, 1, 1, 1, 0, 0, 0, 0]",1
12,0,180,"[5, 5, 5, 5, 5, 5, 5, 5, 6, 6]","[1, 0, 0, 0, 0, 0, 0, 0, 0, 0]",1
12,0,181,"[6, 6, 6, 3, 5, 7, 7, 2, 5, 7]","[0, 0, 0, 0, 1, 0, 0, 0, 0, 0]",1
12,0,182,"[6, 6, 3, 5, 3, 6, 5, 6, 6, 6]","[0, 0, 0, 0, 1, 1, 1, 0, 0, 0]",1
12,0,183,"[5, 8, 5, 7, 5, 5, 5, 5, 8, 5]","[0, 0, 0, 0, 0, 0, 0, 0, 0, 0]",1
12,0,184,"[5, 5, 4, 5, 3, 2, 4, 4, 5, 8]","[0, 0, 0, 0, 0, 0, 0, 0, 0, 0]",1
12,0,185,"[7, 3, 8, 9, 5, 7, 6, 6, 7, 5]","[0, 0, 0, 0, 0, 0, 0, 0, 1, 0]",1
12,0,186,"[8, 7, 7, 7, 8, 8, 7, 7, 5, 6]","[1, 1, 0, 0, 0, 1, 1, 0, 0, 0]",1
12,0,187,"[6, 3, 7, 5, 7, 5, 6, 6, 4, 5]","[0, 0, 0, 1, 1, 0, 0, 0, 0, 0]",1
12,0,188,"[9, 9, 9, 9, 9, 9, 9, 9, 9, 9]","[1, 0, 0, 0, 1, 1, 1, 1, 0, 1]",1
12,0,189,"[9, 3, 5, 5, 5, 5, 6, 4, 5, 5]","[0, 1, 1, 0, 0, 0, 0, 0, 0, 0]",1
12,0,190,"[6, 4, 4, 5, 4, 6, 5, 5, 4, 4]","[0, 0, 0, 0, 0, 0, 1, 0, 0, 0]",1
12,0,191,"[5, 5, 6, 4, 6, 4, 5, 7, 6, 6]","[0, 0, 0, 0, 0, 0, 0, 0, 0, 0]",1
12,0,192,"[9, 9, 9, 9, 9, 9, 9, 8, 9, 8]","[1, 0, 1, 0, 1, 1, 1, 1, 1, 0]",1
12,0,193,"[9, 9, 9, 9, 1, 9, 9, 1, 9, 9]","[1, 0, 0, 0, 0, 0, 0, 1, 0, 1]",1
12,0,194,"[8, 5, 8, 8, 5, 2, 8, 6, 5, 5]","[1, 0, 1, 1, 1, 0, 0, 1, 0, 0]",1
12,0,195,"[2, 1, 2, 3, 4, 2, 2, 5, 3, 3]","[1, 1, 0, 0, 0, 0, 0, 0, 0, 0]",1
12,0,196,"[3, 4, 3, 2, 3, 3, 4, 2, 4, 4]","[0, 0, 0, 0, 0, 0, 0, 0, 0, 0]",1
12,0,197,"[3, 7, 7, 7, 8, 7, 7, 8, 8, 8]","[0, 0, 0, 0, 0, 0, 0, 0, 0, 0]",1
12,0,198,"[1, 4, 4, 2, 6, 6, 3, 3, 5, 6]","[0, 1, 1, 0, 1, 1, 0, 0, 0, 0]",1
12,0,199,"[5, 5, 5, 4, 5, 5, 4, 4, 5, 5]","[0, 0, 0, 0, 0, 0, 0, 0, 0, 1]",1
12,0,200,"[5, 4, 4, 5, 5, 5, 5, 4, 5, 5]","[1, 0, 0, 0, 0, 0, 0, 0, 0, 0]",1
12,0,201,"[8, 9, 7, 9, 9, 5, 8, 7, 8, 7]","[0, 0, 0, 0, 0, 0, 0, 0, 0, 0]",1
12,0,202,"[2, 7, 5, 6, 5, 4, 5, 9, 5, 6]","[0, 1, 0, 0, 0, 0, 0, 0, 0, 0]",1
12,0,203,"[3, 4, 5, 3, 2, 2, 4, 3, 3, 3]","[0, 0, 0, 0, 0, 0, 0, 0, 0, 0]",1
12,0,204,"[7, 7, 7, 8, 8, 8, 8, 8, 8, 8]","[0, 1, 1, 1, 0, 0, 1, 0, 0, 0]",1
12,0,205,"[9, 9, 9, 9, 9, 9, 9, 8, 9, 9]","[1, 0, 1, 1, 0, 0, 1, 0, 0, 0]",1
12,0,206,"[9, 2, 9, 8, 8, 8, 8, 8, 8, 8]","[1, 0, 0, 1, 1, 1, 1, 0, 1, 1]",1
12,0,207,"[4, 4, 9, 4, 5, 3, 4, 4, 4, 5]","[0, 0, 0, 0, 0, 0, 0, 0, 0, 0]",1
12,0,208,"[7, 9, 9, 8, 9, 9, 9, 9, 8, 9]","[0, 1, 0, 1, 1, 0, 0, 0, 0, 1]",1
12,0,209,"[5, 6, 4, 5, 5, 5, 5, 5, 7, 6]","[1, 0, 0, 0, 1, 0, 0, 0, 1, 1]",1
12,1,0,"[7, 7, 8, 7, 8, 8, 7, 7, 9, 6]","[1, 0, 0, 0, 0, 1, 1, 1, 1, 0]",1
12,1,1,"[4, 4, 4, 1, 4, 3, 2, 4, 4, 3]","[0, 0, 0, 1, 0, 1, 0, 0, 1, 0]",1
12,1,2,"[6, 5, 2, 2, 2, 1, 2, 2, 4, 2]","[0, 0, 0, 0, 0, 0, 0, 0, 0, 1]",1
12,1,3,"[5, 3, 6, 6, 6, 6, 3, 6, 6, 3]","[1, 0, 0, 0, 0, 0, 1, 0, 0, 0]",1
12,1,4,"[2, 2, 4, 3, 3, 5, 3, 3, 3, 3]","[0, 0, 0, 0, 0, 0, 0, 0, 0, 0]",1
12,1,5,"[5, 6, 4, 4, 5, 4, 4, 4, 5, 3]","[0, 0, 1, 1, 0, 0, 0, 1, 1, 0]",1
12,1,6,"[4, 3, 6, 1, 2, 5, 4, 3, 1, 1]","[0, 1, 0, 0, 0, 1, 0, 0, 0, 0]",1
12,1,7,"[4, 3, 5, 6, 5, 5, 5, 5, 5, 5]","[0, 0, 1, 0, 0, 0, 1, 1, 1, 0]",1
12,1,8,"[3, 3, 2, 1, 4, 3, 3, 1, 2, 3]","[0, 0, 0, 0, 1, 0, 0, 0, 0, 0]",1
12,1,9,"[4, 4, 3, 1, 4, 4, 4, 2, 4, 2]","[0, 1, 0, 0, 1, 0, 0, 1, 0, 0]",1
12,1,10,"[3, 5, 3, 4, 2, 2, 8, 4, 7, 3]","[0, 1, 0, 0, 0, 0, 0, 1, 0, 1]",1
12,1,11,"[3, 3, 3, 2, 3, 4, 4, 3, 4, 6]","[0, 0, 0, 0, 1, 0, 0, 0, 0, 0]",1
12,1,12,"[4, 4, 4, 4, 4, 4, 9, 4, 4, 7]","[0, 0, 1, 1, 0, 0, 0, 1, 0, 0]",1
12,1,13,"[6, 6, 7, 5, 5, 2, 6, 5, 6, 7]","[1, 0, 1, 0, 0, 0, 0, 0, 0, 0]",1
12,1,14,"[2, 3, 2, 3, 2, 5, 2, 2, 2, 2]","[0, 0, 0, 0, 0, 0, 0, 0, 0, 0]",1
12,1,15,"[1, 8, 1, 1, 1, 1, 1, 7, 2, 2]","[0, 1, 0, 0, 0, 0, 0, 1, 0, 0]",1
12,1,16,"[5, 7, 8, 8, 7, 7, 4, 6, 6, 4]","[0, 0, 0, 0, 0, 0, 1, 0, 0, 0]",1
12,1,17,"[5, 4, 6, 5, 5, 5, 5, 5, 5, 5]","[0, 0, 1, 0, 0, 0, 1, 0, 0, 1]",1
12,1,18,"[5, 4, 5, 4, 3, 5, 5, 9, 5, 5]","[1, 0, 0, 0, 0, 1, 1, 0, 0, 0]",1
12,1,19,"[3, 4, 3, 3, 3, 3, 2, 3, 2, 3]","[0, 0, 0, 0, 0, 1, 0, 0, 0, 0]",1
12,1,20,"[5, 6, 2, 4, 3, 8, 4, 4, 6, 5]","[1, 1, 0, 0, 0, 0, 0, 0, 0, 0]",1
12,1,21,"[6, 6, 5, 4, 8, 5, 6, 5, 8, 4]","[0, 1, 0, 0, 1, 0, 1, 1, 1, 1]",1
12,1,22,"[3, 3, 3, 3, 3, 3, 3, 3, 3, 3]","[1, 0, 0, 0, 0, 0, 0, 1, 0, 0]",1
12,1,23,"[3, 3, 3, 3, 3, 3, 3, 6, 2, 3]","[1, 1, 0, 1, 1, 0, 1, 1, 0, 1]",1
12,1,24,"[3, 3, 2, 5, 2, 1, 3, 4, 1, 4]","[0, 0, 0, 1, 0, 0, 0, 0, 0, 0]",1
12,1,25,"[1, 3, 4, 3, 2, 5, 3, 3, 3, 3]","[0, 0, 1, 0, 0, 0, 0, 0, 0, 0]",1
12,1,26,"[9, 9, 5, 5, 9, 5, 9, 6, 5, 5]","[0, 0, 0, 0, 1, 0, 1, 0, 0, 1]",1
12,1,27,"[4, 1, 3, 5, 4, 4, 4, 5, 4, 2]","[0, 0, 0, 1, 0, 0, 1, 0, 0, 1]",1
12,1,28,"[3, 2, 3, 3, 2, 3, 3, 3, 4, 4]","[0, 1, 0, 0, 0, 0, 0, 0, 0, 1]",1
12,1,29,"[9, 5, 9, 6, 9, 9, 7, 9, 7, 9]","[1, 0, 1, 0, 1, 0, 0, 0, 0, 1]",1
12,1,30,"[3, 7, 6, 6, 5, 6, 6, 6, 6, 6]","[0, 0, 0, 1, 1, 0, 0, 1, 1, 1]",1
12,1,31,"[5, 5, 5, 5, 5, 5, 5, 5, 5, 4]","[0, 0, 0, 0, 0, 0, 0, 0, 0, 0]",1
12,1,32,"[4, 2, 3, 2, 5, 3, 3, 4, 2, 7]","[1, 1, 0, 0, 1, 0, 1, 0, 0, 1]",1
12,1,33,"[2, 2, 3, 3, 4, 3, 2, 3, 3, 4]","[0, 0, 0, 0, 0, 0, 0, 0, 0, 0]",1
12,1,34,"[7, 6, 6, 5, 7, 5, 6, 6, 6, 4]","[0, 0, 1, 0, 0, 0, 0, 0, 0, 0]",1
12,1,35,"[3, 3, 2, 3, 9, 3, 3, 3, 7, 2]","[0, 0, 0, 0, 1, 0, 0, 0, 0, 0]",1
12,1,36,"[6, 6, 7, 4, 3, 7, 5, 4, 2, 3]","[0, 0, 1, 1, 0, 1, 0, 1, 1, 0]",1
12,1,37,"[1, 1, 5, 1, 6, 7, 4, 4, 4, 1]","[0, 0, 0, 0, 0, 0, 0, 1, 1, 0]",1
12,1,38,"[4, 5, 5, 5, 2, 2, 3, 4, 9, 4]","[1, 1, 0, 1, 0, 1, 0, 0, 0, 0]",1
12,1,39,"[1, 5, 4, 4, 4, 1, 6, 1, 1, 1]","[0, 0, 0, 1, 0, 0, 1, 0, 0, 1]",1
12,1,40,"[2, 2, 8, 2, 2, 1, 1, 2, 2, 2]","[0, 0, 0, 0, 0, 0, 0, 0, 0, 0]",1
12,1,41,"[5, 5, 5, 4, 3, 5, 7, 6, 2, 7]","[0, 0, 0, 0, 1, 1, 0, 0, 0, 0]",1
12,1,42,"[3, 4, 3, 3, 3, 3, 3, 3, 1, 2]","[0, 0, 0, 0, 0, 0, 0, 0, 1, 0]",1
12,1,43,"[4, 4, 2, 3, 2, 3, 5, 3, 3, 4]","[1, 0, 0, 1, 0, 0, 0, 0, 0, 0]",1
12,1,44,"[3, 6, 5, 4, 4, 4, 5, 4, 5, 4]","[0, 0, 0, 0, 1, 0, 0, 0, 0, 0]",1
12,1,45,"[6, 5, 6, 6, 4, 1, 6, 6, 6, 3]","[1, 1, 0, 1, 0, 1, 0, 0, 1, 0]",1
12,1,46,"[3, 3, 4, 3, 3, 4, 3, 2, 3, 2]","[0, 0, 0, 0, 1, 1, 0, 1, 1, 0]",1
12,1,47,"[4, 4, 4, 3, 4, 4, 4, 4, 6, 4]","[0, 0, 1, 0, 0, 0, 0, 0, 0, 0]",1
12,1,48,"[3, 3, 3, 3, 2, 3, 3, 3, 3, 3]","[0, 1, 0, 0, 0, 0, 0, 1, 0, 0]",1
12,1,49,"[4, 4, 5, 5, 4, 4, 4, 2, 5, 4]","[0, 0, 1, 0, 0, 0, 0, 0, 0, 0]",1
12,1,50,"[4, 8, 6, 3, 4, 1, 4, 4, 5, 4]","[0, 1, 1, 1, 0, 0, 0, 1, 0, 1]",1
12,1,51,"[3, 3, 3, 3, 3, 3, 4, 3, 3, 2]","[0, 1, 0, 0, 1, 0, 0, 0, 0, 0]",1
12,1,52,"[5, 9, 3, 3, 1, 3, 4, 4, 3, 1]","[1, 1, 1, 0, 0, 0, 0, 0, 0, 0]",1
12,1,53,"[5, 6, 4, 4, 3, 5, 4, 5, 4, 4]","[0, 0, 0, 0, 0, 0, 0, 1, 0, 0]",1
12,1,54,"[6, 1, 5, 1, 1, 1, 1, 4, 1, 1]","[0, 0, 1, 0, 0, 0, 0, 0, 1, 0]",1
12,1,55,"[4, 5, 5, 4, 5, 5, 5, 5, 5, 5]","[0, 0, 0, 0, 0, 0, 0, 0, 0, 0]",1
12,1,56,"[5, 3, 6, 3, 1, 4, 1, 8, 8, 6]","[0, 0, 0, 0, 0, 1, 0, 0, 1, 1]",1
12,1,57,"[3, 5, 4, 4, 3, 4, 5, 4, 5, 3]","[0, 0, 0, 0, 1, 0, 0, 0, 0, 0]",1
12,1,58,"[3, 6, 3, 5, 3, 3, 3, 5, 4, 4]","[0, 0, 0, 0, 0, 0, 1, 0, 0, 1]",1
12,1,59,"[3, 6, 2, 4, 4, 4, 5, 4, 4, 3]","[0, 0, 0, 1, 0, 0, 0, 1, 0, 0]",1
12,1,60,"[2, 3, 1, 3, 4, 3, 2, 2, 3, 2]","[0, 0, 0, 1, 1, 0, 0, 1, 0, 0]",1
12,1,61,"[4, 3, 4, 4, 4, 4, 4, 4, 4, 3]","[1, 0, 0, 0, 1, 1, 0, 0, 0, 0]",1
12,1,62,"[9, 9, 9, 9, 9, 9, 9, 9, 9, 9]","[1, 0, 0, 0, 1, 0, 1, 0, 0, 1]",1
12,1,63,"[6, 4, 5, 4, 5, 3, 4, 5, 5, 5]","[1, 1, 0, 0, 1, 0, 0, 0, 1, 0]",1
12,1,64,"[7, 7, 8, 9, 7, 7, 7, 7, 8, 6]","[1, 0, 0, 1, 1, 0, 0, 1, 0, 1]",1
12,1,65,"[5, 5, 5, 3, 3, 8, 3, 4, 4, 8]","[0, 0, 0, 0, 1, 0, 0, 0, 0, 1]",1
12,1,66,"[4, 3, 5, 3, 3, 5, 2, 5, 6, 3]","[0, 1, 1, 0, 0, 1, 0, 0, 0, 0]",1
12,1,67,"[4, 2, 5, 6, 2, 3, 5, 7, 6, 6]","[0, 1, 1, 0, 0, 0, 0, 0, 0, 0]",1
12,1,68,"[5, 5, 3, 4, 8, 3, 5, 1, 4, 6]","[1, 0, 0, 1, 1, 0, 0, 0, 1, 0]",1
12,1,69,"[4, 7, 6, 4, 6, 4, 4, 3, 4, 2]","[0, 1, 1, 0, 0, 0, 1, 1, 0, 1]",1
12,1,70,"[4, 5, 7, 4, 5, 5, 1, 4, 5, 5]","[0, 1, 0, 0, 0, 1, 0, 0, 0, 1]",1
12,1,71,"[5, 5, 5, 5, 5, 6, 5, 5, 6, 5]","[0, 0, 0, 0, 0, 0, 0, 0, 0, 0]",1
12,1,72,"[4, 2, 4, 4, 3, 3, 3, 2, 4, 2]","[0, 0, 1, 0, 0, 0, 0, 0, 0, 1]",1
12,1,73,"[1, 4, 7, 1, 1, 4, 5, 3, 2, 1]","[0, 0, 0, 0, 0, 0, 0, 0, 0, 0]",1
12,1,74,"[6, 3, 4, 3, 1, 3, 4, 7, 3, 4]","[0, 0, 0, 0, 0, 0, 1, 1, 0, 0]",1
12,1,75,"[3, 3, 3, 3, 3, 3, 3, 3, 3, 3]","[1, 0, 0, 0, 0, 0, 0, 0, 0, 0]",1
12,1,76,"[2, 5, 3, 1, 7, 5, 3, 3, 3, 3]","[0, 1, 0, 0, 0, 0, 0, 0, 0, 0]",1
12,1,77,"[4, 7, 4, 4, 5, 4, 5, 4, 4, 4]","[0, 1, 1, 1, 0, 0, 0, 1, 0, 1]",1
12,1,78,"[6, 9, 5, 4, 3, 5, 4, 5, 6, 5]","[0, 0, 0, 0, 1, 0, 0, 0, 0, 0]",1
12,1,79,"[7, 4, 5, 5, 5, 5, 4, 6, 4, 3]","[0, 0, 0, 0, 0, 0, 0, 0, 0, 0]",1
12,1,80,"[5, 8, 5, 7, 6, 8, 5, 5, 5, 4]","[1, 0, 0, 0, 0, 0, 0, 1, 1, 1]",1
12,1,81,"[4, 7, 7, 3, 4, 4, 5, 5, 5, 4]","[0, 1, 0, 0, 0, 0, 0, 1, 0, 0]",1
12,1,82,"[5, 6, 5, 4, 3, 6, 5, 5, 7, 5]","[1, 0, 1, 0, 1, 0, 0, 0, 1, 1]",1
12,1,83,"[7, 5, 5, 3, 7, 6, 5, 6, 7, 6]","[0, 0, 0, 0, 1, 0, 0, 0, 0, 1]",1
12,1,84,"[1, 1, 1, 1, 1, 1, 3, 1, 1, 1]","[0, 0, 0, 0, 0, 0, 0, 0, 0, 0]",1
12,1,85,"[3, 2, 2, 3, 3, 3, 3, 3, 3, 3]","[0, 0, 0, 0, 0, 0, 0, 0, 0, 0]",1
12,1,86,"[6, 8, 6, 7, 5, 8, 6, 6, 6, 6]","[0, 1, 0, 1, 0, 1, 0, 1, 0, 0]",1
12,1,87,"[4, 5, 3, 3, 3, 3, 3, 2, 3, 3]","[0, 0, 1, 0, 0, 0, 0, 0, 0, 0]",1
12,1,88,"[2, 3, 3, 3, 3, 3, 3, 4, 3, 3]","[0, 0, 0, 0, 0, 0, 0, 0, 0, 0]",1
12,1,89,"[1, 6, 5, 5, 5, 6, 5, 6, 4, 6]","[0, 1, 0, 0, 0, 0, 0, 0, 0, 1]",1
12,1,90,"[6, 6, 6, 4, 6, 6, 3, 6, 6, 6]","[0, 0, 0, 0, 0, 0, 0, 0, 0, 0]",1
12,1,91,"[3, 2, 3, 4, 3, 8, 7, 4, 4, 1]","[0, 0, 0, 1, 0, 0, 0, 1, 0, 0]",1
12,1,92,"[3, 4, 8, 5, 3, 5, 1, 3, 6, 8]","[0, 0, 0, 0, 0, 0, 0, 0, 0, 0]",1
12,1,93,"[2, 2, 1, 1, 1, 3, 3, 1, 1, 1]","[1, 0, 0, 0, 0, 0, 1, 0, 0, 0]",1
12,1,94,"[6, 3, 4, 5, 6, 3, 6, 6, 4, 6]","[1, 0, 1, 1, 1, 0, 1, 0, 1, 1]",1
12,1,95,"[3, 3, 3, 3, 3, 4, 3, 3, 3, 3]","[0, 0, 0, 0, 1, 0, 0, 0, 0, 0]",1
12,1,96,"[5, 4, 5, 4, 2, 2, 3, 4, 5, 4]","[0, 0, 1, 1, 0, 0, 0, 0, 0, 0]",1
12,1,97,"[5, 3, 4, 3, 3, 2, 2, 3, 3, 2]","[0, 0, 0, 0, 0, 0, 0, 0, 0, 0]",1
12,1,98,"[9, 7, 3, 2, 9, 7, 9, 3, 3, 9]","[0, 0, 0, 0, 0, 0, 0, 0, 0, 1]",1
12,1,99,"[2, 2, 2, 1, 2, 1, 2, 4, 2, 2]","[0, 0, 0, 0, 0, 0, 0, 0, 0, 0]",1
12,1,100,"[3, 3, 3, 3, 2, 3, 2, 3, 2, 1]","[0, 0, 1, 0, 0, 0, 0, 0, 0, 0]",1
12,1,101,"[4, 6, 3, 4, 4, 3, 3, 6, 4, 5]","[0, 0, 0, 0, 0, 0, 0, 0, 0, 1]",1
12,1,102,"[1, 2, 1, 1, 5, 1, 3, 1, 1, 9]","[0, 1, 0, 0, 0, 1, 1, 0, 0, 1]",1
12,1,103,"[3, 2, 3, 2, 2, 2, 2, 3, 2, 2]","[0, 0, 0, 0, 0, 0, 0, 0, 0, 0]",1
12,1,104,"[5, 5, 5, 5, 5, 5, 3, 5, 5, 5]","[0, 0, 0, 1, 0, 0, 0, 1, 1, 1]",1
12,1,105,"[3, 5, 4, 5, 5, 5, 4, 5, 4, 5]","[0, 0, 0, 0, 0, 1, 0, 0, 0, 0]",1
12,1,106,"[9, 4, 5, 7, 3, 6, 3, 7, 3, 4]","[1, 0, 0, 0, 0, 0, 0, 0, 0, 1]",1
12,1,107,"[3, 2, 3, 6, 1, 3, 3, 5, 3, 3]","[0, 0, 0, 0, 0, 0, 0, 0, 0, 0]",1
12,1,108,"[1, 4, 3, 3, 1, 2, 5, 2, 4, 3]","[0, 0, 0, 0, 0, 0, 0, 0, 1, 0]",1
12,1,109,"[3, 4, 2, 3, 5, 4, 4, 5, 4, 5]","[0, 0, 0, 0, 0, 0, 0, 0, 0, 0]",1
12,1,110,"[3, 3, 8, 3, 9, 4, 2, 5, 5, 1]","[0, 0, 0, 0, 1, 0, 0, 1, 0, 0]",1
12,1,111,"[5, 6, 5, 6, 5, 4, 5, 5, 5, 3]","[0, 0, 1, 0, 0, 1, 1, 1, 0, 1]",1
12,1,112,"[5, 4, 5, 5, 5, 5, 5, 5, 5, 5]","[0, 0, 1, 1, 0, 0, 0, 0, 0, 0]",1
12,1,113,"[3, 5, 3, 5, 5, 7, 5, 4, 5, 8]","[0, 0, 0, 0, 0, 1, 1, 0, 0, 1]",1
12,1,114,"[4, 4, 4, 3, 4, 4, 4, 7, 4, 4]","[0, 0, 0, 0, 0, 0, 0, 1, 0, 0]",1
12,1,115,"[5, 4, 3, 5, 4, 4, 5, 4, 4, 6]","[0, 0, 0, 0, 0, 1, 0, 0, 0, 0]",1
12,1,116,"[5, 5, 8, 3, 5, 8, 5, 6, 5, 5]","[0, 1, 0, 0, 0, 1, 0, 0, 0, 0]",1
12,1,117,"[3, 3, 3, 7, 8, 3, 2, 2, 4, 3]","[0, 0, 0, 1, 0, 0, 0, 0, 0, 0]",1
12,1,118,"[5, 8, 6, 6, 5, 5, 5, 1, 5, 4]","[1, 1, 0, 0, 0, 0, 0, 0, 0, 0]",1
12,1,119,"[6, 6, 4, 6, 6, 6, 5, 6, 5, 5]","[0, 1, 0, 0, 1, 0, 0, 1, 0, 1]",1
12,1,120,"[5, 8, 8, 2, 6, 6, 4, 7, 5, 5]","[0, 0, 0, 0, 0, 0, 1, 1, 0, 1]",1
12,1,121,"[1, 1, 1, 1, 1, 2, 8, 1, 1, 1]","[0, 0, 0, 0, 0, 0, 1, 0, 0, 0]",1
12,1,122,"[4, 4, 4, 4, 4, 4, 4, 4, 4, 4]","[0, 0, 0, 0, 0, 0, 0, 0, 0, 1]",1
12,1,123,"[3, 3, 3, 3, 4, 3, 3, 5, 2, 3]","[0, 0, 0, 0, 0, 0, 0, 0, 0, 0]",1
12,1,124,"[2, 3, 8, 6, 6, 2, 3, 2, 6, 5]","[0, 0, 0, 0, 0, 0, 0, 0, 0, 0]",1
12,1,125,"[3, 4, 3, 2, 3, 3, 3, 3, 2, 4]","[0, 0, 0, 0, 0, 0, 0, 0, 0, 0]",1
12,1,126,"[4, 4, 6, 4, 4, 5, 6, 4, 5, 4]","[0, 0, 0, 1, 0, 0, 0, 0, 0, 0]",1
12,1,127,"[4, 4, 3, 4, 4, 3, 9, 4, 4, 4]","[1, 0, 0, 0, 0, 0, 0, 0, 0, 0]",1
12,1,128,"[8, 5, 7, 6, 7, 3, 4, 5, 6, 5]","[0, 0, 1, 1, 0, 0, 1, 1, 0, 0]",1
12,1,129,"[2, 4, 5, 5, 3, 4, 5, 4, 6, 4]","[0, 1, 0, 0, 0, 0, 0, 0, 0, 0]",1
12,1,130,"[5, 5, 8, 8, 1, 5, 5, 5, 3, 9]","[0, 0, 0, 0, 0, 0, 0, 0, 0, 1]",1
12,1,131,"[1, 5, 1, 1, 1, 8, 5, 1, 1, 1]","[0, 1, 0, 0, 0, 1, 0, 0, 0, 1]",1
12,1,132,"[3, 4, 1, 4, 1, 3, 5, 2, 3, 4]","[0, 0, 0, 0, 0, 0, 1, 0, 0, 0]",1
12,1,133,"[3, 6, 3, 3, 2, 4, 3, 2, 4, 3]","[0, 0, 0, 1, 0, 0, 0, 0, 0, 1]",1
12,1,134,"[4, 4, 4, 4, 9, 2, 4, 4, 5, 4]","[1, 1, 1, 0, 1, 0, 1, 0, 0, 1]",1
12,1,135,"[8, 4, 8, 3, 7, 4, 4, 5, 5, 4]","[1, 0, 0, 0, 1, 0, 0, 0, 0, 0]",1
12,1,136,"[4, 5, 5, 4, 5, 5, 8, 8, 5, 6]","[0, 1, 0, 0, 0, 0, 0, 1, 1, 1]",1
12,1,137,"[3, 5, 6, 2, 7, 3, 4, 3, 3, 2]","[0, 0, 0, 0, 1, 0, 0, 0, 0, 0]",1
12,1,138,"[6, 6, 6, 6, 7, 7, 6, 6, 4, 5]","[0, 0, 1, 0, 1, 1, 0, 1, 1, 0]",1
12,1,139,"[5, 3, 3, 3, 3, 6, 7, 3, 7, 5]","[0, 0, 0, 0, 0, 0, 0, 0, 1, 0]",1
12,1,140,"[7, 5, 5, 5, 8, 5, 5, 5, 6, 4]","[1, 0, 1, 1, 1, 1, 0, 1, 1, 1]",1
12,1,141,"[3, 2, 3, 2, 3, 6, 4, 2, 3, 1]","[0, 0, 0, 0, 0, 0, 0, 0, 1, 0]",1
12,1,142,"[2, 5, 6, 3, 5, 6, 6, 7, 3, 6]","[0, 0, 0, 0, 0, 1, 1, 1, 0, 1]",1
12,1,143,"[3, 3, 3, 4, 3, 3, 3, 3, 3, 2]","[1, 0, 0, 1, 0, 0, 0, 0, 1, 0]",1
12,1,144,"[6, 5, 6, 5, 6, 6, 6, 5, 6, 5]","[0, 0, 0, 0, 0, 1, 0, 0, 0, 1]",1
12,1,145,"[5, 4, 5, 7, 2, 5, 5, 5, 6, 5]","[0, 0, 0, 0, 0, 0, 0, 0, 0, 0]",1
12,1,146,"[5, 5, 4, 5, 5, 6, 5, 5, 5, 4]","[0, 0, 1, 0, 0, 1, 0, 0, 0, 0]",1
12,1,147,"[4, 3, 1, 4, 5, 5, 6, 4, 4, 6]","[0, 0, 0, 0, 0, 1, 1, 1, 0, 0]",1
12,1,148,"[7, 5, 6, 5, 6, 2, 6, 7, 2, 4]","[0, 0, 0, 1, 0, 1, 0, 0, 0, 0]",1
12,1,149,"[5, 6, 4, 4, 3, 3, 6, 3, 4, 5]","[1, 1, 1, 1, 0, 0, 0, 0, 0, 0]",1
12,1,150,"[3, 4, 4, 3, 3, 3, 8, 3, 4, 2]","[0, 0, 0, 0, 0, 0, 0, 0, 1, 0]",1
12,1,151,"[4, 3, 2, 3, 4, 3, 2, 4, 3, 3]","[0, 0, 1, 0, 0, 0, 0, 0, 0, 0]",1
12,1,152,"[3, 2, 3, 4, 2, 3, 4, 2, 2, 2]","[0, 0, 0, 0, 0, 0, 0, 0, 0, 0]",1
12,1,153,"[8, 5, 3, 4, 1, 3, 4, 7, 2, 1]","[1, 0, 0, 0, 0, 0, 0, 1, 0, 0]",1
12,1,154,"[2, 3, 2, 3, 3, 2, 2, 3, 5, 3]","[1, 1, 0, 0, 1, 0, 1, 0, 0, 0]",1
12,1,155,"[4, 6, 3, 4, 6, 4, 6, 4, 4, 6]","[0, 0, 0, 0, 1, 0, 0, 1, 0, 1]",1
12,1,156,"[3, 3, 3, 2, 8, 3, 2, 4, 2, 3]","[0, 0, 0, 0, 0, 0, 0, 0, 0, 0]",1
12,1,157,"[4, 3, 4, 3, 3, 4, 5, 4, 4, 6]","[0, 0, 0, 1, 1, 0, 1, 0, 1, 0]",1
12,1,158,"[3, 7, 3, 2, 3, 2, 2, 9, 1, 3]","[0, 0, 0, 0, 0, 0, 0, 0, 0, 0]",1
12,1,159,"[3, 6, 5, 5, 5, 4, 5, 5, 5, 1]","[0, 0, 0, 1, 0, 0, 0, 0, 1, 0]",1
12,1,160,"[5, 7, 4, 6, 3, 6, 7, 7, 4, 4]","[0, 1, 0, 0, 0, 0, 0, 1, 0, 0]",1
12,1,161,"[6, 7, 7, 4, 3, 6, 6, 7, 5, 5]","[1, 0, 0, 1, 0, 0, 1, 1, 0, 0]",1
12,1,162,"[7, 7, 7, 6, 9, 7, 7, 7, 7, 6]","[1, 0, 1, 1, 1, 1, 1, 1, 1, 1]",1
12,1,163,"[7, 6, 5, 5, 4, 5, 6, 5, 5, 4]","[0, 0, 0, 0, 1, 0, 0, 0, 0, 0]",1
12,1,164,"[9, 9, 9, 7, 9, 9, 9, 9, 9, 9]","[0, 0, 1, 0, 0, 0, 1, 1, 0, 0]",1
12,1,165,"[3, 2, 3, 3, 2, 4, 3, 4, 3, 4]","[1, 0, 0, 0, 0, 0, 0, 0, 0, 0]",1
12,1,166,"[7, 6, 1, 4, 7, 3, 9, 7, 4, 6]","[0, 1, 0, 0, 0, 0, 1, 0, 0, 1]",1
12,1,167,"[8, 9, 9, 8, 8, 9, 9, 9, 8, 9]","[0, 1, 1, 1, 0, 1, 1, 0, 0, 0]",1
12,1,168,"[5, 7, 6, 5, 5, 6, 5, 4, 6, 2]","[0, 0, 0, 1, 0, 0, 1, 0, 1, 1]",1
12,1,169,"[6, 6, 5, 4, 6, 7, 6, 6, 6, 6]","[1, 0, 1, 0, 1, 0, 0, 0, 0, 0]",1
12,1,170,"[4, 5, 1, 4, 3, 3, 6, 4, 5, 6]","[0, 0, 0, 0, 0, 0, 0, 0, 0, 1]",1
12,1,171,"[5, 4, 7, 6, 7, 1, 7, 6, 6, 5]","[1, 1, 1, 1, 0, 1, 1, 1, 1, 1]",1
12,1,172,"[5, 4, 4, 3, 4, 6, 3, 4, 2, 4]","[0, 0, 0, 0, 1, 0, 0, 0, 0, 0]",1
12,1,173,"[5, 5, 3, 5, 2, 5, 4, 5, 5, 4]","[0, 0, 0, 1, 0, 1, 0, 0, 0, 0]",1
12,1,174,"[5, 7, 5, 9, 4, 5, 6, 3, 5, 6]","[1, 0, 1, 0, 0, 1, 1, 0, 0, 0]",1
12,1,175,"[2, 2, 2, 2, 3, 2, 2, 2, 2, 3]","[0, 0, 1, 0, 0, 0, 1, 0, 0, 0]",1
12,1,176,"[3, 6, 6, 7, 6, 1, 5, 5, 6, 2]","[0, 0, 0, 1, 0, 0, 0, 1, 0, 0]",1
12,1,177,"[7, 8, 5, 5, 4, 1, 4, 4, 5, 5]","[0, 0, 0, 0, 0, 0, 0, 0, 0, 0]",1
12,1,178,"[5, 6, 5, 6, 5, 6, 4, 4, 8, 6]","[1, 1, 0, 1, 1, 0, 0, 0, 0, 1]",1
12,1,179,"[5, 4, 5, 4, 6, 3, 4, 4, 3, 3]","[0, 0, 0, 1, 1, 1, 0, 0, 0, 0]",1
12,1,180,"[2, 1, 3, 2, 2, 3, 2, 1, 2, 2]","[0, 0, 0, 0, 0, 0, 0, 0, 0, 0]",1
12,1,181,"[6, 6, 2, 3, 5, 3, 5, 2, 6, 6]","[0, 1, 0, 0, 0, 0, 0, 0, 0, 1]",1
12,1,182,"[2, 2, 2, 2, 1, 2, 2, 1, 2, 2]","[0, 0, 1, 0, 0, 1, 1, 0, 1, 0]",1
12,1,183,"[5, 4, 4, 9, 5, 5, 5, 4, 4, 2]","[0, 0, 0, 1, 0, 1, 0, 0, 0, 0]",1
12,1,184,"[4, 3, 2, 3, 4, 4, 3, 4, 4, 4]","[0, 1, 0, 1, 0, 0, 0, 1, 0, 1]",1
12,1,185,"[8, 5, 9, 6, 7, 7, 5, 8, 8, 8]","[0, 1, 1, 1, 0, 0, 0, 0, 1, 0]",1
12,1,186,"[5, 6, 5, 5, 6, 4, 7, 7, 6, 6]","[0, 1, 0, 1, 0, 1, 0, 0, 1, 0]",1
12,1,187,"[4, 5, 4, 4, 5, 5, 5, 3, 5, 4]","[0, 0, 0, 0, 0, 0, 0, 0, 0, 0]",1
12,1,188,"[4, 4, 2, 5, 5, 5, 4, 5, 4, 5]","[0, 0, 0, 0, 0, 0, 0, 0, 0, 0]",1
12,1,189,"[3, 2, 3, 3, 2, 1, 2, 3, 2, 3]","[0, 0, 0, 0, 0, 0, 0, 0, 0, 0]",1
12,1,190,"[3, 5, 3, 4, 2, 3, 4, 4, 3, 3]","[1, 0, 0, 1, 0, 1, 1, 0, 0, 1]",1
12,1,191,"[2, 4, 4, 4, 4, 4, 3, 4, 5, 4]","[0, 1, 1, 1, 1, 1, 0, 0, 0, 0]",1
12,1,192,"[3, 3, 3, 3, 3, 3, 3, 3, 3, 3]","[0, 0, 0, 0, 1, 0, 0, 1, 0, 1]",1
12,1,193,"[4, 4, 5, 5, 4, 4, 8, 4, 4, 3]","[0, 0, 0, 0, 0, 0, 0, 0, 1, 0]",1
12,1,194,"[5, 4, 4, 3, 3, 4, 3, 7, 5, 5]","[1, 1, 0, 0, 0, 0, 1, 0, 1, 0]",1
12,1,195,"[2, 5, 1, 2, 1, 1, 1, 1, 1, 3]","[0, 1, 1, 0, 0, 0, 0, 0, 0, 0]",1
12,1,196,"[2, 3, 2, 3, 8, 3, 3, 2, 3, 9]","[0, 0, 0, 0, 0, 0, 0, 0, 0, 0]",1
12,1,197,"[4, 4, 3, 4, 1, 4, 4, 4, 4, 5]","[0, 0, 0, 0, 0, 0, 0, 0, 0, 0]",1
12,1,198,"[5, 1, 8, 2, 1, 2, 5, 5, 4, 4]","[0, 0, 0, 0, 0, 0, 0, 0, 0, 0]",1
12,1,199,"[3, 1, 3, 2, 1, 1, 2, 2, 2, 2]","[0, 0, 1, 1, 0, 0, 1, 0, 0, 0]",1
12,1,200,"[3, 3, 3, 2, 3, 2, 3, 3, 3, 3]","[0, 1, 0, 0, 0, 0, 0, 0, 0, 1]",1
12,1,201,"[3, 4, 4, 9, 4, 7, 3, 8, 4, 3]","[0, 0, 0, 1, 0, 1, 0, 1, 0, 0]",1
12,1,202,"[5, 5, 5, 5, 5, 5, 4, 5, 5, 6]","[1, 0, 1, 0, 1, 0, 0, 0, 1, 1]",1
12,1,203,"[3, 3, 3, 3, 3, 3, 4, 3, 1, 3]","[0, 1, 0, 0, 0, 0, 0, 0, 0, 0]",1
12,1,204,"[2, 2, 2, 3, 1, 2, 2, 1, 2, 2]","[0, 0, 0, 0, 0, 0, 0, 0, 0, 0]",1
12,1,205,"[9, 8, 9, 8, 9, 9, 9, 9, 9, 9]","[0, 0, 1, 0, 0, 0, 0, 0, 0, 1]",1
12,1,206,"[4, 3, 3, 3, 4, 4, 4, 2, 3, 4]","[1, 0, 0, 0, 1, 1, 1, 0, 0, 0]",1
12,1,207,"[4, 4, 5, 4, 4, 3, 4, 5, 4, 4]","[0, 0, 0, 1, 0, 1, 0, 0, 0, 0]",1
12,1,208,"[5, 4, 4, 1, 5, 5, 5, 5, 4, 5]","[0, 0, 0, 0, 1, 0, 1, 1, 0, 0]",1
12,1,209,"[3, 2, 3, 7, 3, 7, 2, 7, 3, 3]","[0, 0, 0, 0, 0, 0, 0, 0, 0, 0]",1
13,0,0,"[3, 7, 6, 8, 6, 7, 7, 7, 7, 7]","[0, 0, 0, 0, 0, 0, 1, 0, 0, 0]",1
13,0,1,"[8, 7, 6, 7, 6, 6, 5, 6, 7, 6]","[1, 0, 0, 0, 0, 1, 0, 0, 0, 0]",1
13,0,2,"[4, 5, 5, 6, 5, 6, 6, 5, 5, 6]","[1, 0, 0, 1, 0, 0, 0, 0, 0, 0]",1
13,0,3,"[5, 5, 6, 4, 6, 4, 6, 6, 6, 6]","[0, 1, 0, 0, 0, 0, 1, 0, 0, 0]",1
13,0,4,"[2, 4, 5, 5, 3, 3, 3, 4, 5, 1]","[1, 1, 1, 0, 0, 0, 0, 0, 1, 0]",1
13,0,5,"[5, 6, 5, 5, 5, 7, 5, 6, 5, 5]","[0, 0, 0, 0, 0, 0, 1, 1, 0, 0]",1
13,0,6,"[4, 2, 8, 1, 7, 3, 9, 2, 8, 3]","[0, 0, 0, 0, 0, 0, 1, 0, 1, 0]",1
13,0,7,"[5, 7, 7, 5, 7, 7, 6, 8, 6, 7]","[1, 1, 0, 1, 0, 0, 0, 0, 1, 0]",1
13,0,8,"[5, 5, 6, 5, 5, 5, 6, 6, 5, 5]","[0, 0, 1, 0, 0, 0, 0, 0, 0, 0]",1
13,0,9,"[6, 4, 3, 5, 6, 6, 4, 4, 2, 6]","[0, 0, 0, 0, 0, 1, 0, 0, 0, 0]",1
13,0,10,"[5, 5, 4, 4, 4, 4, 4, 6, 4, 6]","[0, 0, 0, 0, 0, 0, 0, 0, 0, 0]",1
13,0,11,"[5, 6, 4, 4, 5, 5, 6, 1, 5, 6]","[0, 0, 0, 0, 0, 0, 1, 1, 1, 0]",1
13,0,12,"[7, 7, 7, 7, 7, 7, 6, 7, 6, 5]","[0, 1, 0, 0, 1, 0, 0, 0, 0, 0]",1
13,0,13,"[3, 5, 5, 4, 4, 8, 6, 5, 7, 5]","[0, 1, 0, 0, 0, 0, 1, 0, 0, 0]",1
13,0,14,"[3, 3, 5, 6, 5, 7, 8, 5, 6, 6]","[0, 0, 0, 0, 0, 1, 0, 0, 1, 0]",1
13,0,15,"[6, 6, 3, 4, 5, 8, 6, 4, 5, 5]","[0, 1, 0, 1, 1, 0, 1, 1, 1, 0]",1
13,0,16,"[5, 9, 7, 7, 3, 4, 9, 7, 4, 6]","[0, 1, 0, 0, 1, 0, 0, 0, 0, 0]",1
13,0,17,"[7, 7, 7, 6, 8, 6, 4, 5, 7, 8]","[0, 0, 0, 0, 0, 1, 0, 1, 1, 0]",1
13,0,18,"[7, 6, 5, 8, 6, 6, 6, 7, 6, 5]","[0, 1, 0, 0, 0, 1, 0, 1, 1, 0]",1
13,0,19,"[1, 3, 3, 2, 2, 4, 3, 3, 3, 2]","[0, 0, 0, 0, 0, 0, 0, 0, 0, 0]",1
13,0,20,"[2, 4, 6, 5, 4, 5, 6, 6, 5, 4]","[0, 0, 0, 0, 1, 1, 0, 1, 0, 1]",1
13,0,21,"[6, 9, 9, 8, 9, 9, 9, 7, 9, 1]","[1, 0, 1, 1, 1, 1, 1, 0, 0, 0]",1
13,0,22,"[4, 4, 4, 4, 4, 4, 2, 4, 4, 4]","[0, 0, 0, 0, 0, 0, 0, 0, 0, 1]",1
13,0,23,"[5, 5, 3, 4, 3, 3, 4, 5, 3, 9]","[1, 0, 0, 0, 1, 0, 0, 0, 0, 1]",1
13,0,24,"[2, 5, 4, 5, 6, 5, 4, 3, 3, 4]","[0, 0, 0, 0, 0, 0, 0, 0, 0, 0]",1
13,0,25,"[6, 5, 6, 6, 6, 7, 6, 5, 6, 6]","[0, 0, 0, 0, 0, 0, 0, 0, 0, 0]",1
13,0,26,"[9, 8, 9, 9, 9, 9, 9, 9, 4, 9]","[0, 0, 0, 0, 0, 0, 0, 0, 0, 0]",1
13,0,27,"[6, 6, 6, 5, 6, 6, 6, 6, 6, 6]","[0, 0, 1, 0, 0, 0, 1, 0, 1, 1]",1
13,0,28,"[5, 6, 5, 5, 5, 5, 5, 5, 5, 5]","[0, 0, 0, 0, 0, 0, 1, 0, 0, 0]",1
13,0,29,"[9, 9, 9, 9, 9, 9, 9, 9, 9, 9]","[0, 0, 1, 1, 0, 0, 0, 0, 0, 0]",1
13,0,30,"[6, 5, 6, 5, 6, 7, 6, 6, 5, 7]","[0, 0, 0, 0, 0, 0, 0, 0, 0, 0]",1
13,0,31,"[4, 6, 5, 7, 5, 8, 4, 3, 4, 5]","[0, 0, 0, 0, 0, 1, 0, 0, 0, 0]",1
13,0,32,"[6, 4, 5, 5, 5, 4, 6, 3, 6, 6]","[0, 0, 0, 0, 1, 0, 0, 0, 0, 1]",1
13,0,33,"[4, 3, 2, 3, 3, 6, 3, 3, 6, 4]","[0, 0, 0, 0, 0, 0, 1, 0, 0, 0]",1
13,0,34,"[8, 6, 7, 6, 5, 6, 7, 7, 6, 6]","[1, 0, 0, 0, 0, 1, 1, 0, 0, 1]",1
13,0,35,"[5, 5, 4, 4, 3, 4, 4, 4, 4, 5]","[0, 1, 0, 0, 0, 0, 0, 0, 0, 0]",1
13,0,36,"[6, 8, 9, 9, 7, 7, 9, 9, 8, 6]","[0, 1, 0, 0, 0, 0, 0, 0, 0, 0]",1
13,0,37,"[4, 7, 4, 4, 5, 6, 7, 7, 6, 6]","[0, 0, 1, 0, 0, 0, 1, 0, 0, 0]",1
13,0,38,"[7, 5, 6, 6, 6, 5, 5, 5, 5, 3]","[0, 0, 1, 0, 0, 0, 0, 0, 0, 0]",1
13,0,39,"[1, 1, 1, 1, 1, 1, 1, 6, 1, 1]","[1, 0, 0, 0, 1, 0, 0, 0, 0, 0]",1
13,0,40,"[3, 3, 3, 1, 4, 3, 3, 3, 3, 3]","[0, 0, 0, 0, 0, 0, 0, 0, 0, 0]",1
13,0,41,"[2, 5, 7, 4, 3, 3, 4, 4, 5, 4]","[0, 0, 1, 0, 1, 0, 0, 0, 0, 0]",1
13,0,42,"[3, 1, 3, 3, 4, 3, 9, 3, 3, 4]","[0, 0, 0, 0, 1, 0, 0, 0, 0, 1]",1
13,0,43,"[3, 4, 3, 2, 6, 3, 4, 3, 5, 4]","[0, 0, 0, 0, 0, 1, 0, 1, 0, 0]",1
13,0,44,"[9, 3, 4, 8, 6, 4, 6, 3, 4, 2]","[1, 0, 1, 0, 1, 1, 0, 0, 1, 1]",1
13,0,45,"[9, 5, 4, 7, 5, 4, 2, 3, 6, 3]","[0, 0, 0, 1, 1, 0, 0, 0, 0, 0]",1
13,0,46,"[3, 3, 3, 3, 3, 4, 3, 2, 3, 3]","[0, 0, 0, 0, 0, 0, 0, 0, 0, 0]",1
13,0,47,"[6, 6, 6, 7, 8, 5, 6, 6, 7, 9]","[0, 0, 0, 1, 0, 0, 1, 0, 0, 0]",1
13,0,48,"[5, 5, 4, 5, 5, 5, 4, 4, 5, 5]","[0, 0, 0, 1, 0, 1, 0, 1, 0, 0]",1
13,0,49,"[5, 5, 4, 4, 5, 5, 4, 4, 8, 5]","[0, 0, 0, 0, 0, 1, 0, 0, 0, 0]",1
13,0,50,"[8, 8, 9, 7, 9, 9, 7, 9, 8, 8]","[1, 0, 0, 0, 1, 1, 1, 0, 0, 0]",1
13,0,51,"[3, 5, 5, 5, 4, 5, 5, 3, 5, 4]","[0, 0, 0, 0, 1, 0, 0, 0, 0, 0]",1
13,0,52,"[2, 4, 4, 3, 4, 4, 3, 2, 3, 1]","[0, 1, 0, 0, 0, 0, 0, 0, 0, 0]",1
13,0,53,"[3, 4, 3, 3, 4, 4, 4, 4, 4, 4]","[0, 0, 0, 0, 0, 0, 0, 0, 0, 0]",1
13,0,54,"[8, 9, 6, 6, 7, 3, 6, 4, 9, 5]","[0, 0, 0, 1, 0, 0, 1, 0, 0, 0]",1
13,0,55,"[6, 6, 7, 5, 5, 6, 5, 6, 6, 7]","[0, 0, 0, 0, 0, 1, 1, 0, 0, 0]",1
13,0,56,"[1, 1, 1, 1, 5, 1, 1, 1, 1, 1]","[0, 0, 0, 1, 1, 0, 0, 0, 1, 0]",1
13,0,57,"[3, 6, 3, 6, 4, 4, 4, 6, 4, 4]","[0, 0, 0, 0, 0, 0, 0, 0, 0, 0]",1
13,0,58,"[5, 6, 5, 6, 1, 6, 4, 5, 5, 6]","[1, 0, 0, 0, 0, 0, 1, 0, 0, 0]",1
13,0,59,"[5, 4, 4, 6, 4, 5, 5, 4, 5, 5]","[0, 0, 0, 0, 0, 0, 0, 0, 0, 0]",1
13,0,60,"[5, 4, 4, 3, 4, 4, 5, 4, 3, 3]","[1, 0, 0, 0, 0, 0, 0, 1, 0, 0]",1
13,0,61,"[4, 5, 3, 3, 6, 4, 4, 4, 3, 4]","[0, 0, 0, 0, 0, 0, 0, 0, 0, 0]",1
13,0,62,"[6, 9, 8, 7, 9, 8, 8, 9, 3, 4]","[0, 1, 0, 0, 0, 0, 1, 1, 0, 1]",1
13,0,63,"[6, 6, 6, 7, 6, 6, 6, 6, 7, 6]","[0, 0, 0, 1, 0, 0, 1, 0, 0, 0]",1
13,0,64,"[3, 3, 2, 3, 1, 5, 4, 2, 5, 6]","[0, 0, 0, 0, 0, 0, 1, 0, 1, 0]",1
13,0,65,"[2, 3, 3, 3, 3, 1, 3, 2, 3, 3]","[0, 0, 0, 1, 0, 0, 0, 0, 0, 0]",1
13,0,66,"[5, 9, 3, 4, 6, 7, 6, 5, 7, 5]","[0, 1, 0, 0, 1, 1, 0, 1, 1, 0]",1
13,0,67,"[4, 4, 5, 6, 6, 4, 4, 8, 2, 8]","[0, 0, 1, 0, 0, 0, 0, 1, 0, 0]",1
13,0,68,"[5, 4, 5, 5, 4, 5, 7, 5, 5, 4]","[0, 0, 0, 0, 0, 1, 1, 0, 0, 0]",1
13,0,69,"[4, 4, 3, 3, 4, 6, 5, 3, 5, 3]","[0, 0, 0, 0, 0, 0, 0, 0, 0, 0]",1
13,0,70,"[4, 6, 4, 6, 6, 6, 5, 6, 5, 6]","[0, 1, 1, 1, 1, 0, 0, 0, 0, 0]",1
13,0,71,"[5, 6, 5, 4, 5, 5, 7, 5, 1, 5]","[0, 0, 1, 0, 0, 0, 0, 0, 0, 0]",1
13,0,72,"[3, 5, 6, 4, 4, 4, 4, 4, 5, 4]","[0, 0, 0, 0, 0, 1, 0, 0, 0, 0]",1
13,0,73,"[2, 4, 8, 8, 6, 5, 8, 5, 7, 6]","[0, 0, 0, 0, 0, 0, 1, 0, 1, 0]",1
13,0,74,"[4, 3, 1, 6, 3, 3, 3, 2, 1, 4]","[0, 0, 0, 0, 0, 0, 0, 0, 0, 0]",1
13,0,75,"[3, 3, 4, 7, 4, 3, 3, 4, 8, 3]","[0, 0, 0, 0, 0, 0, 0, 0, 0, 0]",1
13,0,76,"[4, 4, 4, 2, 4, 3, 3, 2, 5, 4]","[0, 0, 0, 0, 1, 0, 0, 0, 0, 1]",1
13,0,77,"[8, 8, 6, 7, 8, 8, 7, 7, 6, 7]","[1, 1, 0, 1, 1, 0, 0, 0, 0, 1]",1
13,0,78,"[5, 5, 5, 6, 4, 8, 7, 3, 7, 1]","[0, 0, 0, 0, 0, 0, 0, 0, 0, 0]",1
13,0,79,"[9, 9, 9, 9, 9, 9, 9, 9, 9, 3]","[0, 1, 1, 0, 0, 1, 0, 0, 0, 0]",1
13,0,80,"[6, 8, 7, 8, 5, 8, 6, 7, 7, 8]","[0, 0, 0, 0, 0, 0, 0, 1, 1, 0]",1
13,0,81,"[5, 5, 6, 5, 6, 5, 6, 7, 4, 6]","[0, 0, 0, 0, 0, 0, 0, 1, 0, 0]",1
13,0,82,"[8, 4, 5, 6, 4, 5, 5, 5, 8, 6]","[0, 0, 0, 0, 0, 0, 1, 0, 1, 0]",1
13,0,83,"[7, 5, 4, 8, 5, 6, 6, 5, 6, 4]","[0, 0, 0, 0, 0, 0, 0, 0, 0, 1]",1
13,0,84,"[3, 3, 5, 2, 2, 7, 5, 8, 5, 3]","[0, 0, 0, 0, 0, 0, 0, 0, 0, 0]",1
13,0,85,"[7, 7, 8, 5, 7, 6, 7, 6, 7, 7]","[0, 1, 1, 0, 0, 0, 0, 0, 0, 0]",1
13,0,86,"[8, 8, 9, 9, 9, 9, 8, 8, 9, 9]","[0, 0, 0, 0, 0, 0, 1, 1, 1, 0]",1
13,0,87,"[2, 5, 9, 4, 5, 5, 6, 1, 5, 4]","[0, 0, 0, 0, 0, 0, 0, 0, 1, 1]",1
13,0,88,"[6, 5, 3, 6, 6, 4, 5, 5, 6, 5]","[0, 0, 0, 0, 1, 0, 1, 0, 1, 0]",1
13,0,89,"[6, 6, 6, 3, 5, 6, 6, 6, 5, 6]","[1, 0, 0, 0, 0, 0, 0, 1, 0, 1]",1
13,0,90,"[9, 9, 9, 9, 9, 9, 9, 9, 9, 9]","[0, 0, 0, 0, 1, 0, 1, 0, 0, 1]",1
13,0,91,"[4, 6, 4, 5, 6, 6, 7, 4, 6, 6]","[0, 1, 1, 1, 0, 0, 0, 0, 0, 0]",1
13,0,92,"[6, 5, 8, 5, 5, 4, 4, 7, 4, 4]","[0, 0, 0, 1, 0, 0, 0, 0, 0, 0]",1
13,0,93,"[3, 1, 3, 2, 5, 2, 5, 4, 2, 3]","[1, 0, 0, 1, 0, 1, 0, 1, 0, 0]",1
13,0,94,"[7, 5, 4, 5, 4, 4, 5, 5, 7, 4]","[0, 1, 1, 1, 0, 1, 0, 0, 0, 0]",1
13,0,95,"[3, 3, 2, 2, 3, 2, 2, 2, 2, 2]","[0, 0, 0, 0, 0, 0, 0, 0, 0, 0]",1
13,0,96,"[5, 5, 5, 5, 4, 4, 5, 5, 2, 5]","[1, 1, 0, 0, 0, 0, 0, 0, 0, 0]",1
13,0,97,"[6, 4, 6, 5, 4, 4, 6, 3, 6, 5]","[0, 0, 0, 0, 0, 1, 1, 0, 0, 0]",1
13,0,98,"[9, 9, 9, 9, 9, 9, 9, 9, 9, 9]","[0, 1, 1, 1, 0, 0, 0, 1, 1, 0]",1
13,0,99,"[3, 4, 3, 1, 3, 4, 3, 3, 3, 4]","[0, 0, 0, 0, 0, 0, 0, 1, 0, 0]",1
13,0,100,"[4, 7, 3, 1, 6, 5, 3, 3, 5, 9]","[0, 0, 0, 0, 0, 0, 0, 0, 0, 1]",1
13,0,101,"[9, 8, 8, 6, 8, 8, 7, 9, 8, 7]","[0, 0, 1, 0, 0, 1, 0, 0, 1, 0]",1
13,0,102,"[9, 7, 3, 7, 4, 2, 5, 2, 6, 7]","[1, 0, 0, 1, 0, 0, 0, 0, 0, 0]",1
13,0,103,"[7, 8, 7, 7, 7, 7, 7, 7, 7, 7]","[0, 0, 0, 1, 0, 0, 1, 0, 0, 0]",1
13,0,104,"[9, 8, 9, 9, 9, 9, 9, 9, 9, 9]","[1, 1, 0, 0, 1, 1, 0, 1, 1, 1]",1
13,0,105,"[7, 4, 7, 6, 6, 6, 6, 8, 5, 6]","[0, 0, 0, 0, 0, 0, 1, 1, 0, 1]",1
13,0,106,"[5, 5, 4, 5, 5, 8, 4, 7, 6, 5]","[0, 0, 0, 0, 0, 0, 0, 1, 0, 0]",1
13,0,107,"[4, 5, 4, 7, 3, 4, 4, 4, 5, 6]","[0, 0, 0, 0, 0, 0, 0, 1, 0, 0]",1
13,0,108,"[8, 4, 4, 4, 5, 9, 6, 7, 6, 8]","[0, 0, 0, 0, 0, 1, 0, 1, 0, 0]",1
13,0,109,"[3, 6, 6, 6, 6, 6, 7, 8, 4, 6]","[1, 1, 0, 0, 0, 0, 0, 0, 0, 1]",1
13,0,110,"[9, 8, 9, 8, 5, 7, 6, 8, 9, 9]","[1, 1, 0, 1, 0, 1, 0, 0, 0, 0]",1
13,0,111,"[7, 6, 9, 4, 7, 6, 7, 1, 8, 6]","[1, 1, 0, 0, 1, 0, 1, 0, 1, 0]",1
13,0,112,"[3, 4, 4, 4, 3, 3, 3, 4, 5, 4]","[0, 0, 1, 0, 0, 0, 0, 0, 0, 0]",1
13,0,113,"[5, 4, 8, 9, 5, 2, 5, 5, 4, 3]","[0, 0, 0, 1, 0, 0, 0, 0, 0, 0]",1
13,0,114,"[3, 2, 2, 3, 3, 4, 4, 2, 3, 4]","[1, 0, 0, 0, 0, 0, 0, 0, 1, 1]",1
13,0,115,"[8, 9, 9, 7, 9, 9, 9, 9, 9, 9]","[1, 0, 1, 0, 1, 0, 0, 0, 1, 0]",1
13,0,116,"[9, 9, 9, 9, 9, 9, 9, 9, 9, 9]","[1, 0, 0, 0, 1, 1, 0, 0, 0, 0]",1
13,0,117,"[4, 5, 5, 5, 6, 5, 6, 2, 5, 5]","[0, 0, 0, 0, 0, 1, 0, 0, 0, 0]",1
13,0,118,"[6, 7, 7, 8, 7, 7, 7, 7, 5, 7]","[0, 0, 0, 0, 1, 1, 0, 0, 0, 0]",1
13,0,119,"[5, 6, 6, 6, 5, 7, 6, 7, 6, 6]","[0, 0, 0, 1, 0, 1, 0, 1, 1, 0]",1
13,0,120,"[1, 5, 6, 7, 5, 8, 7, 6, 5, 6]","[0, 0, 1, 0, 0, 0, 0, 0, 0, 0]",1
13,0,121,"[6, 5, 5, 5, 6, 5, 5, 5, 5, 5]","[1, 0, 0, 0, 1, 0, 0, 1, 0, 1]",1
13,0,122,"[5, 5, 5, 5, 5, 5, 5, 5, 5, 5]","[0, 0, 0, 0, 0, 1, 1, 1, 0, 0]",1
13,0,123,"[5, 4, 6, 2, 7, 4, 4, 7, 5, 6]","[0, 0, 0, 1, 0, 0, 0, 1, 0, 0]",1
13,0,124,"[2, 6, 8, 9, 9, 7, 8, 9, 7, 7]","[0, 0, 0, 1, 0, 0, 0, 0, 0, 0]",1
13,0,125,"[5, 5, 4, 5, 5, 5, 5, 5, 5, 5]","[0, 0, 0, 0, 0, 0, 0, 1, 0, 0]",1
13,0,126,"[4, 4, 7, 4, 3, 5, 4, 5, 7, 4]","[1, 0, 0, 0, 0, 1, 0, 0, 0, 0]",1
13,0,127,"[3, 5, 5, 7, 5, 5, 6, 5, 5, 5]","[0, 0, 0, 0, 0, 0, 0, 0, 0, 0]",1
13,0,128,"[6, 5, 6, 8, 6, 6, 4, 5, 8, 7]","[0, 0, 0, 1, 0, 0, 0, 0, 0, 1]",1
13,0,129,"[4, 8, 4, 6, 7, 6, 7, 8, 6, 7]","[1, 0, 0, 0, 0, 0, 0, 0, 1, 0]",1
13,0,130,"[7, 8, 7, 3, 6, 7, 9, 6, 8, 7]","[0, 0, 0, 0, 0, 0, 0, 0, 1, 0]",1
13,0,131,"[6, 8, 6, 8, 6, 7, 5, 6, 8, 7]","[0, 0, 0, 1, 1, 0, 0, 0, 0, 0]",1
13,0,132,"[4, 4, 3, 4, 5, 4, 5, 5, 4, 4]","[0, 0, 0, 0, 0, 0, 0, 0, 0, 0]",1
13,0,133,"[9, 9, 4, 9, 9, 9, 9, 9, 9, 9]","[1, 1, 0, 0, 1, 1, 0, 1, 0, 1]",1
13,0,134,"[5, 6, 8, 5, 5, 6, 5, 5, 6, 5]","[0, 0, 0, 0, 0, 0, 0, 0, 0, 0]",1
13,0,135,"[6, 6, 4, 5, 5, 8, 4, 5, 5, 5]","[1, 0, 0, 0, 0, 0, 1, 0, 0, 0]",1
13,0,136,"[5, 5, 7, 6, 6, 5, 8, 6, 6, 8]","[0, 0, 1, 1, 0, 0, 1, 0, 0, 1]",1
13,0,137,"[4, 6, 4, 4, 5, 5, 5, 3, 4, 7]","[0, 0, 0, 0, 0, 0, 0, 1, 0, 0]",1
13,0,138,"[4, 4, 4, 4, 4, 4, 8, 4, 4, 4]","[0, 0, 0, 0, 0, 0, 1, 0, 1, 0]",1
13,0,139,"[5, 6, 5, 4, 4, 4, 4, 4, 4, 5]","[0, 1, 0, 0, 0, 1, 0, 0, 0, 0]",1
13,0,140,"[6, 9, 5, 6, 8, 8, 5, 5, 6, 5]","[1, 0, 1, 0, 1, 0, 0, 1, 0, 0]",1
13,0,141,"[3, 3, 2, 2, 3, 3, 2, 1, 1, 4]","[0, 0, 0, 0, 0, 0, 0, 0, 0, 0]",1
13,0,142,"[4, 4, 5, 3, 7, 8, 4, 7, 6, 4]","[0, 0, 1, 0, 0, 1, 0, 1, 1, 0]",1
13,0,143,"[6, 5, 5, 1, 5, 5, 5, 7, 5, 6]","[1, 0, 0, 0, 0, 0, 0, 0, 1, 0]",1
13,0,144,"[7, 6, 7, 7, 6, 7, 7, 7, 6, 6]","[1, 0, 0, 1, 0, 0, 0, 1, 1, 0]",1
13,0,145,"[7, 6, 6, 6, 7, 7, 6, 6, 5, 5]","[0, 1, 0, 0, 0, 0, 0, 0, 1, 0]",1
13,0,146,"[6, 7, 7, 7, 7, 7, 7, 7, 7, 8]","[0, 0, 1, 0, 0, 0, 0, 0, 0, 0]",1
13,0,147,"[6, 6, 5, 4, 6, 7, 7, 6, 6, 6]","[1, 0, 0, 0, 0, 0, 0, 0, 1, 1]",1
13,0,148,"[5, 5, 2, 9, 5, 5, 6, 1, 2, 5]","[0, 0, 0, 1, 0, 1, 0, 0, 0, 0]",1
13,0,149,"[5, 4, 6, 7, 7, 5, 5, 5, 5, 3]","[0, 0, 0, 0, 0, 0, 1, 1, 0, 1]",1
13,0,150,"[1, 6, 5, 5, 4, 6, 4, 7, 5, 5]","[0, 0, 0, 0, 0, 1, 0, 0, 0, 0]",1
13,0,151,"[7, 5, 4, 4, 4, 6, 6, 7, 7, 4]","[0, 0, 1, 1, 0, 0, 0, 1, 0, 0]",1
13,0,152,"[5, 5, 4, 5, 5, 2, 4, 7, 5, 4]","[0, 1, 0, 1, 0, 0, 1, 0, 0, 0]",1
13,0,153,"[6, 6, 6, 6, 6, 6, 6, 5, 1, 6]","[0, 0, 0, 0, 0, 0, 0, 0, 0, 0]",1
13,0,154,"[8, 8, 8, 8, 9, 7, 8, 6, 7, 8]","[0, 0, 1, 0, 0, 0, 0, 0, 1, 0]",1
13,0,155,"[4, 9, 5, 9, 2, 9, 8, 6, 8, 9]","[0, 0, 1, 1, 0, 0, 0, 0, 1, 0]",1
13,0,156,"[2, 1, 2, 3, 2, 2, 2, 2, 2, 1]","[0, 0, 0, 0, 0, 0, 0, 0, 0, 0]",1
13,0,157,"[5, 5, 6, 6, 6, 6, 6, 6, 5, 4]","[0, 0, 1, 0, 1, 0, 0, 0, 0, 0]",1
13,0,158,"[7, 6, 7, 7, 6, 7, 7, 8, 7, 7]","[0, 1, 1, 0, 0, 1, 1, 1, 1, 0]",1
13,0,159,"[7, 7, 7, 6, 7, 7, 7, 7, 7, 7]","[0, 0, 0, 0, 0, 0, 0, 0, 1, 0]",1
13,0,160,"[5, 9, 5, 5, 9, 8, 9, 6, 5, 9]","[1, 1, 0, 0, 0, 0, 1, 0, 1, 1]",1
13,0,161,"[4, 5, 5, 5, 4, 4, 5, 5, 5, 5]","[1, 0, 0, 0, 0, 0, 0, 0, 0, 1]",1
13,0,162,"[8, 9, 8, 9, 5, 9, 9, 9, 6, 9]","[1, 0, 1, 0, 0, 1, 0, 0, 0, 0]",1
13,0,163,"[8, 6, 6, 6, 6, 6, 6, 6, 7, 6]","[0, 0, 0, 1, 1, 1, 0, 0, 0, 1]",1
13,0,164,"[9, 9, 9, 9, 9, 9, 9, 9, 9, 9]","[1, 1, 0, 1, 1, 0, 1, 1, 1, 0]",1
13,0,165,"[6, 8, 6, 6, 6, 6, 6, 6, 6, 6]","[1, 1, 1, 1, 1, 0, 0, 0, 0, 0]",1
13,0,166,"[6, 7, 7, 5, 5, 6, 4, 6, 6, 4]","[0, 0, 0, 0, 0, 1, 0, 1, 0, 0]",1
13,0,167,"[6, 6, 7, 7, 7, 6, 7, 7, 7, 7]","[1, 0, 0, 0, 1, 1, 1, 0, 1, 0]",1
13,0,168,"[7, 6, 6, 7, 6, 7, 8, 7, 5, 6]","[1, 1, 0, 1, 0, 1, 1, 1, 0, 0]",1
13,0,169,"[5, 5, 5, 3, 6, 5, 7, 7, 5, 5]","[0, 0, 0, 0, 0, 0, 0, 0, 0, 0]",1
13,0,170,"[9, 9, 9, 8, 9, 9, 9, 9, 9, 9]","[1, 1, 1, 1, 1, 0, 1, 0, 0, 0]",1
13,0,171,"[7, 6, 4, 5, 7, 9, 6, 5, 7, 9]","[0, 1, 1, 0, 1, 0, 1, 0, 0, 0]",1
13,0,172,"[4, 8, 3, 8, 5, 6, 3, 3, 7, 6]","[0, 0, 0, 1, 0, 1, 0, 1, 1, 0]",1
13,0,173,"[4, 8, 5, 8, 9, 4, 4, 9, 8, 8]","[1, 1, 0, 0, 1, 0, 0, 0, 1, 0]",1
13,0,174,"[3, 5, 6, 5, 6, 9, 6, 6, 6, 6]","[0, 0, 1, 0, 0, 0, 0, 1, 0, 0]",1
13,0,175,"[4, 5, 3, 5, 3, 4, 5, 5, 5, 4]","[0, 0, 0, 0, 0, 0, 0, 1, 0, 0]",1
13,0,176,"[8, 8, 8, 2, 7, 8, 3, 5, 4, 7]","[1, 0, 0, 1, 0, 1, 0, 0, 1, 0]",1
13,0,177,"[7, 6, 7, 8, 8, 8, 5, 1, 7, 9]","[0, 1, 0, 0, 0, 1, 0, 0, 0, 0]",1
13,0,178,"[6, 7, 8, 7, 6, 7, 6, 7, 7, 6]","[0, 0, 1, 0, 0, 0, 1, 0, 0, 0]",1
13,0,179,"[6, 9, 4, 8, 7, 9, 9, 5, 6, 9]","[0, 1, 1, 0, 0, 0, 0, 1, 0, 0]",1
13,0,180,"[3, 3, 3, 3, 3, 2, 4, 6, 4, 4]","[0, 1, 0, 0, 0, 0, 0, 0, 0, 0]",1
13,0,181,"[6, 7, 2, 8, 5, 8, 7, 6, 8, 4]","[0, 0, 0, 1, 0, 0, 0, 1, 1, 0]",1
13,0,182,"[7, 7, 7, 6, 7, 8, 3, 8, 8, 8]","[0, 1, 1, 0, 1, 1, 0, 0, 1, 1]",1
13,0,183,"[5, 4, 9, 5, 5, 6, 5, 8, 7, 9]","[0, 0, 1, 0, 1, 0, 0, 1, 0, 1]",1
13,0,184,"[6, 7, 7, 8, 7, 5, 6, 6, 6, 5]","[0, 0, 0, 1, 0, 0, 0, 0, 0, 0]",1
13,0,185,"[7, 8, 3, 5, 7, 7, 7, 7, 6, 7]","[0, 0, 0, 0, 1, 0, 0, 0, 0, 1]",1
13,0,186,"[9, 9, 4, 9, 9, 6, 8, 7, 8, 7]","[0, 1, 0, 1, 1, 0, 0, 1, 1, 1]",1
13,0,187,"[6, 4, 7, 6, 6, 5, 5, 7, 1, 6]","[0, 0, 1, 1, 0, 0, 0, 1, 0, 0]",1
13,0,188,"[9, 9, 9, 9, 9, 8, 9, 9, 9, 9]","[0, 0, 0, 1, 0, 1, 0, 1, 1, 0]",1
13,0,189,"[5, 7, 5, 6, 6, 6, 9, 6, 5, 2]","[0, 0, 0, 0, 1, 0, 0, 0, 0, 0]",1
13,0,190,"[6, 3, 6, 8, 4, 5, 5, 5, 4, 4]","[0, 0, 0, 0, 0, 1, 0, 0, 0, 0]",1
13,0,191,"[4, 4, 4, 4, 4, 4, 2, 5, 4, 4]","[0, 0, 1, 0, 0, 0, 1, 0, 1, 0]",1
13,0,192,"[9, 9, 8, 9, 7, 9, 7, 9, 8, 3]","[0, 0, 1, 0, 1, 0, 0, 0, 1, 0]",1
13,0,193,"[4, 5, 5, 5, 5, 5, 6, 3, 5, 5]","[0, 0, 0, 0, 0, 0, 0, 0, 1, 0]",1
13,0,194,"[6, 5, 8, 8, 8, 5, 8, 4, 8, 8]","[0, 0, 0, 0, 1, 0, 0, 0, 1, 0]",1
13,0,195,"[1, 2, 1, 1, 1, 3, 3, 1, 1, 2]","[0, 0, 0, 0, 1, 0, 0, 0, 0, 0]",1
13,0,196,"[3, 4, 2, 4, 3, 3, 3, 5, 3, 5]","[0, 0, 0, 0, 0, 1, 0, 0, 0, 1]",1
13,0,197,"[7, 7, 7, 8, 7, 7, 9, 6, 7, 7]","[0, 0, 1, 0, 0, 0, 0, 1, 1, 1]",1
13,0,198,"[2, 1, 4, 4, 1, 5, 3, 4, 6, 2]","[0, 0, 0, 0, 0, 0, 1, 0, 1, 0]",1
13,0,199,"[5, 5, 5, 6, 5, 5, 5, 5, 6, 5]","[0, 0, 0, 0, 0, 0, 0, 1, 0, 0]",1
13,0,200,"[5, 5, 4, 6, 5, 4, 4, 6, 5, 4]","[0, 0, 0, 1, 0, 0, 0, 0, 0, 0]",1
13,0,201,"[9, 8, 9, 5, 9, 9, 9, 8, 9, 4]","[1, 1, 1, 1, 1, 0, 0, 1, 1, 0]",1
13,0,202,"[5, 6, 5, 5, 6, 7, 5, 5, 9, 5]","[0, 1, 0, 1, 0, 0, 1, 0, 0, 0]",1
13,0,203,"[5, 3, 4, 4, 3, 4, 3, 3, 3, 4]","[0, 0, 0, 0, 0, 0, 0, 0, 0, 0]",1
13,0,204,"[8, 7, 8, 7, 8, 8, 8, 8, 9, 7]","[0, 0, 0, 0, 0, 1, 0, 0, 1, 0]",1
13,0,205,"[8, 9, 9, 9, 9, 8, 9, 9, 9, 9]","[0, 1, 1, 0, 0, 1, 0, 1, 1, 1]",1
13,0,206,"[8, 8, 2, 8, 8, 8, 8, 8, 8, 4]","[0, 1, 0, 1, 1, 0, 1, 0, 0, 0]",1
13,0,207,"[4, 5, 5, 5, 4, 5, 6, 6, 5, 5]","[0, 0, 0, 1, 1, 0, 0, 1, 0, 0]",1
13,0,208,"[7, 9, 9, 9, 8, 9, 9, 9, 9, 9]","[0, 0, 0, 0, 1, 1, 0, 1, 0, 1]",1
13,0,209,"[7, 6, 6, 6, 6, 6, 6, 5, 3, 6]","[0, 0, 0, 1, 0, 0, 0, 0, 1, 0]",1
13,1,0,"[8, 6, 3, 7, 9, 1, 3, 6, 8, 8]","[0, 0, 0, 1, 0, 0, 0, 0, 0, 0]",1
13,1,1,"[4, 5, 4, 5, 4, 5, 4, 3, 4, 5]","[0, 0, 0, 0, 1, 0, 1, 1, 1, 1]",1
13,1,2,"[5, 5, 2, 2, 5, 5, 6, 5, 6, 5]","[0, 0, 0, 0, 0, 0, 0, 0, 0, 0]",1
13,1,3,"[7, 4, 7, 6, 6, 7, 4, 6, 4, 5]","[0, 0, 1, 0, 1, 0, 0, 0, 0, 0]",1
13,1,4,"[4, 4, 3, 4, 4, 4, 1, 4, 4, 3]","[1, 0, 0, 1, 0, 0, 0, 0, 0, 1]",1
13,1,5,"[4, 7, 4, 5, 6, 7, 2, 4, 4, 5]","[0, 0, 0, 0, 1, 1, 0, 1, 0, 0]",1
13,1,6,"[2, 1, 2, 6, 1, 2, 2, 2, 2, 2]","[0, 0, 0, 0, 0, 0, 0, 0, 0, 0]",1
13,1,7,"[5, 5, 5, 5, 4, 4, 5, 4, 5, 5]","[0, 0, 0, 0, 0, 0, 0, 0, 0, 0]",1
13,1,8,"[4, 3, 3, 3, 3, 3, 3, 3, 3, 3]","[0, 0, 0, 0, 0, 0, 0, 0, 1, 0]",1
13,1,9,"[5, 3, 4, 6, 5, 5, 5, 2, 1, 3]","[0, 0, 0, 0, 1, 1, 0, 1, 0, 1]",1
13,1,10,"[4, 4, 3, 4, 4, 4, 5, 2, 4, 3]","[0, 0, 0, 0, 0, 1, 0, 0, 0, 1]",1
13,1,11,"[4, 1, 7, 3, 3, 2, 3, 3, 3, 3]","[0, 0, 0, 0, 0, 0, 1, 0, 0, 0]",1
13,1,12,"[5, 9, 4, 4, 4, 4, 4, 3, 5, 3]","[0, 0, 0, 0, 0, 0, 1, 0, 1, 0]",1
13,1,13,"[3, 3, 3, 4, 4, 3, 4, 8, 3, 3]","[0, 0, 0, 1, 0, 0, 0, 0, 0, 0]",1
13,1,14,"[7, 2, 2, 2, 2, 6, 2, 2, 1, 5]","[0, 0, 0, 0, 0, 1, 0, 0, 0, 0]",1
13,1,15,"[7, 7, 5, 7, 6, 7, 7, 6, 7, 7]","[0, 0, 0, 1, 0, 0, 0, 0, 0, 0]",1
13,1,16,"[6, 4, 6, 7, 7, 1, 4, 3, 8, 6]","[0, 0, 1, 1, 1, 1, 0, 0, 0, 0]",1
13,1,17,"[5, 7, 5, 5, 6, 5, 6, 5, 5, 5]","[0, 0, 0, 0, 1, 1, 1, 1, 0, 1]",1
13,1,18,"[4, 4, 5, 3, 4, 4, 3, 5, 2, 4]","[0, 0, 0, 0, 0, 1, 0, 0, 0, 0]",1
13,1,19,"[3, 1, 2, 3, 1, 4, 3, 2, 5, 5]","[0, 0, 0, 0, 0, 0, 0, 0, 0, 0]",1
13,1,20,"[6, 5, 3, 4, 5, 6, 2, 4, 4, 4]","[0, 0, 0, 0, 1, 0, 0, 0, 1, 0]",1
13,1,21,"[6, 5, 8, 4, 7, 6, 6, 5, 7, 6]","[0, 0, 1, 1, 0, 0, 0, 0, 0, 0]",1
13,1,22,"[3, 4, 3, 3, 2, 3, 2, 3, 3, 2]","[1, 0, 0, 0, 0, 0, 0, 0, 0, 0]",1
13,1,23,"[4, 3, 2, 3, 2, 3, 2, 3, 4, 4]","[0, 0, 1, 0, 0, 0, 0, 0, 0, 0]",1
13,1,24,"[5, 5, 5, 4, 4, 2, 1, 2, 1, 6]","[0, 1, 0, 0, 1, 0, 0, 0, 0, 1]",1
13,1,25,"[2, 2, 2, 2, 2, 2, 2, 2, 2, 2]","[0, 0, 0, 0, 0, 1, 0, 0, 0, 0]",1
13,1,26,"[9, 9, 9, 3, 3, 4, 5, 4, 9, 9]","[1, 1, 1, 0, 1, 0, 0, 0, 1, 0]",1
13,1,27,"[4, 4, 4, 4, 4, 4, 4, 4, 4, 4]","[0, 0, 0, 1, 0, 1, 0, 0, 0, 0]",1
13,1,28,"[3, 3, 3, 3, 3, 9, 4, 3, 2, 7]","[1, 0, 1, 0, 1, 1, 0, 0, 0, 1]",1
13,1,29,"[9, 5, 6, 7, 8, 9, 6, 9, 7, 9]","[0, 0, 1, 0, 0, 1, 0, 1, 0, 1]",1
13,1,30,"[5, 2, 7, 8, 4, 7, 2, 7, 7, 6]","[0, 0, 1, 0, 0, 0, 0, 0, 0, 0]",1
13,1,31,"[4, 4, 4, 5, 3, 3, 4, 4, 4, 4]","[1, 1, 0, 0, 1, 0, 0, 0, 0, 0]",1
13,1,32,"[7, 2, 4, 4, 6, 3, 3, 4, 7, 5]","[0, 1, 0, 0, 0, 0, 0, 0, 0, 0]",1
13,1,33,"[2, 3, 2, 2, 2, 3, 2, 2, 2, 2]","[0, 0, 0, 0, 0, 0, 0, 0, 0, 0]",1
13,1,34,"[5, 6, 4, 6, 5, 5, 5, 5, 5, 5]","[0, 0, 1, 0, 0, 1, 1, 0, 0, 1]",1
13,1,35,"[7, 2, 3, 8, 6, 2, 3, 3, 4, 1]","[0, 0, 0, 1, 0, 0, 0, 0, 0, 0]",1
13,1,36,"[2, 4, 5, 6, 2, 4, 2, 1, 3, 5]","[0, 0, 0, 1, 0, 0, 0, 0, 0, 0]",1
13,1,37,"[4, 4, 3, 5, 4, 8, 5, 5, 6, 5]","[0, 0, 0, 0, 1, 1, 0, 1, 0, 1]",1
13,1,38,"[4, 4, 3, 2, 3, 3, 2, 2, 5, 4]","[0, 1, 0, 0, 0, 0, 1, 0, 0, 0]",1
13,1,39,"[2, 1, 5, 2, 1, 2, 1, 1, 2, 1]","[0, 1, 0, 0, 0, 0, 1, 0, 0, 0]",1
13,1,40,"[6, 3, 3, 3, 4, 3, 3, 3, 4, 3]","[0, 0, 0, 0, 0, 1, 0, 0, 0, 0]",1
13,1,41,"[4, 5, 1, 4, 5, 6, 5, 5, 5, 5]","[0, 0, 0, 1, 1, 0, 0, 0, 1, 0]",1
13,1,42,"[4, 4, 3, 3, 3, 4, 4, 4, 4, 1]","[0, 0, 0, 0, 0, 0, 0, 0, 0, 0]",1
13,1,43,"[7, 3, 3, 6, 8, 2, 3, 3, 3, 3]","[0, 0, 0, 0, 1, 0, 0, 0, 0, 0]",1
13,1,44,"[2, 9, 3, 3, 4, 5, 4, 4, 4, 6]","[0, 1, 0, 0, 0, 0, 1, 1, 1, 0]",1
13,1,45,"[6, 5, 5, 5, 5, 5, 6, 4, 5, 3]","[1, 0, 0, 0, 0, 0, 0, 1, 1, 0]",1
13,1,46,"[3, 3, 3, 3, 4, 3, 3, 3, 3, 2]","[0, 0, 0, 1, 1, 0, 1, 0, 0, 0]",1
13,1,47,"[5, 4, 4, 4, 4, 4, 4, 4, 7, 4]","[1, 0, 1, 0, 0, 0, 0, 0, 0, 0]",1
13,1,48,"[6, 4, 3, 3, 4, 4, 4, 4, 4, 5]","[1, 0, 0, 0, 1, 0, 0, 0, 0, 1]",1
13,1,49,"[7, 4, 7, 7, 4, 6, 6, 7, 7, 3]","[0, 0, 1, 1, 0, 0, 0, 0, 1, 0]",1
13,1,50,"[5, 4, 1, 4, 6, 4, 4, 4, 4, 2]","[0, 0, 0, 0, 1, 0, 1, 0, 0, 0]",1
13,1,51,"[3, 4, 4, 2, 2, 3, 3, 3, 3, 4]","[0, 0, 0, 0, 0, 0, 0, 0, 0, 0]",1
13,1,52,"[1, 2, 3, 4, 3, 3, 4, 3, 4, 3]","[0, 1, 0, 0, 0, 0, 1, 0, 0, 0]",1
13,1,53,"[2, 4, 7, 2, 3, 3, 4, 3, 2, 3]","[0, 0, 0, 1, 0, 0, 1, 0, 0, 0]",1
13,1,54,"[4, 2, 2, 3, 5, 2, 3, 1, 7, 5]","[0, 0, 0, 0, 1, 0, 0, 0, 1, 0]",1
13,1,55,"[3, 3, 4, 4, 4, 3, 4, 3, 7, 5]","[0, 0, 0, 0, 0, 0, 0, 0, 0, 0]",1
13,1,56,"[3, 5, 6, 2, 2, 1, 2, 1, 3, 2]","[0, 0, 1, 1, 0, 0, 0, 0, 0, 0]",1
13,1,57,"[4, 4, 6, 2, 5, 3, 5, 5, 5, 4]","[0, 0, 0, 0, 1, 0, 0, 0, 1, 0]",1
13,1,58,"[4, 5, 1, 4, 3, 3, 3, 3, 2, 3]","[0, 0, 0, 0, 0, 0, 1, 0, 0, 0]",1
13,1,59,"[5, 5, 8, 3, 1, 4, 6, 5, 3, 4]","[1, 0, 0, 0, 0, 1, 0, 0, 0, 0]",1
13,1,60,"[5, 2, 3, 2, 1, 3, 4, 2, 3, 4]","[0, 0, 0, 0, 0, 0, 0, 0, 0, 0]",1
13,1,61,"[5, 8, 4, 4, 4, 5, 3, 4, 4, 3]","[0, 1, 0, 0, 0, 0, 0, 1, 0, 1]",1
13,1,62,"[8, 9, 9, 9, 8, 8, 7, 8, 7, 8]","[0, 1, 0, 0, 0, 0, 1, 0, 1, 0]",1
13,1,63,"[2, 3, 4, 4, 3, 4, 4, 5, 4, 4]","[0, 0, 0, 1, 0, 1, 1, 1, 0, 0]",1
13,1,64,"[4, 5, 7, 2, 7, 6, 8, 7, 7, 7]","[0, 0, 1, 0, 0, 1, 0, 0, 0, 0]",1
13,1,65,"[2, 5, 4, 3, 4, 6, 4, 5, 5, 5]","[0, 0, 0, 0, 1, 0, 0, 0, 1, 0]",1
13,1,66,"[2, 1, 4, 3, 5, 3, 5, 5, 4, 6]","[0, 0, 0, 0, 0, 1, 1, 0, 0, 0]",1
13,1,67,"[5, 8, 2, 6, 1, 3, 6, 4, 5, 5]","[0, 0, 0, 1, 0, 0, 1, 0, 1, 1]",1
13,1,68,"[6, 4, 5, 5, 5, 4, 4, 5, 3, 5]","[0, 1, 0, 0, 0, 0, 1, 0, 0, 0]",1
13,1,69,"[4, 5, 5, 4, 5, 4, 3, 5, 6, 4]","[1, 0, 0, 0, 1, 1, 1, 0, 0, 1]",1
13,1,70,"[4, 5, 4, 5, 4, 4, 6, 6, 5, 5]","[1, 0, 1, 0, 0, 1, 0, 1, 0, 0]",1
13,1,71,"[3, 3, 3, 3, 2, 3, 3, 3, 3, 3]","[0, 0, 0, 1, 0, 0, 1, 0, 1, 0]",1
13,1,72,"[4, 4, 5, 4, 4, 4, 4, 3, 4, 4]","[1, 0, 0, 0, 0, 1, 0, 0, 0, 0]",1
13,1,73,"[1, 1, 1, 1, 1, 1, 1, 2, 1, 1]","[1, 1, 0, 1, 0, 0, 0, 1, 0, 1]",1
13,1,74,"[5, 3, 3, 3, 4, 1, 2, 2, 4, 3]","[1, 1, 1, 1, 1, 0, 0, 0, 0, 1]",1
13,1,75,"[3, 3, 3, 4, 3, 3, 3, 3, 8, 3]","[1, 0, 0, 0, 0, 1, 0, 0, 1, 0]",1
13,1,76,"[1, 5, 1, 3, 1, 3, 3, 1, 3, 4]","[0, 0, 0, 0, 0, 0, 0, 0, 0, 0]",1
13,1,77,"[4, 4, 5, 2, 4, 4, 4, 2, 4, 5]","[0, 0, 0, 0, 0, 0, 0, 0, 1, 1]",1
13,1,78,"[5, 5, 5, 5, 6, 5, 4, 5, 5, 5]","[0, 1, 0, 0, 0, 0, 1, 0, 0, 1]",1
13,1,79,"[9, 6, 4, 6, 2, 7, 6, 6, 4, 6]","[0, 1, 0, 0, 0, 0, 0, 1, 0, 1]",1
13,1,80,"[7, 5, 7, 8, 7, 7, 8, 7, 8, 7]","[1, 0, 1, 0, 0, 1, 1, 0, 0, 1]",1
13,1,81,"[5, 4, 5, 4, 5, 4, 7, 5, 6, 6]","[1, 1, 0, 0, 0, 0, 1, 0, 0, 0]",1
13,1,82,"[5, 4, 5, 5, 3, 5, 5, 4, 3, 5]","[0, 0, 1, 1, 0, 1, 0, 0, 1, 0]",1
13,1,83,"[7, 2, 4, 4, 6, 4, 7, 6, 4, 3]","[0, 0, 0, 0, 0, 0, 1, 0, 0, 0]",1
13,1,84,"[3, 3, 1, 3, 3, 1, 4, 1, 2, 4]","[1, 1, 1, 0, 1, 0, 0, 0, 0, 0]",1
13,1,85,"[3, 3, 9, 3, 3, 3, 3, 3, 3, 6]","[0, 0, 1, 0, 1, 1, 0, 1, 0, 0]",1
13,1,86,"[6, 6, 6, 6, 6, 6, 5, 5, 6, 6]","[1, 1, 0, 0, 0, 1, 0, 0, 0, 1]",1
13,1,87,"[3, 2, 3, 4, 5, 5, 3, 3, 5, 4]","[0, 0, 0, 1, 1, 0, 0, 0, 1, 0]",1
13,1,88,"[2, 3, 4, 3, 3, 3, 3, 3, 3, 3]","[0, 0, 0, 0, 0, 0, 0, 0, 0, 0]",1
13,1,89,"[3, 3, 3, 2, 3, 3, 3, 3, 9, 4]","[0, 0, 0, 0, 0, 0, 0, 0, 0, 0]",1
13,1,90,"[6, 7, 6, 5, 1, 6, 6, 6, 4, 6]","[1, 0, 0, 0, 0, 0, 0, 0, 1, 0]",1
13,1,91,"[6, 4, 7, 5, 3, 3, 4, 4, 7, 3]","[0, 0, 1, 1, 1, 0, 0, 0, 1, 0]",1
13,1,92,"[5, 2, 3, 6, 2, 3, 4, 7, 8, 3]","[0, 1, 0, 0, 0, 0, 0, 0, 1, 0]",1
13,1,93,"[3, 6, 3, 3, 2, 4, 2, 1, 3, 1]","[0, 1, 0, 1, 1, 0, 0, 0, 0, 0]",1
13,1,94,"[2, 2, 3, 5, 3, 5, 4, 2, 3, 3]","[1, 1, 0, 0, 0, 1, 0, 1, 1, 1]",1
13,1,95,"[5, 6, 6, 5, 5, 5, 4, 4, 5, 5]","[1, 0, 1, 0, 0, 0, 0, 0, 0, 0]",1
13,1,96,"[4, 4, 4, 4, 3, 4, 3, 4, 4, 6]","[0, 1, 1, 0, 0, 0, 1, 0, 0, 1]",1
13,1,97,"[5, 3, 1, 3, 4, 4, 3, 5, 2, 1]","[0, 0, 0, 0, 0, 1, 0, 0, 0, 0]",1
13,1,98,"[9, 7, 3, 1, 9, 8, 9, 3, 3, 5]","[1, 0, 0, 0, 1, 1, 0, 0, 0, 0]",1
13,1,99,"[2, 2, 2, 2, 2, 1, 2, 2, 3, 2]","[0, 0, 0, 0, 0, 0, 0, 0, 0, 0]",1
13,1,100,"[4, 3, 3, 5, 3, 3, 3, 3, 3, 3]","[0, 0, 1, 0, 0, 1, 0, 1, 1, 0]",1
13,1,101,"[6, 6, 2, 5, 2, 4, 3, 4, 1, 2]","[0, 1, 0, 0, 0, 0, 0, 1, 0, 0]",1
13,1,102,"[4, 3, 1, 2, 3, 3, 1, 3, 1, 4]","[1, 1, 1, 0, 0, 0, 0, 0, 1, 1]",1
13,1,103,"[2, 2, 1, 2, 2, 2, 3, 2, 2, 2]","[0, 0, 0, 0, 0, 0, 0, 0, 0, 0]",1
13,1,104,"[9, 9, 9, 8, 9, 9, 8, 8, 9, 8]","[1, 1, 1, 1, 1, 0, 1, 1, 1, 1]",1
13,1,105,"[5, 5, 5, 4, 8, 3, 5, 4, 4, 4]","[1, 0, 1, 1, 1, 0, 1, 0, 1, 0]",1
13,1,106,"[3, 4, 4, 8, 4, 4, 3, 8, 4, 3]","[0, 0, 1, 1, 0, 0, 0, 1, 0, 0]",1
13,1,107,"[3, 3, 2, 9, 3, 2, 3, 2, 2, 2]","[0, 0, 0, 0, 0, 0, 0, 0, 0, 0]",1
13,1,108,"[2, 2, 2, 5, 6, 3, 2, 5, 5, 5]","[0, 0, 0, 0, 1, 0, 0, 0, 0, 0]",1
13,1,109,"[4, 6, 3, 5, 5, 4, 4, 3, 4, 5]","[1, 0, 0, 0, 0, 1, 0, 0, 1, 0]",1
13,1,110,"[3, 3, 6, 3, 4, 6, 7, 3, 3, 4]","[0, 1, 0, 0, 0, 0, 0, 0, 0, 1]",1
13,1,111,"[5, 4, 5, 7, 6, 2, 6, 4, 7, 4]","[0, 0, 0, 0, 0, 0, 1, 0, 0, 1]",1
13,1,112,"[5, 5, 6, 5, 5, 5, 5, 5, 4, 5]","[0, 0, 1, 1, 0, 0, 0, 1, 0, 1]",1
13,1,113,"[4, 3, 4, 2, 9, 7, 4, 1, 3, 4]","[1, 0, 1, 0, 1, 0, 0, 0, 0, 0]",1
13,1,114,"[3, 4, 2, 3, 3, 3, 2, 3, 3, 4]","[0, 1, 0, 0, 0, 0, 0, 1, 0, 0]",1
13,1,115,"[3, 5, 4, 2, 4, 3, 7, 4, 4, 5]","[0, 0, 0, 0, 1, 0, 0, 0, 1, 0]",1
13,1,116,"[4, 5, 4, 7, 6, 5, 6, 5, 6, 6]","[0, 1, 0, 1, 0, 0, 1, 0, 1, 0]",1
13,1,117,"[3, 3, 3, 3, 3, 3, 3, 3, 3, 3]","[0, 0, 0, 0, 1, 0, 1, 0, 0, 0]",1
13,1,118,"[4, 6, 4, 5, 5, 5, 5, 6, 8, 7]","[0, 0, 1, 0, 0, 0, 0, 0, 0, 0]",1
13,1,119,"[5, 4, 5, 4, 4, 4, 5, 4, 4, 6]","[1, 1, 0, 0, 1, 0, 0, 0, 0, 1]",1
13,1,120,"[5, 6, 6, 6, 9, 8, 4, 6, 6, 6]","[0, 0, 0, 0, 1, 1, 1, 0, 0, 0]",1
13,1,121,"[4, 8, 5, 4, 3, 4, 4, 3, 4, 4]","[1, 0, 0, 0, 0, 0, 0, 0, 0, 0]",1
13,1,122,"[3, 3, 4, 4, 4, 4, 3, 4, 4, 4]","[0, 0, 0, 0, 0, 1, 0, 0, 0, 0]",1
13,1,123,"[3, 5, 5, 3, 2, 5, 3, 3, 4, 5]","[0, 0, 0, 0, 0, 0, 0, 0, 0, 0]",1
13,1,124,"[5, 4, 3, 3, 5, 5, 5, 4, 4, 5]","[1, 0, 0, 1, 1, 0, 0, 0, 0, 1]",1
13,1,125,"[3, 3, 3, 3, 3, 4, 3, 2, 3, 3]","[0, 1, 0, 0, 0, 0, 0, 0, 0, 0]",1
13,1,126,"[6, 8, 7, 3, 5, 3, 3, 3, 4, 4]","[0, 1, 1, 1, 0, 0, 0, 0, 0, 0]",1
13,1,127,"[4, 2, 4, 4, 3, 4, 4, 4, 4, 4]","[0, 0, 0, 0, 0, 0, 0, 0, 0, 0]",1
13,1,128,"[5, 5, 6, 5, 6, 2, 3, 6, 6, 6]","[1, 0, 0, 1, 0, 0, 1, 1, 0, 0]",1
13,1,129,"[5, 7, 8, 6, 6, 6, 5, 4, 7, 5]","[0, 0, 0, 0, 0, 1, 0, 0, 0, 0]",1
13,1,130,"[5, 6, 8, 5, 5, 5, 5, 5, 5, 5]","[1, 0, 1, 0, 0, 0, 0, 0, 0, 0]",1
13,1,131,"[1, 3, 9, 1, 5, 1, 6, 1, 8, 1]","[0, 1, 1, 0, 1, 0, 0, 0, 1, 1]",1
13,1,132,"[3, 1, 3, 3, 5, 5, 3, 2, 6, 3]","[0, 0, 0, 0, 1, 0, 0, 0, 0, 0]",1
13,1,133,"[2, 4, 4, 3, 3, 2, 3, 3, 4, 4]","[0, 0, 1, 0, 0, 1, 0, 1, 0, 0]",1
13,1,134,"[4, 4, 7, 4, 3, 4, 4, 4, 4, 4]","[0, 0, 0, 0, 0, 0, 0, 1, 0, 1]",1
13,1,135,"[4, 4, 6, 5, 5, 5, 7, 6, 5, 5]","[0, 0, 0, 0, 0, 0, 1, 0, 0, 0]",1
13,1,136,"[5, 6, 5, 5, 5, 6, 6, 6, 5, 6]","[0, 1, 0, 1, 1, 0, 0, 1, 1, 0]",1
13,1,137,"[3, 2, 2, 3, 7, 5, 2, 5, 2, 2]","[0, 0, 0, 0, 1, 0, 1, 0, 0, 0]",1
13,1,138,"[4, 5, 4, 4, 4, 4, 4, 4, 4, 4]","[0, 1, 1, 0, 0, 0, 0, 1, 0, 0]",1
13,1,139,"[8, 3, 4, 5, 3, 5, 6, 3, 5, 4]","[1, 0, 0, 0, 0, 0, 0, 1, 0, 1]",1
13,1,140,"[5, 5, 5, 5, 5, 2, 3, 7, 4, 7]","[1, 1, 0, 0, 0, 1, 1, 1, 0, 0]",1
13,1,141,"[4, 4, 5, 2, 1, 5, 5, 2, 5, 4]","[0, 1, 1, 1, 0, 0, 0, 0, 0, 0]",1
13,1,142,"[4, 9, 9, 7, 5, 7, 2, 5, 3, 5]","[1, 1, 0, 0, 0, 0, 1, 1, 0, 0]",1
13,1,143,"[3, 3, 3, 3, 3, 3, 3, 3, 3, 4]","[0, 0, 0, 0, 0, 1, 0, 0, 0, 0]",1
13,1,144,"[4, 6, 5, 4, 4, 4, 5, 5, 5, 4]","[0, 0, 0, 0, 0, 0, 1, 0, 1, 0]",1
13,1,145,"[5, 7, 5, 3, 5, 3, 6, 4, 5, 6]","[0, 0, 0, 0, 0, 0, 0, 0, 1, 0]",1
13,1,146,"[5, 5, 5, 5, 5, 5, 5, 5, 3, 5]","[1, 0, 0, 0, 0, 0, 0, 0, 0, 1]",1
13,1,147,"[5, 5, 5, 4, 5, 5, 6, 5, 5, 5]","[1, 1, 1, 0, 1, 1, 1, 0, 1, 0]",1
13,1,148,"[5, 4, 5, 4, 5, 5, 4, 5, 5, 4]","[0, 0, 0, 0, 1, 0, 0, 1, 0, 0]",1
13,1,149,"[6, 5, 4, 4, 5, 1, 3, 4, 5, 5]","[1, 1, 0, 0, 0, 0, 0, 1, 1, 0]",1
13,1,150,"[3, 3, 4, 1, 8, 3, 3, 4, 3, 3]","[0, 0, 1, 0, 0, 0, 0, 0, 0, 0]",1
13,1,151,"[2, 3, 3, 3, 2, 3, 3, 3, 2, 3]","[0, 1, 0, 1, 0, 0, 0, 1, 0, 0]",1
13,1,152,"[3, 1, 3, 3, 3, 5, 3, 3, 3, 4]","[1, 0, 0, 1, 0, 0, 0, 0, 0, 0]",1
13,1,153,"[2, 2, 5, 6, 3, 4, 3, 2, 3, 3]","[0, 0, 0, 0, 0, 0, 0, 0, 0, 0]",1
13,1,154,"[3, 3, 3, 1, 3, 4, 3, 7, 3, 3]","[1, 0, 0, 0, 0, 0, 0, 1, 0, 0]",1
13,1,155,"[5, 7, 7, 6, 5, 3, 6, 5, 4, 4]","[1, 1, 0, 0, 0, 0, 0, 0, 0, 0]",1
13,1,156,"[3, 2, 3, 4, 4, 3, 3, 3, 3, 3]","[0, 0, 0, 1, 0, 0, 1, 0, 0, 0]",1
13,1,157,"[4, 4, 4, 3, 5, 3, 4, 4, 2, 4]","[0, 0, 0, 0, 0, 1, 0, 0, 0, 0]",1
13,1,158,"[8, 7, 5, 1, 2, 2, 2, 8, 2, 2]","[0, 0, 0, 0, 0, 0, 0, 1, 0, 0]",1
13,1,159,"[6, 6, 5, 7, 6, 6, 6, 6, 6, 6]","[0, 0, 0, 0, 0, 0, 0, 1, 0, 0]",1
13,1,160,"[4, 5, 5, 6, 5, 7, 4, 6, 4, 4]","[0, 0, 1, 0, 0, 1, 0, 0, 0, 0]",1
13,1,161,"[6, 5, 5, 4, 5, 6, 4, 3, 4, 4]","[1, 0, 0, 0, 0, 1, 0, 0, 0, 1]",1
13,1,162,"[3, 8, 6, 4, 6, 5, 9, 5, 4, 7]","[0, 1, 0, 0, 0, 0, 0, 0, 0, 1]",1
13,1,163,"[4, 5, 5, 5, 5, 5, 1, 4, 4, 9]","[1, 0, 0, 0, 0, 0, 0, 0, 0, 1]",1
13,1,164,"[9, 8, 9, 7, 9, 9, 9, 3, 9, 9]","[1, 0, 0, 0, 1, 1, 0, 0, 1, 0]",1
13,1,165,"[3, 3, 2, 3, 2, 9, 3, 3, 3, 5]","[0, 0, 0, 0, 0, 0, 0, 0, 0, 0]",1
13,1,166,"[7, 1, 1, 4, 9, 7, 3, 1, 4, 9]","[1, 0, 0, 0, 1, 1, 0, 0, 0, 1]",1
13,1,167,"[9, 8, 1, 9, 9, 9, 9, 3, 9, 8]","[0, 0, 0, 1, 0, 0, 1, 0, 1, 0]",1
13,1,168,"[2, 3, 1, 8, 3, 1, 4, 2, 6, 7]","[0, 0, 0, 1, 1, 0, 0, 0, 0, 0]",1
13,1,169,"[6, 4, 7, 7, 5, 5, 6, 6, 6, 7]","[1, 0, 0, 1, 0, 0, 0, 1, 0, 0]",1
13,1,170,"[3, 3, 1, 2, 4, 4, 5, 1, 5, 5]","[0, 0, 0, 0, 0, 0, 0, 0, 1, 1]",1
13,1,171,"[5, 7, 7, 9, 4, 7, 7, 5, 3, 7]","[0, 1, 1, 1, 0, 0, 0, 0, 0, 1]",1
13,1,172,"[7, 3, 4, 3, 5, 5, 4, 6, 3, 4]","[1, 0, 0, 0, 0, 0, 0, 0, 0, 1]",1
13,1,173,"[4, 5, 6, 4, 4, 4, 4, 4, 4, 4]","[0, 0, 0, 0, 0, 0, 0, 0, 0, 0]",1
13,1,174,"[8, 6, 4, 8, 5, 5, 4, 5, 6, 6]","[1, 0, 0, 0, 0, 1, 0, 0, 0, 1]",1
13,1,175,"[3, 3, 3, 3, 3, 2, 4, 3, 2, 4]","[0, 1, 0, 0, 0, 0, 0, 0, 0, 0]",1
13,1,176,"[5, 5, 6, 6, 4, 5, 5, 3, 1, 6]","[0, 0, 0, 0, 0, 0, 0, 1, 0, 0]",1
13,1,177,"[5, 4, 7, 5, 6, 3, 5, 4, 2, 4]","[1, 0, 1, 1, 0, 0, 1, 0, 1, 0]",1
13,1,178,"[6, 4, 6, 5, 6, 6, 6, 6, 5, 6]","[1, 1, 1, 1, 1, 0, 0, 1, 1, 1]",1
13,1,179,"[3, 3, 3, 8, 3, 3, 6, 4, 3, 3]","[0, 1, 0, 1, 0, 0, 0, 0, 1, 1]",1
13,1,180,"[2, 2, 2, 2, 2, 2, 2, 2, 2, 2]","[0, 1, 0, 0, 0, 1, 0, 0, 0, 0]",1
13,1,181,"[3, 3, 4, 3, 4, 5, 2, 1, 3, 6]","[0, 1, 1, 1, 0, 0, 0, 0, 0, 0]",1
13,1,182,"[4, 5, 5, 2, 5, 5, 4, 6, 6, 5]","[0, 1, 1, 0, 0, 0, 0, 0, 0, 0]",1
13,1,183,"[8, 6, 2, 9, 7, 3, 5, 4, 2, 4]","[1, 0, 0, 1, 1, 0, 1, 0, 0, 1]",1
13,1,184,"[4, 4, 3, 4, 3, 3, 4, 2, 4, 4]","[1, 0, 0, 1, 1, 0, 0, 0, 0, 0]",1
13,1,185,"[7, 7, 5, 7, 7, 2, 7, 5, 6, 7]","[1, 0, 1, 0, 0, 1, 1, 0, 0, 0]",1
13,1,186,"[6, 6, 6, 4, 4, 4, 6, 3, 4, 3]","[0, 1, 0, 0, 0, 1, 0, 0, 0, 0]",1
13,1,187,"[5, 1, 6, 4, 5, 4, 4, 6, 5, 5]","[0, 0, 0, 0, 1, 1, 0, 0, 1, 0]",1
13,1,188,"[5, 4, 4, 4, 4, 5, 6, 4, 4, 4]","[1, 0, 1, 0, 1, 0, 1, 0, 0, 1]",1
13,1,189,"[5, 2, 1, 3, 4, 3, 3, 3, 6, 3]","[0, 0, 0, 1, 0, 0, 0, 0, 1, 0]",1
13,1,190,"[3, 3, 4, 4, 6, 1, 6, 8, 6, 3]","[0, 1, 1, 0, 1, 0, 0, 1, 1, 0]",1
13,1,191,"[3, 3, 2, 3, 6, 3, 2, 2, 3, 3]","[0, 0, 0, 0, 0, 0, 0, 0, 0, 0]",1
13,1,192,"[3, 4, 3, 4, 4, 4, 3, 3, 3, 4]","[0, 0, 0, 0, 1, 0, 1, 0, 1, 0]",1
13,1,193,"[5, 5, 4, 5, 5, 5, 5, 4, 6, 4]","[0, 0, 1, 0, 0, 0, 0, 1, 0, 0]",1
13,1,194,"[6, 2, 4, 3, 4, 4, 2, 4, 6, 7]","[1, 0, 1, 0, 0, 0, 0, 0, 0, 0]",1
13,1,195,"[1, 1, 3, 3, 2, 1, 1, 1, 1, 1]","[1, 1, 1, 0, 0, 0, 1, 1, 0, 0]",1
13,1,196,"[3, 3, 3, 9, 3, 3, 3, 3, 3, 3]","[0, 0, 0, 0, 0, 0, 0, 0, 1, 0]",1
13,1,197,"[5, 6, 6, 4, 5, 5, 5, 5, 4, 5]","[1, 1, 0, 0, 1, 1, 0, 0, 1, 0]",1
13,1,198,"[2, 5, 5, 5, 4, 4, 1, 5, 7, 6]","[1, 1, 1, 0, 1, 0, 0, 0, 1, 1]",1
13,1,199,"[2, 7, 2, 3, 3, 2, 2, 1, 2, 2]","[0, 0, 0, 0, 0, 0, 0, 0, 0, 0]",1
13,1,200,"[2, 2, 2, 2, 3, 2, 3, 2, 1, 2]","[0, 0, 0, 0, 0, 0, 0, 0, 0, 0]",1
13,1,201,"[3, 3, 4, 5, 3, 4, 3, 4, 6, 4]","[0, 0, 0, 0, 0, 0, 1, 1, 1, 1]",1
13,1,202,"[5, 5, 4, 3, 5, 5, 5, 5, 4, 5]","[1, 0, 1, 1, 0, 0, 0, 1, 1, 0]",1
13,1,203,"[3, 3, 4, 3, 4, 4, 3, 2, 3, 4]","[0, 1, 1, 0, 0, 1, 0, 0, 0, 1]",1
13,1,204,"[2, 2, 2, 3, 4, 3, 2, 3, 2, 7]","[0, 0, 0, 0, 1, 0, 0, 0, 0, 0]",1
13,1,205,"[2, 2, 2, 2, 2, 2, 2, 3, 8, 1]","[0, 1, 0, 1, 0, 1, 0, 1, 1, 1]",1
13,1,206,"[2, 2, 4, 3, 3, 3, 2, 5, 5, 3]","[0, 0, 1, 0, 0, 0, 0, 0, 0, 0]",1
13,1,207,"[5, 5, 5, 6, 5, 5, 5, 5, 5, 6]","[0, 1, 0, 0, 0, 0, 1, 1, 0, 0]",1
13,1,208,"[6, 6, 2, 5, 5, 4, 6, 5, 5, 5]","[0, 0, 0, 0, 1, 0, 0, 1, 0, 0]",1
13,1,209,"[8, 4, 7, 4, 9, 5, 6, 5, 4, 8]","[0, 0, 0, 0, 0, 0, 1, 0, 0, 1]",1
14,0,0,"[5, 5, 2, 1, 2, 3, 2, 9, 7, 2]","[0, 0, 0, 0, 0, 0, 0, 0, 0, 0]",1
14,0,1,"[8, 6, 6, 6, 6, 7, 6, 6, 5, 6]","[0, 1, 0, 1, 1, 0, 0, 0, 0, 0]",1
14,0,2,"[8, 2, 6, 2, 2, 3, 2, 2, 2, 8]","[1, 1, 1, 0, 0, 0, 0, 0, 0, 0]",1
14,0,3,"[8, 5, 4, 5, 6, 7, 4, 6, 7, 7]","[1, 1, 0, 0, 1, 0, 1, 0, 0, 1]",1
14,0,4,"[2, 4, 3, 4, 4, 4, 6, 4, 4, 3]","[0, 0, 0, 0, 0, 0, 0, 0, 0, 0]",1
14,0,5,"[5, 8, 3, 4, 4, 6, 6, 5, 5, 6]","[1, 0, 0, 0, 0, 0, 0, 0, 1, 1]",1
14,0,6,"[7, 4, 5, 6, 5, 6, 6, 6, 6, 4]","[0, 1, 0, 0, 0, 1, 0, 1, 1, 0]",1
14,0,7,"[7, 5, 9, 7, 7, 7, 5, 7, 6, 7]","[0, 0, 1, 0, 0, 0, 0, 1, 0, 1]",1
14,0,8,"[5, 5, 5, 5, 5, 5, 5, 5, 5, 5]","[0, 0, 1, 0, 0, 0, 0, 0, 1, 0]",1
14,0,9,"[7, 3, 3, 7, 4, 3, 4, 5, 6, 4]","[1, 0, 0, 0, 0, 0, 0, 0, 1, 0]",1
14,0,10,"[9, 5, 4, 3, 3, 4, 4, 4, 5, 5]","[0, 0, 0, 0, 0, 0, 0, 1, 0, 0]",1
14,0,11,"[4, 5, 5, 5, 6, 5, 5, 6, 4, 5]","[0, 0, 0, 0, 0, 1, 0, 1, 0, 0]",1
14,0,12,"[6, 6, 6, 6, 6, 6, 7, 5, 5, 6]","[0, 0, 1, 0, 1, 0, 0, 0, 0, 0]",1
14,0,13,"[4, 5, 4, 7, 1, 6, 7, 5, 4, 5]","[0, 1, 0, 0, 0, 0, 1, 0, 0, 1]",1
14,0,14,"[5, 6, 6, 5, 2, 5, 5, 6, 5, 5]","[0, 1, 0, 0, 0, 0, 0, 0, 0, 0]",1
14,0,15,"[3, 3, 4, 3, 2, 3, 4, 3, 4, 3]","[1, 0, 0, 0, 1, 0, 0, 0, 0, 0]",1
14,0,16,"[7, 6, 7, 4, 6, 9, 7, 5, 8, 5]","[1, 1, 0, 0, 0, 1, 0, 0, 1, 0]",1
14,0,17,"[6, 8, 5, 5, 6, 7, 6, 5, 7, 5]","[0, 1, 0, 0, 0, 0, 0, 0, 0, 0]",1
14,0,18,"[6, 7, 7, 6, 7, 6, 6, 5, 6, 7]","[0, 0, 0, 0, 0, 1, 0, 0, 1, 0]",1
14,0,19,"[2, 2, 1, 2, 3, 2, 3, 4, 3, 4]","[0, 0, 0, 0, 0, 0, 0, 0, 0, 0]",1
14,0,20,"[4, 4, 3, 5, 5, 6, 5, 5, 5, 4]","[0, 0, 0, 1, 0, 0, 0, 0, 0, 0]",1
14,0,21,"[7, 7, 9, 7, 9, 7, 9, 7, 7, 9]","[0, 0, 0, 0, 0, 0, 0, 0, 0, 0]",1
14,0,22,"[4, 4, 5, 4, 4, 4, 4, 4, 5, 3]","[1, 0, 0, 0, 0, 0, 1, 0, 0, 0]",1
14,0,23,"[2, 4, 3, 5, 4, 3, 5, 4, 9, 5]","[0, 0, 0, 0, 0, 0, 0, 0, 0, 0]",1
14,0,24,"[3, 2, 3, 6, 6, 1, 5, 5, 5, 4]","[0, 0, 0, 0, 0, 0, 0, 0, 0, 0]",1
14,0,25,"[6, 6, 6, 6, 6, 6, 7, 5, 6, 5]","[0, 1, 0, 0, 0, 0, 0, 1, 0, 0]",1
14,0,26,"[9, 8, 9, 6, 9, 7, 9, 2, 9, 9]","[0, 0, 0, 0, 0, 0, 0, 0, 1, 1]",1
14,0,27,"[7, 6, 6, 6, 4, 6, 6, 5, 6, 8]","[0, 0, 1, 0, 0, 0, 1, 0, 0, 1]",1
14,0,28,"[5, 9, 5, 5, 5, 5, 6, 9, 5, 5]","[0, 1, 0, 0, 0, 0, 1, 0, 0, 0]",1
14,0,29,"[9, 9, 9, 9, 9, 9, 9, 9, 9, 9]","[0, 1, 0, 0, 1, 1, 0, 1, 0, 1]",1
14,0,30,"[6, 7, 7, 6, 2, 6, 3, 7, 5, 7]","[0, 1, 0, 0, 0, 0, 1, 0, 0, 0]",1
14,0,31,"[7, 4, 6, 8, 5, 4, 4, 4, 4, 8]","[0, 0, 0, 0, 0, 0, 0, 0, 0, 0]",1
14,0,32,"[4, 5, 6, 6, 6, 5, 8, 3, 3, 5]","[0, 0, 0, 0, 0, 0, 0, 0, 0, 0]",1
14,0,33,"[3, 3, 9, 2, 2, 3, 6, 6, 3, 4]","[0, 0, 1, 0, 0, 1, 0, 0, 0, 0]",1
14,0,34,"[6, 7, 7, 6, 6, 6, 7, 7, 7, 6]","[0, 0, 0, 1, 0, 0, 0, 1, 1, 0]",1
14,0,35,"[3, 4, 5, 4, 5, 3, 4, 4, 3, 3]","[0, 0, 0, 0, 0, 0, 0, 0, 0, 0]",1
14,0,36,"[8, 5, 9, 9, 8, 9, 8, 9, 3, 9]","[0, 0, 0, 0, 0, 0, 1, 1, 0, 0]",1
14,0,37,"[4, 8, 4, 5, 7, 6, 3, 3, 2, 8]","[0, 0, 0, 0, 0, 0, 0, 0, 0, 0]",1
14,0,38,"[3, 5, 5, 6, 5, 6, 6, 5, 6, 6]","[0, 0, 0, 1, 0, 0, 0, 0, 1, 0]",1
14,0,39,"[3, 2, 2, 6, 1, 1, 1, 1, 1, 1]","[0, 0, 0, 0, 0, 0, 0, 1, 0, 0]",1
14,0,40,"[3, 3, 2, 3, 3, 4, 3, 3, 3, 3]","[0, 0, 0, 0, 0, 0, 0, 0, 0, 0]",1
14,0,41,"[4, 7, 5, 5, 2, 6, 2, 2, 3, 5]","[0, 0, 0, 0, 0, 0, 0, 0, 0, 1]",1
14,0,42,"[1, 4, 4, 4, 3, 4, 4, 4, 4, 3]","[0, 0, 0, 0, 0, 0, 0, 0, 0, 1]",1
14,0,43,"[3, 9, 4, 5, 5, 8, 4, 7, 4, 7]","[1, 0, 0, 0, 0, 0, 0, 1, 0, 0]",1
14,0,44,"[6, 6, 6, 8, 5, 4, 8, 9, 6, 3]","[0, 0, 1, 0, 0, 0, 0, 1, 0, 0]",1
14,0,45,"[7, 3, 4, 4, 4, 5, 4, 4, 6, 6]","[0, 0, 0, 0, 1, 0, 0, 0, 0, 0]",1
14,0,46,"[3, 3, 2, 3, 3, 3, 3, 3, 3, 3]","[0, 0, 0, 0, 0, 0, 0, 0, 0, 0]",1
14,0,47,"[6, 6, 4, 6, 8, 7, 3, 7, 5, 9]","[0, 0, 1, 1, 1, 0, 0, 0, 1, 1]",1
14,0,48,"[5, 5, 4, 5, 5, 5, 6, 5, 5, 5]","[0, 0, 0, 0, 0, 0, 0, 0, 0, 0]",1
14,0,49,"[5, 4, 7, 6, 3, 2, 4, 4, 4, 5]","[0, 1, 1, 0, 0, 0, 0, 0, 0, 0]",1
14,0,50,"[5, 7, 7, 8, 1, 4, 7, 7, 8, 8]","[1, 1, 1, 0, 0, 0, 0, 1, 1, 0]",1
14,0,51,"[6, 5, 9, 4, 4, 4, 6, 4, 7, 5]","[0, 0, 1, 0, 0, 1, 0, 0, 1, 1]",1
14,0,52,"[4, 2, 2, 3, 4, 6, 6, 5, 3, 1]","[0, 0, 1, 0, 0, 0, 1, 1, 0, 0]",1
14,0,53,"[7, 4, 4, 4, 5, 4, 3, 4, 4, 4]","[0, 0, 1, 0, 0, 0, 0, 0, 0, 1]",1
14,0,54,"[5, 9, 9, 8, 9, 6, 6, 7, 4, 7]","[0, 1, 1, 0, 1, 0, 0, 0, 0, 0]",1
14,0,55,"[7, 6, 6, 6, 4, 7, 6, 6, 4, 6]","[0, 0, 0, 0, 0, 0, 0, 0, 0, 1]",1
14,0,56,"[1, 2, 4, 1, 1, 1, 1, 1, 1, 1]","[0, 0, 1, 0, 0, 0, 1, 1, 0, 0]",1
14,0,57,"[3, 4, 5, 4, 3, 4, 5, 3, 5, 5]","[1, 1, 0, 0, 0, 0, 0, 0, 0, 0]",1
14,0,58,"[5, 5, 6, 6, 7, 7, 5, 6, 5, 5]","[0, 1, 1, 1, 0, 1, 0, 0, 0, 1]",1
14,0,59,"[2, 4, 1, 3, 4, 2, 3, 3, 2, 4]","[0, 0, 0, 0, 0, 0, 0, 0, 1, 0]",1
14,0,60,"[5, 3, 5, 5, 5, 5, 2, 3, 6, 6]","[0, 0, 0, 0, 1, 0, 0, 0, 0, 0]",1
14,0,61,"[5, 8, 3, 4, 5, 4, 3, 9, 4, 3]","[0, 1, 0, 0, 0, 0, 0, 0, 1, 0]",1
14,0,62,"[1, 7, 5, 5, 8, 9, 6, 9, 8, 9]","[0, 0, 0, 0, 0, 0, 0, 1, 0, 0]",1
14,0,63,"[7, 6, 6, 7, 6, 7, 8, 7, 7, 7]","[1, 0, 1, 0, 0, 0, 0, 1, 0, 0]",1
14,0,64,"[3, 3, 3, 2, 3, 8, 3, 3, 2, 5]","[0, 0, 0, 0, 1, 0, 0, 0, 0, 1]",1
14,0,65,"[3, 1, 4, 3, 4, 3, 3, 3, 4, 3]","[0, 0, 0, 1, 0, 0, 1, 0, 0, 0]",1
14,0,66,"[4, 6, 5, 6, 7, 6, 5, 5, 5, 5]","[0, 1, 0, 0, 1, 0, 0, 0, 0, 0]",1
14,0,67,"[6, 4, 5, 4, 6, 5, 6, 3, 5, 5]","[0, 0, 0, 1, 0, 0, 0, 0, 1, 1]",1
14,0,68,"[6, 5, 7, 5, 6, 6, 6, 5, 7, 7]","[0, 0, 0, 1, 0, 1, 1, 0, 0, 1]",1
14,0,69,"[2, 5, 5, 4, 6, 5, 4, 7, 3, 4]","[1, 0, 0, 0, 0, 0, 0, 0, 0, 0]",1
14,0,70,"[6, 6, 6, 6, 6, 9, 6, 6, 6, 6]","[0, 0, 0, 0, 1, 0, 1, 0, 0, 0]",1
14,0,71,"[4, 6, 5, 5, 5, 5, 5, 6, 5, 5]","[1, 0, 1, 0, 0, 1, 0, 0, 1, 0]",1
14,0,72,"[4, 5, 4, 5, 3, 4, 4, 4, 4, 6]","[0, 0, 1, 1, 0, 0, 0, 0, 0, 1]",1
14,0,73,"[5, 5, 5, 5, 6, 3, 5, 7, 6, 5]","[1, 0, 0, 0, 1, 1, 0, 0, 1, 0]",1
14,0,74,"[2, 5, 5, 6, 4, 5, 5, 6, 5, 2]","[0, 0, 0, 0, 0, 0, 0, 1, 0, 0]",1
14,0,75,"[5, 4, 4, 4, 4, 3, 4, 7, 4, 4]","[1, 0, 0, 0, 0, 0, 0, 1, 0, 0]",1
14,0,76,"[6, 8, 5, 4, 3, 6, 5, 5, 4, 4]","[1, 1, 0, 0, 0, 0, 0, 0, 0, 0]",1
14,0,77,"[7, 8, 8, 9, 7, 7, 7, 7, 7, 8]","[0, 1, 0, 0, 1, 1, 0, 0, 0, 0]",1
14,0,78,"[6, 6, 6, 7, 7, 7, 7, 8, 7, 7]","[1, 0, 0, 1, 0, 0, 0, 0, 0, 0]",1
14,0,79,"[3, 3, 4, 3, 4, 3, 3, 4, 4, 4]","[0, 0, 0, 0, 0, 0, 0, 0, 0, 0]",1
14,0,80,"[9, 9, 6, 4, 9, 9, 7, 9, 4, 7]","[0, 0, 0, 0, 1, 1, 1, 1, 0, 1]",1
14,0,81,"[4, 6, 4, 1, 1, 5, 4, 5, 5, 6]","[0, 0, 0, 0, 0, 0, 0, 0, 0, 0]",1
14,0,82,"[4, 3, 7, 4, 4, 4, 2, 4, 4, 6]","[0, 0, 0, 0, 0, 0, 0, 0, 0, 0]",1
14,0,83,"[5, 8, 8, 8, 6, 5, 6, 8, 5, 8]","[1, 0, 0, 0, 0, 0, 1, 0, 0, 0]",1
14,0,84,"[3, 5, 2, 4, 3, 3, 5, 3, 3, 2]","[0, 0, 0, 0, 0, 0, 0, 0, 0, 0]",1
14,0,85,"[7, 7, 7, 7, 7, 7, 7, 7, 7, 7]","[0, 0, 0, 0, 0, 0, 1, 0, 0, 0]",1
14,0,86,"[9, 9, 9, 9, 9, 9, 8, 9, 8, 9]","[0, 0, 1, 1, 1, 0, 0, 0, 0, 0]",1
14,0,87,"[5, 5, 1, 5, 5, 5, 1, 4, 4, 1]","[0, 0, 0, 0, 0, 0, 0, 0, 0, 0]",1
14,0,88,"[5, 7, 4, 5, 5, 4, 5, 5, 4, 2]","[0, 0, 0, 1, 0, 0, 0, 1, 0, 0]",1
14,0,89,"[7, 6, 7, 6, 7, 6, 7, 6, 6, 6]","[0, 0, 0, 0, 0, 0, 0, 0, 0, 1]",1
14,0,90,"[9, 9, 9, 9, 9, 9, 9, 9, 9, 9]","[1, 0, 0, 1, 0, 0, 1, 0, 0, 0]",1
14,0,91,"[5, 4, 5, 6, 6, 3, 5, 6, 5, 6]","[0, 0, 0, 0, 0, 1, 0, 0, 0, 1]",1
14,0,92,"[7, 6, 7, 6, 7, 4, 2, 3, 2, 3]","[0, 0, 0, 1, 0, 0, 0, 0, 0, 1]",1
14,0,93,"[1, 4, 2, 1, 3, 2, 5, 1, 4, 2]","[0, 0, 0, 0, 0, 0, 0, 0, 0, 1]",1
14,0,94,"[7, 6, 3, 2, 6, 5, 7, 6, 7, 5]","[1, 1, 0, 0, 0, 1, 0, 0, 0, 0]",1
14,0,95,"[2, 2, 2, 2, 2, 2, 1, 2, 3, 1]","[0, 0, 0, 0, 0, 0, 0, 0, 0, 0]",1
14,0,96,"[5, 6, 6, 4, 5, 4, 4, 4, 6, 6]","[0, 0, 0, 0, 0, 0, 0, 0, 1, 0]",1
14,0,97,"[6, 4, 4, 5, 4, 4, 4, 5, 4, 5]","[1, 0, 0, 0, 1, 0, 0, 0, 0, 1]",1
14,0,98,"[9, 9, 9, 9, 9, 9, 9, 9, 9, 9]","[0, 0, 0, 0, 0, 0, 0, 1, 0, 1]",1
14,0,99,"[3, 3, 4, 3, 4, 2, 1, 2, 3, 4]","[0, 0, 0, 0, 0, 0, 0, 0, 1, 1]",1
14,0,100,"[8, 3, 5, 6, 3, 3, 3, 4, 2, 9]","[0, 0, 0, 0, 0, 0, 0, 0, 0, 0]",1
14,0,101,"[7, 8, 8, 3, 3, 8, 7, 8, 4, 4]","[0, 0, 0, 0, 0, 0, 0, 0, 0, 1]",1
14,0,102,"[6, 9, 5, 4, 3, 5, 6, 5, 7, 7]","[0, 0, 0, 0, 0, 0, 0, 0, 0, 0]",1
14,0,103,"[7, 7, 7, 8, 7, 7, 7, 7, 7, 7]","[0, 1, 1, 0, 0, 0, 0, 0, 0, 0]",1
14,0,104,"[9, 9, 9, 9, 9, 8, 9, 9, 9, 7]","[1, 0, 0, 1, 1, 1, 1, 1, 1, 0]",1
14,0,105,"[7, 6, 6, 4, 5, 4, 6, 6, 8, 6]","[0, 0, 1, 0, 0, 0, 0, 0, 1, 0]",1
14,0,106,"[9, 6, 5, 3, 5, 1, 5, 7, 5, 5]","[1, 0, 0, 0, 0, 0, 1, 1, 0, 0]",1
14,0,107,"[5, 4, 7, 8, 9, 5, 5, 5, 4, 5]","[0, 0, 0, 0, 1, 0, 1, 1, 0, 0]",1
14,0,108,"[9, 9, 9, 7, 9, 9, 9, 9, 8, 9]","[1, 1, 0, 0, 1, 0, 0, 0, 0, 0]",1
14,0,109,"[5, 6, 6, 5, 5, 5, 6, 6, 6, 5]","[0, 0, 0, 0, 0, 0, 0, 0, 0, 0]",1
14,0,110,"[9, 9, 6, 9, 9, 6, 8, 9, 8, 9]","[1, 1, 1, 0, 0, 0, 1, 1, 1, 1]",1
14,0,111,"[7, 6, 7, 5, 7, 6, 7, 7, 7, 7]","[0, 0, 1, 0, 0, 1, 1, 0, 1, 0]",1
14,0,112,"[4, 5, 4, 4, 3, 3, 3, 5, 4, 4]","[0, 1, 0, 0, 0, 1, 0, 0, 0, 0]",1
14,0,113,"[4, 4, 7, 4, 5, 7, 8, 4, 4, 5]","[0, 0, 0, 0, 0, 0, 0, 1, 0, 0]",1
14,0,114,"[2, 3, 1, 3, 5, 2, 7, 3, 4, 3]","[0, 1, 0, 0, 1, 0, 1, 1, 0, 0]",1
14,0,115,"[9, 8, 9, 9, 9, 9, 9, 9, 9, 9]","[0, 1, 1, 1, 0, 0, 0, 0, 1, 1]",1
14,0,116,"[9, 9, 9, 9, 7, 9, 5, 9, 9, 9]","[0, 1, 0, 0, 1, 1, 1, 1, 1, 0]",1
14,0,117,"[5, 5, 6, 6, 5, 4, 6, 6, 5, 6]","[0, 0, 1, 1, 1, 0, 0, 1, 0, 0]",1
14,0,118,"[6, 7, 7, 4, 5, 7, 5, 7, 7, 7]","[1, 0, 0, 0, 0, 0, 1, 0, 1, 0]",1
14,0,119,"[4, 3, 3, 2, 3, 4, 3, 1, 4, 8]","[0, 0, 0, 0, 0, 0, 1, 0, 0, 0]",1
14,0,120,"[5, 5, 6, 5, 5, 6, 4, 7, 7, 8]","[0, 0, 0, 0, 0, 1, 0, 1, 0, 0]",1
14,0,121,"[5, 5, 5, 5, 5, 4, 6, 6, 5, 5]","[0, 0, 0, 1, 0, 0, 0, 0, 0, 1]",1
14,0,122,"[5, 5, 5, 4, 5, 5, 5, 4, 5, 4]","[0, 1, 0, 0, 0, 1, 0, 1, 0, 0]",1
14,0,123,"[5, 3, 8, 5, 6, 6, 7, 6, 6, 6]","[0, 0, 0, 0, 0, 0, 0, 0, 1, 0]",1
14,0,124,"[9, 8, 9, 7, 5, 9, 8, 7, 9, 5]","[1, 0, 0, 0, 0, 1, 1, 1, 0, 1]",1
14,0,125,"[5, 4, 5, 5, 5, 5, 5, 5, 5, 5]","[0, 0, 0, 0, 0, 0, 0, 0, 0, 0]",1
14,0,126,"[4, 7, 6, 8, 4, 4, 6, 3, 5, 7]","[0, 0, 0, 1, 0, 0, 1, 0, 0, 0]",1
14,0,127,"[5, 6, 5, 5, 5, 5, 5, 5, 5, 6]","[0, 0, 1, 1, 0, 1, 0, 0, 0, 0]",1
14,0,128,"[6, 7, 8, 8, 6, 8, 5, 7, 6, 7]","[0, 0, 0, 1, 0, 0, 0, 0, 0, 1]",1
14,0,129,"[8, 7, 6, 5, 5, 7, 6, 8, 3, 8]","[1, 0, 1, 0, 0, 0, 0, 0, 1, 0]",1
14,0,130,"[7, 7, 7, 9, 7, 7, 7, 7, 7, 7]","[0, 1, 1, 0, 0, 0, 0, 0, 0, 1]",1
14,0,131,"[7, 2, 5, 7, 9, 7, 7, 8, 7, 5]","[0, 0, 0, 0, 0, 1, 0, 1, 0, 0]",1
14,0,132,"[6, 3, 7, 5, 5, 6, 3, 4, 3, 6]","[0, 0, 1, 1, 0, 1, 0, 1, 0, 0]",1
14,0,133,"[9, 9, 1, 9, 9, 8, 9, 9, 9, 9]","[1, 0, 0, 0, 0, 0, 1, 0, 0, 1]",1
14,0,134,"[3, 6, 4, 5, 5, 6, 5, 5, 9, 6]","[1, 1, 0, 0, 0, 0, 1, 0, 0, 0]",1
14,0,135,"[5, 8, 9, 8, 7, 6, 6, 5, 6, 5]","[0, 0, 1, 1, 0, 0, 0, 0, 0, 0]",1
14,0,136,"[7, 8, 6, 7, 7, 7, 7, 7, 7, 7]","[0, 0, 0, 1, 0, 1, 1, 0, 1, 0]",1
14,0,137,"[4, 5, 4, 5, 6, 6, 3, 5, 5, 6]","[0, 0, 0, 0, 0, 0, 0, 0, 0, 1]",1
14,0,138,"[7, 7, 7, 7, 7, 7, 7, 7, 6, 6]","[1, 1, 0, 0, 0, 0, 0, 0, 0, 0]",1
14,0,139,"[4, 4, 3, 6, 4, 4, 3, 4, 4, 4]","[0, 0, 0, 0, 0, 0, 0, 1, 0, 0]",1
14,0,140,"[7, 9, 7, 5, 5, 6, 4, 8, 5, 5]","[1, 0, 0, 0, 0, 1, 1, 0, 0, 0]",1
14,0,141,"[2, 5, 5, 4, 1, 2, 4, 4, 2, 1]","[0, 0, 1, 0, 0, 1, 0, 0, 0, 0]",1
14,0,142,"[6, 5, 7, 1, 5, 5, 7, 5, 5, 3]","[0, 0, 1, 0, 0, 0, 1, 0, 0, 1]",1
14,0,143,"[5, 4, 3, 5, 6, 5, 4, 3, 7, 5]","[0, 0, 0, 1, 1, 0, 1, 0, 0, 0]",1
14,0,144,"[7, 7, 7, 7, 7, 6, 7, 7, 7, 3]","[0, 1, 0, 0, 0, 0, 0, 0, 1, 0]",1
14,0,145,"[6, 6, 4, 4, 7, 6, 9, 5, 6, 6]","[0, 0, 1, 0, 0, 0, 1, 0, 1, 1]",1
14,0,146,"[7, 7, 7, 7, 7, 8, 8, 7, 7, 7]","[0, 0, 0, 0, 0, 0, 0, 0, 0, 1]",1
14,0,147,"[5, 6, 2, 5, 5, 5, 4, 5, 5, 5]","[1, 0, 0, 0, 1, 0, 0, 0, 0, 0]",1
14,0,148,"[5, 4, 5, 5, 5, 5, 5, 5, 5, 5]","[0, 0, 0, 0, 0, 0, 0, 0, 0, 0]",1
14,0,149,"[6, 4, 5, 7, 4, 4, 5, 5, 5, 5]","[0, 1, 0, 0, 0, 0, 1, 0, 0, 0]",1
14,0,150,"[6, 6, 6, 6, 6, 6, 6, 6, 6, 6]","[1, 0, 0, 0, 0, 0, 0, 1, 0, 0]",1
14,0,151,"[8, 4, 4, 2, 5, 7, 9, 4, 8, 3]","[0, 1, 0, 0, 1, 0, 0, 0, 0, 0]",1
14,0,152,"[3, 6, 4, 5, 6, 4, 5, 5, 2, 5]","[0, 0, 0, 0, 0, 0, 0, 0, 1, 0]",1
14,0,153,"[2, 6, 6, 6, 6, 6, 6, 7, 6, 6]","[1, 0, 1, 1, 0, 0, 1, 0, 0, 1]",1
14,0,154,"[7, 9, 7, 7, 8, 9, 8, 9, 6, 9]","[0, 1, 0, 1, 1, 0, 1, 1, 0, 0]",1
14,0,155,"[9, 5, 9, 9, 9, 9, 9, 8, 8, 3]","[1, 0, 0, 0, 1, 0, 0, 0, 0, 0]",1
14,0,156,"[2, 2, 2, 2, 2, 2, 1, 1, 2, 2]","[0, 0, 0, 0, 0, 0, 0, 0, 0, 0]",1
14,0,157,"[5, 6, 4, 7, 5, 6, 5, 6, 5, 4]","[0, 1, 1, 1, 1, 0, 0, 0, 0, 0]",1
14,0,158,"[7, 7, 7, 7, 7, 7, 7, 7, 8, 8]","[0, 1, 0, 1, 1, 0, 0, 0, 1, 1]",1
14,0,159,"[7, 7, 7, 7, 7, 7, 7, 7, 7, 7]","[0, 1, 0, 0, 0, 0, 0, 0, 0, 0]",1
14,0,160,"[9, 5, 5, 7, 6, 9, 9, 5, 9, 5]","[1, 0, 1, 0, 0, 0, 0, 0, 0, 0]",1
14,0,161,"[5, 5, 6, 5, 5, 4, 5, 5, 4, 5]","[0, 0, 1, 0, 1, 1, 0, 1, 0, 1]",1
14,0,162,"[9, 8, 1, 8, 9, 8, 9, 8, 8, 5]","[0, 1, 1, 1, 0, 0, 1, 0, 1, 0]",1
14,0,163,"[8, 7, 7, 7, 7, 6, 6, 7, 9, 8]","[1, 0, 0, 0, 0, 0, 0, 1, 0, 0]",1
14,0,164,"[9, 9, 9, 9, 9, 9, 9, 9, 9, 9]","[0, 0, 1, 0, 0, 0, 0, 0, 0, 1]",1
14,0,165,"[6, 6, 6, 6, 6, 5, 6, 7, 6, 6]","[0, 1, 0, 1, 0, 0, 1, 0, 1, 0]",1
14,0,166,"[6, 7, 4, 4, 5, 6, 8, 5, 6, 6]","[0, 1, 1, 0, 0, 0, 1, 0, 0, 0]",1
14,0,167,"[3, 3, 4, 3, 2, 2, 2, 3, 3, 3]","[0, 0, 1, 1, 0, 0, 0, 0, 1, 1]",1
14,0,168,"[6, 5, 7, 7, 8, 6, 8, 6, 6, 9]","[0, 0, 1, 0, 0, 0, 0, 0, 0, 0]",1
14,0,169,"[5, 7, 6, 7, 7, 7, 5, 7, 4, 6]","[0, 1, 0, 0, 1, 0, 0, 0, 0, 0]",1
14,0,170,"[5, 8, 4, 9, 9, 9, 9, 9, 9, 9]","[0, 1, 0, 1, 1, 0, 0, 1, 0, 0]",1
14,0,171,"[4, 5, 2, 5, 4, 7, 6, 4, 3, 2]","[0, 0, 0, 0, 0, 0, 0, 0, 0, 0]",1
14,0,172,"[9, 6, 8, 6, 9, 7, 7, 7, 8, 6]","[1, 0, 1, 1, 0, 0, 0, 1, 0, 1]",1
14,0,173,"[8, 7, 7, 5, 6, 9, 8, 8, 5, 8]","[0, 1, 0, 0, 1, 1, 0, 1, 0, 1]",1
14,0,174,"[9, 5, 6, 5, 6, 8, 6, 6, 5, 6]","[0, 1, 0, 0, 1, 0, 0, 0, 0, 0]",1
14,0,175,"[4, 4, 5, 5, 4, 4, 4, 4, 4, 4]","[0, 0, 0, 0, 0, 0, 0, 0, 0, 0]",1
14,0,176,"[6, 6, 6, 5, 2, 6, 7, 6, 5, 6]","[0, 0, 0, 1, 1, 1, 0, 0, 0, 1]",1
14,0,177,"[3, 1, 2, 9, 3, 2, 2, 7, 5, 1]","[0, 0, 0, 1, 0, 1, 0, 0, 1, 1]",1
14,0,178,"[7, 8, 8, 6, 6, 7, 6, 4, 8, 7]","[1, 1, 0, 0, 0, 0, 0, 0, 0, 0]",1
14,0,179,"[9, 8, 9, 6, 7, 6, 3, 6, 8, 9]","[0, 1, 0, 1, 0, 1, 0, 1, 1, 1]",1
14,0,180,"[3, 3, 3, 4, 3, 3, 2, 4, 8, 3]","[0, 0, 0, 1, 0, 1, 0, 0, 1, 0]",1
14,0,181,"[7, 8, 5, 5, 5, 7, 3, 2, 5, 7]","[0, 0, 1, 1, 0, 1, 0, 0, 0, 0]",1
14,0,182,"[7, 7, 2, 4, 8, 7, 8, 8, 3, 8]","[0, 0, 0, 0, 0, 0, 0, 0, 0, 1]",1
14,0,183,"[8, 8, 6, 4, 3, 6, 1, 5, 9, 7]","[1, 0, 0, 0, 0, 0, 0, 0, 0, 0]",1
14,0,184,"[7, 4, 7, 7, 7, 7, 6, 7, 7, 1]","[0, 0, 0, 0, 0, 1, 1, 0, 0, 0]",1
14,0,185,"[5, 4, 8, 4, 4, 5, 8, 6, 5, 7]","[0, 0, 1, 1, 0, 0, 0, 0, 0, 0]",1
14,0,186,"[9, 9, 7, 9, 9, 9, 7, 6, 8, 8]","[1, 0, 0, 0, 1, 0, 1, 0, 1, 0]",1
14,0,187,"[5, 4, 4, 4, 5, 2, 4, 4, 4, 4]","[0, 0, 0, 0, 0, 0, 0, 0, 0, 0]",1
14,0,188,"[9, 9, 9, 8, 9, 9, 9, 9, 8, 9]","[0, 0, 1, 1, 0, 1, 1, 1, 0, 0]",1
14,0,189,"[5, 6, 4, 5, 3, 6, 5, 3, 5, 7]","[0, 0, 0, 0, 0, 0, 0, 0, 0, 0]",1
14,0,190,"[2, 4, 4, 5, 3, 5, 6, 4, 5, 5]","[0, 0, 0, 0, 0, 1, 0, 0, 0, 0]",1
14,0,191,"[3, 3, 4, 4, 6, 9, 4, 5, 4, 4]","[0, 0, 0, 0, 0, 0, 0, 0, 0, 1]",1
14,0,192,"[9, 9, 8, 9, 9, 9, 9, 9, 9, 9]","[0, 0, 0, 0, 1, 1, 1, 0, 0, 1]",1
14,0,193,"[7, 8, 6, 6, 6, 6, 7, 6, 5, 6]","[0, 1, 0, 0, 1, 0, 0, 0, 0, 0]",1
14,0,194,"[7, 2, 7, 3, 8, 8, 8, 8, 8, 8]","[1, 0, 0, 0, 0, 0, 1, 1, 0, 0]",1
14,0,195,"[4, 1, 2, 1, 1, 5, 1, 7, 5, 6]","[0, 0, 0, 0, 0, 0, 0, 0, 0, 0]",1
14,0,196,"[2, 5, 2, 4, 4, 4, 4, 3, 3, 4]","[1, 0, 0, 0, 1, 1, 0, 0, 0, 0]",1
14,0,197,"[7, 3, 7, 7, 7, 6, 7, 7, 7, 7]","[1, 0, 1, 0, 0, 0, 0, 0, 0, 0]",1
14,0,198,"[5, 4, 4, 3, 4, 2, 6, 4, 4, 1]","[0, 0, 0, 0, 0, 0, 0, 0, 0, 0]",1
14,0,199,"[5, 5, 5, 5, 5, 5, 7, 5, 5, 5]","[0, 0, 0, 0, 0, 0, 0, 0, 0, 0]",1
14,0,200,"[5, 6, 5, 6, 4, 5, 5, 6, 4, 5]","[0, 0, 0, 1, 0, 0, 0, 0, 0, 0]",1
14,0,201,"[7, 8, 6, 8, 7, 8, 7, 5, 9, 4]","[0, 0, 0, 1, 0, 0, 0, 0, 1, 0]",1
14,0,202,"[4, 5, 8, 5, 6, 6, 5, 5, 4, 5]","[0, 0, 0, 0, 0, 0, 0, 1, 0, 0]",1
14,0,203,"[4, 5, 4, 5, 4, 4, 3, 4, 4, 4]","[1, 0, 1, 0, 1, 0, 0, 1, 1, 0]",1
14,0,204,"[7, 8, 8, 8, 8, 7, 8, 9, 8, 8]","[1, 0, 0, 1, 1, 0, 0, 0, 0, 0]",1
14,0,205,"[7, 8, 9, 9, 9, 4, 9, 9, 9, 9]","[1, 1, 0, 1, 1, 0, 0, 1, 0, 1]",1
14,0,206,"[8, 8, 8, 8, 3, 8, 4, 8, 8, 8]","[1, 0, 0, 1, 0, 0, 0, 1, 1, 0]",1
14,0,207,"[4, 5, 4, 4, 3, 4, 4, 4, 8, 4]","[0, 0, 0, 0, 0, 1, 0, 0, 0, 0]",1
14,0,208,"[8, 4, 5, 9, 3, 7, 9, 7, 8, 4]","[0, 0, 0, 0, 0, 0, 0, 0, 0, 0]",1
14,0,209,"[7, 7, 3, 7, 7, 6, 6, 7, 6, 3]","[0, 0, 0, 0, 1, 0, 0, 1, 1, 0]",1
14,1,0,"[5, 3, 6, 6, 3, 5, 6, 5, 9, 4]","[0, 1, 0, 0, 0, 0, 1, 0, 0, 0]",1
14,1,1,"[5, 3, 3, 4, 3, 3, 3, 7, 3, 4]","[0, 0, 1, 0, 0, 1, 0, 0, 0, 1]",1
14,1,2,"[5, 5, 7, 2, 2, 5, 2, 5, 3, 5]","[0, 0, 0, 0, 0, 0, 0, 0, 0, 1]",1
14,1,3,"[2, 5, 2, 3, 4, 6, 4, 3, 4, 7]","[0, 0, 0, 0, 0, 1, 0, 1, 1, 0]",1
14,1,4,"[3, 4, 3, 6, 3, 2, 3, 3, 3, 4]","[1, 0, 0, 1, 0, 0, 0, 1, 0, 1]",1
14,1,5,"[3, 4, 2, 6, 4, 5, 4, 7, 1, 4]","[1, 0, 0, 1, 0, 0, 1, 0, 0, 0]",1
14,1,6,"[1, 4, 2, 3, 3, 2, 3, 2, 3, 2]","[0, 0, 0, 0, 0, 0, 0, 0, 0, 0]",1
14,1,7,"[5, 5, 5, 5, 5, 5, 6, 6, 4, 6]","[0, 0, 1, 0, 0, 0, 0, 0, 0, 0]",1
14,1,8,"[3, 3, 2, 2, 4, 2, 2, 3, 3, 3]","[0, 1, 0, 0, 0, 0, 0, 1, 0, 0]",1
14,1,9,"[3, 3, 5, 4, 3, 4, 3, 4, 3, 4]","[0, 1, 0, 0, 0, 0, 0, 0, 0, 0]",1
14,1,10,"[3, 3, 4, 4, 1, 5, 4, 3, 8, 2]","[0, 1, 0, 1, 0, 0, 0, 0, 1, 0]",1
14,1,11,"[3, 3, 9, 3, 4, 3, 3, 3, 3, 4]","[0, 0, 1, 0, 0, 0, 0, 0, 0, 0]",1
14,1,12,"[3, 5, 3, 4, 3, 3, 3, 3, 3, 4]","[0, 0, 0, 1, 0, 0, 0, 0, 0, 0]",1
14,1,13,"[4, 4, 3, 4, 5, 4, 5, 5, 2, 5]","[0, 0, 0, 1, 0, 0, 0, 0, 0, 0]",1
14,1,14,"[2, 4, 2, 2, 2, 2, 3, 2, 2, 2]","[1, 0, 1, 0, 0, 0, 0, 0, 0, 0]",1
14,1,15,"[6, 7, 5, 7, 8, 5, 7, 6, 3, 7]","[1, 0, 1, 0, 1, 0, 0, 0, 0, 0]",1
14,1,16,"[7, 3, 4, 5, 6, 8, 4, 6, 8, 4]","[1, 0, 0, 0, 0, 1, 0, 1, 1, 1]",1
14,1,17,"[5, 5, 4, 6, 5, 4, 5, 8, 5, 5]","[1, 0, 0, 0, 1, 0, 0, 0, 0, 0]",1
14,1,18,"[3, 4, 4, 3, 5, 4, 4, 4, 5, 5]","[0, 1, 1, 0, 0, 0, 0, 0, 0, 1]",1
14,1,19,"[4, 3, 3, 3, 3, 9, 3, 3, 3, 4]","[0, 0, 0, 0, 0, 0, 0, 0, 0, 0]",1
14,1,20,"[2, 5, 3, 4, 4, 7, 3, 2, 4, 3]","[0, 0, 0, 0, 0, 0, 0, 0, 0, 0]",1
14,1,21,"[6, 4, 4, 6, 3, 6, 9, 6, 4, 3]","[1, 0, 1, 1, 0, 0, 1, 0, 0, 0]",1
14,1,22,"[3, 3, 7, 3, 3, 3, 3, 3, 3, 3]","[0, 0, 0, 0, 0, 0, 0, 0, 0, 0]",1
14,1,23,"[4, 4, 4, 6, 4, 3, 1, 3, 3, 3]","[0, 0, 1, 0, 0, 0, 0, 1, 0, 0]",1
14,1,24,"[3, 1, 3, 6, 4, 7, 2, 7, 4, 3]","[0, 0, 0, 1, 1, 1, 0, 0, 0, 0]",1
14,1,25,"[2, 3, 3, 3, 3, 3, 3, 3, 3, 3]","[0, 0, 1, 1, 0, 0, 0, 0, 0, 0]",1
14,1,26,"[2, 9, 6, 9, 9, 6, 9, 8, 9, 9]","[0, 0, 1, 1, 1, 0, 0, 0, 1, 1]",1
14,1,27,"[4, 4, 4, 4, 4, 4, 4, 4, 4, 4]","[1, 0, 0, 0, 0, 0, 0, 1, 0, 0]",1
14,1,28,"[4, 3, 3, 7, 4, 4, 3, 3, 3, 3]","[0, 0, 0, 0, 0, 1, 0, 0, 1, 0]",1
14,1,29,"[9, 5, 5, 6, 9, 9, 7, 9, 6, 9]","[1, 0, 0, 0, 1, 0, 0, 0, 1, 0]",1
14,1,30,"[4, 3, 4, 3, 4, 4, 4, 4, 4, 4]","[0, 0, 0, 0, 0, 0, 0, 0, 0, 1]",1
14,1,31,"[3, 4, 4, 3, 3, 4, 1, 4, 4, 4]","[0, 1, 0, 0, 0, 0, 0, 0, 0, 0]",1
14,1,32,"[6, 2, 4, 4, 3, 3, 3, 7, 7, 4]","[0, 1, 0, 0, 1, 0, 0, 0, 1, 0]",1
14,1,33,"[3, 3, 3, 2, 3, 3, 3, 3, 3, 3]","[0, 0, 0, 0, 0, 0, 0, 0, 0, 0]",1
14,1,34,"[8, 5, 5, 5, 3, 7, 5, 5, 5, 5]","[0, 1, 0, 0, 0, 0, 1, 1, 0, 0]",1
14,1,35,"[6, 2, 3, 6, 5, 2, 2, 2, 4, 2]","[0, 0, 0, 1, 0, 0, 0, 0, 0, 0]",1
14,1,36,"[4, 5, 4, 3, 5, 3, 3, 5, 2, 8]","[0, 0, 0, 0, 0, 0, 0, 1, 0, 1]",1
14,1,37,"[3, 9, 1, 3, 4, 4, 5, 5, 9, 3]","[0, 1, 0, 0, 0, 0, 0, 0, 1, 0]",1
14,1,38,"[3, 3, 5, 3, 3, 4, 3, 4, 4, 3]","[0, 0, 0, 0, 1, 1, 0, 1, 0, 1]",1
14,1,39,"[5, 1, 7, 4, 7, 2, 1, 1, 1, 2]","[0, 0, 0, 0, 1, 0, 0, 0, 0, 0]",1
14,1,40,"[3, 2, 3, 4, 3, 3, 3, 3, 3, 2]","[0, 0, 0, 0, 0, 0, 0, 1, 0, 0]",1
14,1,41,"[5, 3, 6, 5, 5, 7, 5, 5, 5, 4]","[0, 0, 0, 0, 0, 1, 0, 1, 0, 1]",1
14,1,42,"[5, 2, 1, 3, 4, 1, 5, 5, 4, 7]","[1, 0, 0, 0, 1, 0, 1, 0, 0, 1]",1
14,1,43,"[3, 7, 2, 2, 4, 3, 2, 2, 2, 1]","[0, 0, 0, 0, 0, 0, 0, 0, 0, 0]",1
14,1,44,"[4, 5, 8, 2, 1, 5, 4, 4, 3, 8]","[1, 0, 1, 0, 0, 1, 1, 1, 0, 0]",1
14,1,45,"[5, 3, 5, 5, 4, 2, 7, 7, 3, 3]","[0, 0, 0, 0, 0, 0, 1, 0, 0, 0]",1
14,1,46,"[3, 4, 3, 3, 3, 3, 3, 3, 3, 3]","[0, 0, 0, 0, 0, 0, 0, 1, 0, 0]",1
14,1,47,"[1, 4, 4, 4, 4, 4, 4, 9, 7, 4]","[0, 0, 0, 0, 0, 0, 0, 0, 0, 0]",1
14,1,48,"[3, 3, 3, 3, 3, 3, 3, 2, 4, 3]","[0, 0, 0, 0, 0, 0, 0, 0, 0, 0]",1
14,1,49,"[6, 4, 6, 7, 5, 2, 6, 5, 6, 3]","[0, 0, 0, 1, 1, 0, 1, 0, 0, 0]",1
14,1,50,"[4, 3, 4, 3, 4, 4, 4, 4, 4, 5]","[0, 0, 0, 0, 0, 0, 1, 0, 1, 0]",1
14,1,51,"[3, 4, 6, 5, 5, 4, 5, 5, 4, 5]","[0, 0, 0, 0, 0, 0, 0, 0, 0, 0]",1
14,1,52,"[4, 3, 3, 2, 3, 2, 7, 4, 3, 1]","[0, 0, 0, 1, 0, 0, 0, 1, 1, 0]",1
14,1,53,"[5, 4, 4, 4, 4, 4, 3, 4, 5, 4]","[0, 0, 1, 0, 1, 0, 0, 0, 0, 0]",1
14,1,54,"[1, 1, 1, 1, 1, 1, 1, 8, 1, 1]","[0, 0, 0, 0, 0, 0, 0, 0, 0, 0]",1
14,1,55,"[5, 7, 5, 8, 5, 6, 5, 5, 8, 5]","[0, 1, 0, 1, 0, 0, 0, 0, 0, 1]",1
14,1,56,"[3, 2, 2, 4, 3, 6, 3, 2, 7, 1]","[0, 0, 0, 0, 0, 0, 0, 0, 0, 0]",1
14,1,57,"[6, 3, 3, 4, 5, 4, 6, 4, 4, 3]","[0, 0, 0, 1, 1, 0, 0, 0, 1, 0]",1
14,1,58,"[3, 3, 1, 3, 3, 2, 3, 3, 4, 6]","[0, 0, 0, 0, 1, 0, 0, 0, 0, 0]",1
14,1,59,"[2, 6, 6, 4, 6, 6, 6, 5, 3, 7]","[0, 0, 1, 0, 0, 0, 1, 0, 0, 0]",1
14,1,60,"[6, 2, 2, 1, 1, 1, 3, 2, 2, 2]","[0, 0, 0, 0, 0, 0, 0, 0, 0, 0]",1
14,1,61,"[4, 4, 4, 3, 3, 4, 5, 4, 4, 4]","[0, 1, 0, 1, 0, 0, 0, 0, 0, 1]",1
14,1,62,"[9, 9, 9, 9, 9, 9, 9, 9, 9, 9]","[0, 0, 0, 1, 1, 1, 0, 1, 0, 0]",1
14,1,63,"[6, 3, 5, 5, 5, 4, 5, 5, 4, 5]","[1, 0, 0, 1, 1, 1, 0, 0, 0, 0]",1
14,1,64,"[3, 3, 2, 2, 1, 4, 3, 2, 2, 3]","[0, 0, 0, 0, 0, 0, 0, 0, 0, 0]",1
14,1,65,"[3, 5, 9, 6, 6, 3, 5, 6, 5, 5]","[0, 0, 0, 0, 1, 1, 0, 0, 0, 0]",1
14,1,66,"[4, 3, 5, 4, 3, 5, 3, 5, 5, 5]","[0, 0, 0, 0, 0, 1, 0, 1, 0, 1]",1
14,1,67,"[7, 2, 3, 5, 4, 3, 4, 4, 5, 2]","[0, 1, 1, 0, 0, 0, 0, 0, 0, 0]",1
14,1,68,"[6, 1, 5, 5, 5, 1, 5, 6, 4, 3]","[1, 0, 1, 1, 0, 0, 0, 0, 0, 0]",1
14,1,69,"[5, 6, 4, 5, 5, 4, 5, 7, 5, 4]","[0, 1, 0, 0, 0, 0, 0, 0, 0, 1]",1
14,1,70,"[5, 5, 4, 5, 5, 5, 6, 1, 6, 7]","[1, 1, 0, 0, 0, 0, 1, 0, 1, 0]",1
14,1,71,"[3, 4, 3, 3, 3, 3, 2, 3, 3, 4]","[0, 0, 0, 0, 0, 0, 1, 1, 0, 0]",1
14,1,72,"[4, 4, 4, 5, 4, 4, 4, 4, 1, 4]","[0, 0, 0, 0, 0, 0, 1, 0, 0, 0]",1
14,1,73,"[1, 4, 5, 4, 4, 1, 1, 1, 3, 1]","[0, 1, 0, 1, 0, 0, 0, 0, 0, 0]",1
14,1,74,"[3, 1, 4, 1, 2, 2, 3, 4, 3, 2]","[0, 0, 0, 0, 0, 0, 0, 0, 0, 0]",1
14,1,75,"[4, 4, 4, 4, 3, 4, 4, 4, 4, 3]","[0, 0, 1, 0, 0, 0, 0, 0, 0, 0]",1
14,1,76,"[3, 4, 5, 4, 1, 1, 4, 1, 1, 3]","[0, 0, 0, 0, 0, 0, 0, 0, 0, 0]",1
14,1,77,"[4, 4, 4, 3, 4, 4, 4, 5, 4, 3]","[0, 0, 1, 0, 0, 1, 0, 1, 0, 0]",1
14,1,78,"[6, 7, 6, 6, 6, 5, 6, 7, 6, 5]","[0, 0, 0, 0, 1, 1, 0, 0, 0, 0]",1
14,1,79,"[3, 3, 3, 5, 2, 2, 2, 3, 4, 3]","[0, 0, 0, 1, 0, 0, 0, 0, 1, 0]",1
14,1,80,"[8, 6, 7, 6, 7, 8, 8, 7, 7, 8]","[0, 0, 0, 0, 1, 0, 1, 1, 1, 0]",1
14,1,81,"[7, 6, 4, 5, 3, 6, 8, 5, 6, 4]","[0, 1, 1, 0, 0, 1, 0, 0, 1, 0]",1
14,1,82,"[4, 5, 5, 6, 5, 3, 6, 5, 5, 7]","[0, 1, 0, 0, 0, 0, 1, 0, 0, 0]",1
14,1,83,"[7, 7, 6, 3, 4, 4, 5, 6, 7, 4]","[0, 1, 0, 0, 0, 0, 0, 0, 0, 1]",1
14,1,84,"[1, 5, 2, 1, 1, 1, 1, 2, 1, 2]","[0, 0, 0, 0, 0, 0, 0, 0, 0, 0]",1
14,1,85,"[4, 2, 4, 4, 3, 2, 4, 3, 3, 3]","[1, 0, 1, 0, 1, 1, 1, 1, 1, 1]",1
14,1,86,"[3, 3, 6, 2, 5, 2, 4, 8, 6, 6]","[0, 0, 0, 0, 0, 0, 0, 0, 1, 0]",1
14,1,87,"[4, 5, 6, 2, 2, 5, 4, 3, 2, 3]","[0, 0, 1, 0, 0, 0, 0, 0, 0, 0]",1
14,1,88,"[3, 3, 2, 4, 3, 4, 2, 3, 3, 3]","[1, 0, 0, 1, 0, 1, 0, 0, 1, 0]",1
14,1,89,"[5, 3, 4, 5, 4, 5, 3, 4, 4, 4]","[0, 0, 0, 1, 1, 0, 0, 0, 0, 0]",1
14,1,90,"[6, 5, 6, 3, 7, 4, 6, 6, 7, 6]","[0, 0, 0, 0, 0, 0, 0, 1, 0, 0]",1
14,1,91,"[3, 3, 4, 3, 4, 7, 5, 3, 3, 3]","[0, 0, 1, 1, 0, 1, 0, 0, 0, 1]",1
14,1,92,"[7, 4, 6, 6, 5, 3, 6, 4, 7, 5]","[0, 0, 0, 0, 1, 0, 0, 0, 1, 0]",1
14,1,93,"[3, 2, 4, 5, 2, 6, 1, 3, 3, 2]","[0, 0, 0, 1, 1, 1, 0, 1, 0, 0]",1
14,1,94,"[4, 5, 2, 5, 4, 6, 6, 7, 5, 6]","[0, 1, 0, 1, 1, 1, 0, 1, 1, 0]",1
14,1,95,"[4, 4, 4, 8, 4, 4, 3, 3, 4, 8]","[0, 0, 0, 1, 0, 1, 0, 0, 0, 0]",1
14,1,96,"[1, 4, 1, 1, 3, 3, 3, 4, 3, 3]","[1, 1, 0, 0, 0, 0, 0, 0, 0, 1]",1
14,1,97,"[3, 4, 3, 4, 4, 4, 6, 5, 3, 3]","[0, 0, 0, 0, 0, 1, 0, 0, 0, 0]",1
14,1,98,"[9, 7, 3, 1, 9, 8, 9, 4, 3, 3]","[1, 1, 0, 0, 0, 0, 0, 0, 0, 0]",1
14,1,99,"[4, 1, 3, 2, 3, 2, 2, 2, 3, 3]","[0, 0, 0, 0, 0, 0, 0, 0, 0, 0]",1
14,1,100,"[1, 2, 3, 2, 2, 2, 2, 4, 5, 3]","[0, 0, 0, 0, 0, 0, 0, 1, 0, 0]",1
14,1,101,"[3, 1, 6, 4, 4, 1, 4, 4, 3, 5]","[0, 0, 0, 0, 0, 0, 0, 0, 1, 0]",1
14,1,102,"[1, 8, 5, 1, 5, 1, 1, 3, 1, 4]","[0, 0, 0, 1, 1, 0, 0, 1, 0, 0]",1
14,1,103,"[2, 3, 2, 1, 3, 2, 3, 2, 2, 2]","[0, 0, 0, 0, 0, 0, 0, 0, 0, 0]",1
14,1,104,"[2, 8, 8, 8, 9, 1, 6, 1, 8, 9]","[0, 1, 1, 0, 0, 0, 0, 0, 1, 1]",1
14,1,105,"[4, 5, 5, 6, 4, 5, 5, 9, 9, 5]","[0, 1, 0, 0, 0, 1, 0, 0, 0, 1]",1
14,1,106,"[4, 3, 3, 4, 3, 4, 4, 2, 4, 3]","[0, 0, 0, 0, 0, 0, 1, 0, 1, 0]",1
14,1,107,"[2, 3, 7, 2, 3, 6, 2, 2, 3, 2]","[0, 0, 0, 0, 0, 0, 0, 0, 0, 0]",1
14,1,108,"[1, 2, 3, 8, 2, 2, 5, 7, 2, 2]","[0, 0, 0, 1, 0, 0, 0, 0, 0, 1]",1
14,1,109,"[4, 4, 3, 4, 7, 4, 4, 5, 4, 4]","[1, 1, 1, 0, 0, 1, 0, 0, 0, 0]",1
14,1,110,"[1, 6, 3, 3, 4, 7, 3, 2, 3, 4]","[0, 1, 0, 0, 1, 0, 0, 0, 0, 0]",1
14,1,111,"[4, 4, 3, 9, 4, 5, 5, 6, 5, 2]","[0, 0, 1, 1, 0, 1, 0, 1, 1, 0]",1
14,1,112,"[5, 5, 5, 5, 5, 5, 5, 5, 5, 5]","[1, 1, 1, 0, 0, 1, 0, 0, 1, 0]",1
14,1,113,"[4, 5, 3, 3, 3, 4, 3, 3, 7, 5]","[1, 0, 0, 0, 0, 0, 0, 0, 1, 1]",1
14,1,114,"[4, 5, 4, 4, 4, 5, 4, 5, 4, 3]","[0, 0, 0, 0, 0, 0, 0, 0, 0, 0]",1
14,1,115,"[4, 4, 3, 6, 4, 6, 4, 5, 4, 3]","[0, 1, 0, 1, 1, 0, 0, 1, 0, 0]",1
14,1,116,"[6, 5, 5, 6, 4, 5, 5, 3, 4, 5]","[1, 0, 0, 1, 1, 0, 0, 1, 0, 0]",1
14,1,117,"[3, 3, 4, 3, 4, 4, 3, 4, 3, 3]","[1, 1, 0, 0, 1, 0, 0, 0, 0, 0]",1
14,1,118,"[5, 4, 5, 5, 7, 6, 5, 5, 6, 5]","[1, 0, 0, 0, 0, 0, 0, 1, 1, 0]",1
14,1,119,"[6, 6, 6, 5, 5, 6, 4, 6, 6, 6]","[1, 0, 1, 0, 0, 1, 0, 0, 0, 0]",1
14,1,120,"[6, 4, 3, 4, 4, 5, 5, 7, 5, 5]","[0, 1, 1, 1, 0, 0, 0, 1, 0, 0]",1
14,1,121,"[4, 4, 4, 5, 4, 2, 4, 4, 4, 5]","[0, 1, 0, 1, 0, 0, 1, 0, 0, 1]",1
14,1,122,"[1, 3, 3, 4, 3, 4, 3, 3, 2, 4]","[0, 0, 0, 1, 1, 0, 0, 0, 1, 0]",1
14,1,123,"[4, 3, 5, 3, 2, 3, 4, 3, 2, 2]","[0, 0, 0, 0, 0, 1, 0, 0, 0, 0]",1
14,1,124,"[3, 7, 5, 7, 3, 5, 7, 4, 3, 4]","[0, 0, 0, 0, 0, 0, 0, 0, 0, 0]",1
14,1,125,"[2, 3, 2, 3, 2, 3, 3, 3, 2, 3]","[0, 0, 0, 0, 0, 0, 1, 0, 0, 0]",1
14,1,126,"[3, 4, 1, 3, 3, 4, 3, 5, 6, 5]","[0, 0, 0, 0, 0, 0, 0, 0, 0, 1]",1
14,1,127,"[4, 4, 4, 4, 4, 4, 3, 3, 4, 5]","[1, 0, 0, 0, 0, 0, 0, 0, 0, 1]",1
14,1,128,"[7, 5, 6, 6, 1, 5, 3, 5, 5, 8]","[1, 1, 1, 0, 0, 0, 1, 0, 0, 1]",1
14,1,129,"[5, 8, 3, 4, 5, 3, 4, 5, 6, 4]","[1, 1, 1, 1, 0, 0, 0, 0, 0, 0]",1
14,1,130,"[7, 5, 8, 7, 2, 5, 5, 5, 5, 5]","[0, 0, 1, 0, 0, 0, 1, 1, 0, 0]",1
14,1,131,"[1, 3, 1, 6, 1, 1, 7, 8, 1, 1]","[0, 1, 0, 1, 0, 0, 0, 1, 0, 0]",1
14,1,132,"[5, 3, 4, 3, 6, 5, 7, 4, 2, 3]","[1, 0, 1, 0, 0, 0, 0, 0, 0, 0]",1
14,1,133,"[4, 3, 3, 3, 2, 3, 2, 2, 2, 3]","[1, 1, 0, 0, 0, 0, 0, 0, 0, 0]",1
14,1,134,"[4, 5, 4, 4, 4, 4, 4, 5, 5, 5]","[0, 0, 0, 0, 0, 0, 1, 1, 0, 0]",1
14,1,135,"[5, 4, 5, 5, 7, 6, 4, 4, 4, 6]","[0, 0, 0, 0, 1, 0, 1, 0, 1, 0]",1
14,1,136,"[6, 6, 6, 7, 5, 5, 2, 6, 3, 5]","[0, 1, 1, 1, 0, 1, 0, 0, 1, 0]",1
14,1,137,"[4, 4, 4, 3, 1, 2, 2, 2, 2, 2]","[1, 1, 0, 0, 0, 0, 0, 0, 0, 0]",1
14,1,138,"[4, 4, 5, 4, 4, 5, 4, 4, 4, 4]","[0, 0, 0, 0, 0, 0, 0, 0, 0, 1]",1
14,1,139,"[4, 4, 4, 3, 3, 6, 5, 1, 4, 6]","[0, 0, 0, 0, 0, 0, 1, 0, 0, 0]",1
14,1,140,"[5, 6, 5, 6, 7, 4, 3, 6, 5, 5]","[0, 1, 0, 0, 0, 0, 0, 1, 0, 0]",1
14,1,141,"[1, 6, 3, 2, 2, 4, 3, 3, 6, 2]","[1, 0, 0, 0, 0, 0, 0, 0, 1, 0]",1
14,1,142,"[8, 7, 6, 2, 6, 1, 3, 7, 3, 2]","[1, 0, 0, 0, 1, 0, 1, 1, 0, 1]",1
14,1,143,"[2, 3, 3, 2, 3, 5, 3, 3, 3, 1]","[0, 0, 1, 0, 0, 0, 0, 0, 0, 0]",1
14,1,144,"[5, 5, 6, 5, 5, 4, 6, 6, 6, 6]","[0, 1, 0, 1, 0, 0, 1, 0, 0, 0]",1
14,1,145,"[5, 5, 7, 5, 5, 5, 4, 4, 4, 4]","[0, 1, 1, 0, 0, 0, 0, 0, 1, 0]",1
14,1,146,"[4, 4, 4, 4, 4, 4, 2, 5, 4, 4]","[0, 0, 1, 1, 1, 1, 0, 1, 1, 0]",1
14,1,147,"[3, 2, 2, 3, 4, 2, 2, 2, 2, 2]","[1, 0, 1, 1, 0, 0, 0, 0, 0, 1]",1
14,1,148,"[7, 7, 7, 7, 7, 7, 7, 7, 7, 8]","[1, 1, 1, 1, 1, 1, 1, 1, 1, 1]",1
14,1,149,"[3, 4, 6, 4, 4, 4, 6, 4, 3, 4]","[0, 1, 1, 0, 0, 0, 0, 0, 1, 0]",1
14,1,150,"[3, 3, 4, 2, 3, 4, 3, 4, 4, 4]","[0, 1, 0, 0, 0, 0, 0, 0, 1, 0]",1
14,1,151,"[3, 3, 1, 3, 2, 3, 3, 4, 3, 2]","[0, 0, 0, 0, 0, 1, 0, 0, 0, 0]",1
14,1,152,"[3, 5, 3, 3, 2, 2, 3, 4, 3, 3]","[0, 0, 1, 0, 0, 0, 0, 0, 0, 0]",1
14,1,153,"[3, 3, 3, 2, 4, 4, 5, 2, 3, 2]","[0, 0, 0, 1, 0, 1, 0, 0, 0, 1]",1
14,1,154,"[6, 3, 3, 4, 4, 3, 3, 3, 3, 2]","[0, 0, 0, 0, 0, 0, 1, 1, 0, 0]",1
14,1,155,"[4, 2, 4, 4, 4, 4, 4, 6, 7, 4]","[0, 0, 0, 1, 1, 0, 0, 0, 0, 0]",1
14,1,156,"[7, 4, 3, 3, 3, 9, 3, 3, 3, 5]","[0, 1, 0, 0, 0, 1, 0, 1, 0, 1]",1
14,1,157,"[4, 3, 4, 4, 7, 3, 6, 3, 1, 4]","[0, 1, 1, 0, 0, 0, 0, 0, 0, 0]",1
14,1,158,"[1, 8, 3, 3, 3, 8, 2, 2, 2, 2]","[0, 0, 0, 0, 0, 0, 0, 0, 0, 0]",1
14,1,159,"[7, 6, 6, 5, 6, 5, 6, 6, 7, 7]","[0, 0, 0, 0, 0, 1, 0, 0, 1, 1]",1
14,1,160,"[3, 6, 4, 4, 4, 8, 3, 5, 7, 6]","[0, 0, 0, 0, 0, 1, 0, 0, 1, 0]",1
14,1,161,"[4, 5, 5, 4, 5, 5, 6, 5, 4, 5]","[1, 1, 1, 1, 1, 1, 1, 0, 1, 0]",1
14,1,162,"[7, 5, 1, 8, 6, 6, 7, 6, 4, 6]","[1, 0, 0, 0, 0, 0, 0, 0, 0, 0]",1
14,1,163,"[6, 3, 4, 5, 5, 4, 5, 5, 5, 4]","[0, 1, 0, 0, 0, 0, 0, 0, 0, 0]",1
14,1,164,"[9, 9, 9, 9, 9, 9, 9, 9, 9, 9]","[0, 1, 0, 1, 1, 0, 1, 0, 1, 1]",1
14,1,165,"[2, 2, 3, 3, 3, 3, 2, 3, 3, 3]","[0, 0, 0, 0, 0, 0, 0, 0, 0, 0]",1
14,1,166,"[5, 7, 7, 3, 4, 5, 6, 6, 4, 3]","[0, 0, 1, 1, 0, 0, 0, 0, 0, 0]",1
14,1,167,"[9, 9, 9, 9, 9, 9, 9, 8, 9, 9]","[1, 0, 1, 0, 1, 1, 1, 0, 1, 0]",1
14,1,168,"[5, 4, 2, 6, 1, 4, 2, 6, 5, 4]","[0, 1, 0, 1, 0, 0, 0, 0, 1, 1]",1
14,1,169,"[6, 6, 5, 6, 4, 6, 6, 5, 5, 1]","[0, 0, 0, 0, 0, 0, 0, 1, 0, 0]",1
14,1,170,"[5, 5, 6, 2, 5, 6, 5, 5, 5, 5]","[0, 0, 0, 0, 1, 0, 1, 1, 0, 0]",1
14,1,171,"[9, 7, 7, 4, 5, 7, 7, 7, 7, 8]","[1, 1, 1, 0, 1, 1, 1, 1, 1, 1]",1
14,1,172,"[6, 4, 4, 5, 5, 4, 5, 4, 5, 5]","[1, 0, 1, 1, 0, 1, 0, 0, 0, 0]",1
14,1,173,"[4, 4, 4, 2, 2, 3, 2, 3, 4, 3]","[1, 0, 0, 0, 0, 0, 0, 0, 0, 0]",1
14,1,174,"[9, 9, 4, 5, 5, 4, 4, 5, 5, 9]","[1, 1, 0, 1, 0, 1, 1, 0, 0, 1]",1
14,1,175,"[2, 2, 2, 2, 3, 3, 3, 4, 3, 3]","[0, 0, 0, 0, 0, 0, 0, 0, 0, 0]",1
14,1,176,"[7, 8, 7, 6, 3, 6, 7, 6, 6, 7]","[0, 1, 0, 1, 1, 0, 1, 0, 0, 0]",1
14,1,177,"[5, 6, 1, 4, 4, 5, 3, 5, 5, 6]","[0, 1, 0, 0, 0, 0, 0, 0, 1, 1]",1
14,1,178,"[6, 6, 6, 7, 6, 6, 6, 4, 6, 6]","[0, 1, 1, 1, 1, 1, 0, 0, 0, 1]",1
14,1,179,"[3, 3, 3, 4, 6, 9, 3, 4, 3, 4]","[0, 0, 0, 0, 0, 0, 0, 0, 1, 0]",1
14,1,180,"[2, 2, 2, 2, 4, 1, 2, 2, 2, 7]","[0, 0, 0, 0, 0, 0, 0, 0, 1, 1]",1
14,1,181,"[6, 5, 5, 3, 5, 3, 3, 4, 4, 5]","[0, 0, 1, 0, 0, 1, 0, 1, 0, 0]",1
14,1,182,"[1, 2, 4, 6, 3, 1, 3, 4, 3, 5]","[0, 1, 0, 0, 0, 0, 0, 1, 0, 0]",1
14,1,183,"[4, 9, 4, 4, 3, 4, 4, 9, 4, 9]","[0, 0, 0, 0, 1, 1, 0, 0, 0, 1]",1
14,1,184,"[2, 4, 4, 4, 4, 4, 4, 4, 4, 4]","[0, 0, 1, 0, 0, 0, 0, 0, 0, 0]",1
14,1,185,"[4, 6, 7, 6, 7, 7, 7, 6, 7, 6]","[1, 1, 0, 0, 1, 1, 0, 0, 0, 0]",1
14,1,186,"[5, 6, 5, 2, 4, 5, 6, 4, 4, 6]","[0, 1, 0, 0, 0, 1, 0, 0, 0, 0]",1
14,1,187,"[4, 4, 3, 6, 3, 4, 5, 4, 6, 5]","[1, 1, 0, 1, 0, 0, 0, 1, 0, 0]",1
14,1,188,"[3, 1, 4, 9, 4, 6, 6, 5, 4, 3]","[1, 0, 0, 0, 0, 1, 0, 0, 0, 0]",1
14,1,189,"[3, 7, 2, 1, 2, 2, 2, 3, 2, 4]","[0, 1, 1, 0, 0, 0, 0, 1, 0, 0]",1
14,1,190,"[4, 4, 4, 2, 4, 5, 8, 6, 3, 3]","[0, 0, 1, 0, 1, 0, 1, 0, 1, 0]",1
14,1,191,"[2, 3, 2, 3, 2, 2, 2, 3, 3, 2]","[0, 0, 0, 0, 0, 0, 0, 0, 1, 1]",1
14,1,192,"[3, 4, 3, 5, 2, 2, 2, 3, 3, 3]","[0, 0, 0, 1, 0, 0, 0, 0, 0, 0]",1
14,1,193,"[5, 5, 5, 7, 5, 5, 5, 4, 5, 2]","[0, 0, 0, 0, 0, 0, 0, 0, 0, 1]",1
14,1,194,"[2, 3, 3, 4, 3, 1, 4, 7, 6, 5]","[0, 0, 0, 0, 0, 0, 0, 0, 1, 1]",1
14,1,195,"[2, 7, 1, 1, 3, 2, 1, 1, 5, 3]","[0, 1, 1, 0, 0, 0, 0, 0, 1, 0]",1
14,1,196,"[3, 4, 4, 4, 3, 3, 4, 3, 3, 4]","[0, 0, 0, 0, 0, 0, 0, 1, 0, 0]",1
14,1,197,"[7, 7, 6, 6, 6, 6, 7, 6, 6, 5]","[1, 1, 1, 0, 0, 0, 1, 0, 0, 1]",1
14,1,198,"[4, 2, 1, 2, 4, 5, 3, 2, 1, 4]","[0, 1, 0, 0, 0, 1, 0, 0, 0, 0]",1
14,1,199,"[2, 2, 2, 1, 2, 2, 1, 3, 2, 2]","[0, 0, 0, 0, 0, 0, 0, 0, 0, 0]",1
14,1,200,"[3, 3, 4, 3, 3, 3, 2, 4, 3, 3]","[0, 0, 1, 0, 0, 0, 0, 0, 0, 1]",1
14,1,201,"[3, 3, 8, 4, 4, 5, 4, 5, 4, 8]","[0, 0, 1, 0, 0, 1, 0, 1, 0, 1]",1
14,1,202,"[5, 5, 5, 7, 2, 5, 5, 5, 5, 5]","[0, 1, 0, 1, 0, 1, 0, 1, 0, 0]",1
14,1,203,"[2, 3, 2, 1, 1, 2, 5, 2, 2, 2]","[0, 0, 0, 0, 0, 0, 0, 0, 0, 0]",1
14,1,204,"[2, 2, 2, 2, 2, 2, 2, 2, 1, 2]","[0, 0, 0, 0, 0, 0, 0, 0, 0, 0]",1
14,1,205,"[6, 6, 6, 5, 6, 6, 7, 6, 6, 6]","[1, 1, 1, 1, 1, 1, 1, 1, 0, 1]",1
14,1,206,"[3, 2, 2, 3, 2, 4, 3, 2, 2, 3]","[0, 0, 0, 1, 0, 0, 0, 0, 0, 0]",1
14,1,207,"[3, 3, 3, 3, 3, 4, 2, 3, 3, 2]","[0, 0, 0, 0, 0, 0, 0, 0, 0, 0]",1
14,1,208,"[5, 5, 5, 4, 6, 5, 4, 4, 4, 3]","[1, 1, 0, 0, 0, 0, 1, 0, 0, 0]",1
14,1,209,"[3, 2, 2, 3, 3, 4, 2, 2, 1, 1]","[0, 1, 0, 0, 0, 1, 0, 0, 0, 0]",1
15,0,0,"[7, 5, 7, 4, 3, 8, 7, 5, 5, 4]","[0, 0, 0, 0, 0, 0, 0, 1, 0, 0]",1
15,0,1,"[7, 4, 9, 7, 6, 5, 6, 6, 7, 5]","[0, 1, 0, 1, 0, 0, 0, 1, 0, 0]",1
15,0,2,"[8, 8, 9, 5, 8, 8, 8, 8, 8, 9]","[0, 1, 0, 0, 1, 0, 0, 0, 0, 0]",1
15,0,3,"[6, 4, 4, 6, 5, 7, 5, 6, 8, 5]","[0, 0, 0, 0, 0, 0, 0, 0, 0, 0]",1
15,0,4,"[1, 3, 6, 4, 4, 3, 3, 5, 2, 4]","[0, 0, 0, 0, 0, 0, 0, 0, 0, 1]",1
15,0,5,"[7, 6, 4, 6, 6, 4, 4, 3, 5, 6]","[0, 0, 0, 1, 0, 0, 0, 0, 0, 0]",1
15,0,6,"[6, 4, 5, 4, 3, 7, 5, 6, 6, 7]","[0, 0, 0, 0, 0, 0, 1, 0, 0, 0]",1
15,0,7,"[9, 9, 8, 8, 7, 8, 7, 9, 8, 7]","[0, 1, 0, 0, 0, 1, 0, 0, 1, 1]",1
15,0,8,"[4, 4, 2, 4, 5, 5, 3, 4, 4, 4]","[0, 0, 0, 1, 0, 0, 0, 0, 0, 0]",1
15,0,9,"[5, 4, 3, 6, 5, 4, 6, 4, 5, 5]","[0, 0, 0, 0, 1, 0, 0, 0, 1, 0]",1
15,0,10,"[5, 5, 5, 5, 8, 4, 3, 5, 4, 5]","[0, 0, 0, 0, 0, 0, 0, 0, 0, 0]",1
15,0,11,"[6, 4, 5, 5, 5, 5, 5, 4, 5, 5]","[1, 0, 0, 0, 1, 1, 0, 0, 0, 1]",1
15,0,12,"[6, 6, 6, 6, 6, 6, 6, 5, 7, 6]","[0, 1, 0, 0, 0, 0, 0, 0, 0, 0]",1
15,0,13,"[4, 3, 6, 5, 1, 8, 3, 3, 3, 3]","[0, 0, 1, 0, 0, 0, 0, 0, 0, 0]",1
15,0,14,"[7, 6, 6, 5, 5, 5, 4, 5, 5, 6]","[1, 0, 0, 0, 0, 0, 0, 0, 0, 1]",1
15,0,15,"[3, 3, 9, 8, 9, 3, 3, 5, 4, 4]","[0, 1, 1, 1, 0, 0, 0, 1, 0, 1]",1
15,0,16,"[7, 6, 6, 5, 4, 7, 4, 4, 7, 2]","[0, 0, 0, 1, 0, 0, 0, 0, 0, 1]",1
15,0,17,"[7, 6, 6, 6, 5, 6, 4, 8, 4, 6]","[1, 0, 0, 1, 0, 0, 0, 1, 0, 1]",1
15,0,18,"[6, 7, 5, 8, 5, 8, 5, 5, 1, 1]","[0, 1, 0, 0, 0, 1, 0, 0, 0, 1]",1
15,0,19,"[2, 3, 2, 2, 2, 2, 2, 3, 2, 4]","[0, 0, 0, 0, 0, 0, 0, 0, 0, 0]",1
15,0,20,"[6, 6, 6, 5, 3, 5, 5, 5, 6, 6]","[0, 0, 0, 0, 0, 0, 0, 0, 0, 0]",1
15,0,21,"[9, 4, 9, 7, 5, 9, 9, 6, 7, 5]","[0, 0, 0, 0, 0, 0, 0, 0, 0, 0]",1
15,0,22,"[1, 6, 4, 9, 3, 4, 4, 4, 5, 4]","[0, 0, 0, 0, 0, 0, 0, 0, 1, 0]",1
15,0,23,"[4, 2, 3, 4, 5, 4, 4, 3, 4, 5]","[0, 0, 1, 0, 0, 0, 0, 0, 0, 0]",1
15,0,24,"[4, 5, 5, 3, 2, 5, 1, 4, 5, 7]","[0, 0, 0, 0, 0, 0, 0, 0, 0, 0]",1
15,0,25,"[6, 6, 6, 6, 6, 6, 5, 6, 6, 6]","[1, 0, 1, 0, 0, 0, 0, 0, 0, 0]",1
15,0,26,"[9, 9, 9, 8, 9, 9, 9, 9, 9, 9]","[0, 0, 0, 0, 1, 0, 1, 0, 0, 1]",1
15,0,27,"[6, 6, 8, 6, 6, 6, 6, 7, 6, 7]","[0, 0, 0, 0, 0, 0, 0, 1, 0, 0]",1
15,0,28,"[8, 6, 5, 5, 6, 5, 5, 5, 5, 5]","[0, 1, 0, 0, 0, 0, 0, 0, 0, 1]",1
15,0,29,"[9, 9, 9, 9, 7, 9, 9, 9, 9, 9]","[0, 0, 1, 0, 1, 0, 1, 0, 0, 1]",1
15,0,30,"[7, 3, 4, 6, 7, 7, 2, 4, 8, 6]","[0, 0, 0, 0, 1, 1, 0, 0, 1, 0]",1
15,0,31,"[6, 4, 4, 5, 3, 5, 8, 5, 5, 4]","[0, 0, 1, 1, 0, 0, 1, 0, 0, 0]",1
15,0,32,"[6, 3, 5, 4, 6, 2, 7, 5, 5, 3]","[0, 1, 0, 0, 1, 0, 0, 1, 0, 1]",1
15,0,33,"[3, 3, 3, 3, 3, 4, 3, 3, 3, 3]","[0, 0, 0, 0, 0, 1, 0, 0, 0, 0]",1
15,0,34,"[6, 8, 7, 7, 7, 7, 6, 6, 5, 7]","[0, 0, 0, 0, 1, 1, 1, 0, 0, 1]",1
15,0,35,"[6, 4, 4, 4, 4, 5, 6, 5, 3, 4]","[0, 0, 1, 0, 0, 0, 0, 0, 0, 1]",1
15,0,36,"[3, 5, 4, 4, 8, 5, 5, 5, 9, 3]","[0, 0, 0, 0, 0, 0, 0, 0, 0, 0]",1
15,0,37,"[5, 9, 6, 5, 6, 5, 6, 6, 9, 5]","[0, 0, 0, 0, 0, 1, 0, 1, 1, 0]",1
15,0,38,"[4, 5, 3, 5, 5, 5, 5, 5, 5, 5]","[0, 0, 0, 0, 0, 1, 0, 0, 0, 0]",1
15,0,39,"[1, 2, 1, 1, 2, 2, 2, 5, 1, 2]","[0, 0, 0, 0, 0, 1, 1, 1, 0, 0]",1
15,0,40,"[3, 3, 3, 3, 3, 3, 2, 3, 3, 3]","[0, 0, 0, 0, 0, 0, 0, 0, 0, 0]",1
15,0,41,"[2, 4, 1, 4, 5, 4, 3, 4, 4, 4]","[0, 0, 0, 0, 0, 0, 0, 0, 0, 0]",1
15,0,42,"[4, 4, 3, 4, 4, 5, 4, 1, 4, 4]","[0, 0, 0, 0, 0, 0, 1, 0, 0, 0]",1
15,0,43,"[7, 7, 7, 5, 7, 5, 7, 5, 3, 5]","[0, 0, 0, 0, 0, 0, 0, 1, 0, 0]",1
15,0,44,"[6, 5, 8, 5, 5, 6, 5, 4, 5, 5]","[0, 0, 0, 0, 0, 0, 0, 0, 0, 0]",1
15,0,45,"[5, 4, 4, 3, 4, 3, 5, 4, 4, 4]","[0, 0, 0, 0, 0, 0, 0, 0, 0, 0]",1
15,0,46,"[3, 3, 2, 3, 2, 3, 7, 3, 4, 4]","[0, 0, 0, 0, 1, 0, 0, 1, 0, 0]",1
15,0,47,"[6, 6, 6, 6, 8, 6, 6, 7, 6, 9]","[1, 1, 0, 1, 1, 0, 0, 1, 1, 0]",1
15,0,48,"[5, 5, 5, 5, 5, 5, 4, 5, 5, 5]","[0, 0, 0, 0, 0, 0, 1, 0, 0, 0]",1
15,0,49,"[4, 5, 6, 5, 3, 5, 4, 4, 6, 5]","[0, 0, 0, 0, 0, 0, 0, 0, 1, 1]",1
15,0,50,"[7, 6, 8, 7, 6, 8, 9, 8, 7, 5]","[0, 0, 1, 0, 0, 1, 1, 1, 0, 0]",1
15,0,51,"[5, 6, 5, 3, 4, 5, 5, 5, 6, 5]","[1, 0, 0, 0, 1, 0, 0, 0, 0, 0]",1
15,0,52,"[1, 3, 4, 3, 2, 2, 3, 2, 1, 3]","[0, 0, 1, 0, 0, 0, 1, 1, 0, 0]",1
15,0,53,"[4, 5, 4, 4, 5, 4, 4, 4, 1, 3]","[0, 0, 0, 0, 0, 0, 0, 0, 0, 0]",1
15,0,54,"[7, 5, 8, 7, 9, 8, 1, 5, 4, 9]","[0, 0, 0, 0, 0, 0, 0, 0, 0, 0]",1
15,0,55,"[6, 7, 6, 9, 6, 8, 6, 6, 7, 6]","[1, 1, 0, 0, 0, 0, 0, 1, 0, 1]",1
15,0,56,"[1, 1, 1, 1, 5, 1, 1, 1, 1, 1]","[0, 0, 1, 0, 1, 0, 1, 0, 0, 0]",1
15,0,57,"[5, 4, 7, 4, 3, 6, 1, 2, 3, 5]","[0, 0, 0, 1, 0, 0, 0, 0, 0, 0]",1
15,0,58,"[5, 4, 4, 5, 4, 5, 4, 6, 3, 6]","[1, 0, 1, 0, 0, 0, 0, 0, 0, 0]",1
15,0,59,"[5, 1, 4, 5, 6, 4, 4, 5, 5, 4]","[0, 0, 0, 0, 0, 0, 0, 0, 0, 0]",1
15,0,60,"[4, 3, 5, 3, 5, 6, 3, 5, 1, 5]","[0, 0, 0, 0, 0, 0, 0, 0, 0, 0]",1
15,0,61,"[8, 4, 4, 4, 6, 4, 4, 6, 5, 4]","[0, 0, 0, 1, 1, 0, 0, 0, 1, 0]",1
15,0,62,"[8, 8, 8, 8, 6, 8, 8, 9, 8, 5]","[0, 0, 1, 0, 0, 0, 0, 0, 0, 1]",1
15,0,63,"[6, 5, 5, 7, 5, 6, 1, 6, 7, 6]","[0, 0, 1, 0, 1, 1, 0, 0, 1, 1]",1
15,0,64,"[3, 4, 3, 4, 7, 4, 9, 3, 3, 3]","[0, 0, 1, 0, 0, 0, 0, 0, 0, 0]",1
15,0,65,"[3, 2, 2, 3, 3, 3, 5, 6, 2, 3]","[1, 0, 0, 0, 0, 1, 0, 1, 0, 0]",1
15,0,66,"[3, 4, 5, 9, 6, 4, 5, 6, 6, 7]","[0, 1, 0, 0, 0, 0, 0, 0, 0, 0]",1
15,0,67,"[5, 4, 4, 4, 6, 5, 3, 5, 6, 4]","[1, 0, 1, 0, 0, 0, 0, 0, 0, 0]",1
15,0,68,"[6, 7, 6, 6, 6, 3, 5, 4, 5, 6]","[0, 0, 0, 0, 0, 0, 1, 1, 0, 0]",1
15,0,69,"[5, 4, 4, 3, 2, 4, 2, 4, 4, 4]","[1, 0, 0, 0, 0, 1, 0, 0, 1, 1]",1
15,0,70,"[6, 6, 6, 5, 6, 6, 5, 5, 5, 5]","[0, 0, 1, 0, 0, 0, 1, 0, 0, 0]",1
15,0,71,"[5, 5, 5, 5, 5, 5, 6, 5, 5, 4]","[0, 1, 0, 0, 0, 0, 0, 1, 0, 0]",1
15,0,72,"[4, 4, 3, 4, 4, 4, 4, 4, 5, 5]","[0, 0, 0, 0, 0, 1, 0, 0, 0, 0]",1
15,0,73,"[7, 3, 6, 8, 8, 7, 7, 6, 5, 5]","[0, 0, 0, 1, 0, 0, 0, 0, 0, 0]",1
15,0,74,"[3, 3, 3, 3, 2, 4, 3, 3, 2, 2]","[0, 0, 0, 0, 1, 0, 0, 0, 0, 0]",1
15,0,75,"[2, 3, 2, 2, 2, 2, 2, 9, 2, 2]","[0, 0, 1, 0, 0, 0, 0, 0, 0, 0]",1
15,0,76,"[5, 4, 2, 4, 3, 4, 5, 4, 2, 1]","[0, 0, 1, 0, 0, 0, 0, 0, 0, 0]",1
15,0,77,"[6, 8, 1, 9, 6, 6, 5, 6, 6, 6]","[0, 0, 0, 0, 0, 0, 0, 0, 0, 0]",1
15,0,78,"[5, 6, 6, 5, 6, 5, 4, 6, 6, 5]","[0, 0, 0, 0, 1, 0, 0, 0, 1, 1]",1
15,0,79,"[5, 6, 7, 9, 3, 4, 5, 4, 6, 7]","[0, 0, 0, 1, 0, 0, 0, 0, 1, 0]",1
15,0,80,"[9, 9, 7, 9, 8, 9, 8, 6, 9, 9]","[0, 0, 0, 0, 1, 0, 0, 0, 1, 0]",1
15,0,81,"[3, 6, 5, 6, 5, 8, 6, 6, 7, 6]","[0, 1, 0, 0, 0, 0, 1, 0, 0, 0]",1
15,0,82,"[6, 6, 5, 5, 5, 5, 6, 5, 6, 5]","[0, 0, 0, 0, 0, 0, 0, 0, 0, 1]",1
15,0,83,"[4, 2, 7, 8, 7, 7, 5, 8, 8, 6]","[0, 1, 0, 0, 0, 1, 0, 0, 1, 1]",1
15,0,84,"[2, 3, 6, 7, 3, 3, 7, 6, 4, 6]","[0, 0, 1, 0, 1, 0, 0, 1, 1, 0]",1
15,0,85,"[8, 8, 7, 7, 7, 7, 7, 7, 7, 7]","[0, 0, 1, 0, 0, 0, 0, 0, 0, 0]",1
15,0,86,"[8, 9, 9, 9, 9, 9, 9, 9, 9, 9]","[0, 0, 0, 1, 1, 1, 0, 0, 0, 0]",1
15,0,87,"[3, 7, 6, 4, 4, 3, 5, 5, 6, 4]","[0, 0, 0, 0, 0, 0, 0, 0, 0, 0]",1
15,0,88,"[5, 5, 5, 5, 4, 6, 5, 5, 5, 5]","[0, 1, 0, 0, 0, 0, 0, 0, 0, 0]",1
15,0,89,"[6, 6, 6, 6, 6, 6, 5, 5, 4, 5]","[0, 0, 1, 1, 0, 0, 0, 0, 0, 0]",1
15,0,90,"[9, 9, 9, 9, 9, 9, 9, 9, 9, 9]","[0, 0, 1, 1, 1, 0, 0, 1, 0, 0]",1
15,0,91,"[6, 5, 4, 5, 5, 5, 3, 5, 5, 5]","[0, 0, 0, 0, 0, 0, 1, 1, 1, 0]",1
15,0,92,"[4, 5, 7, 6, 4, 5, 4, 4, 4, 5]","[0, 0, 0, 0, 0, 0, 0, 0, 0, 0]",1
15,0,93,"[1, 1, 3, 1, 5, 8, 4, 4, 2, 6]","[0, 0, 0, 1, 0, 1, 0, 0, 0, 0]",1
15,0,94,"[5, 7, 7, 5, 4, 5, 7, 6, 8, 5]","[0, 1, 0, 0, 0, 0, 1, 0, 1, 0]",1
15,0,95,"[3, 3, 3, 2, 3, 3, 3, 3, 4, 3]","[0, 0, 0, 0, 0, 0, 0, 0, 0, 0]",1
15,0,96,"[4, 4, 4, 5, 3, 4, 3, 5, 4, 3]","[0, 0, 0, 0, 1, 1, 0, 1, 1, 0]",1
15,0,97,"[2, 5, 4, 3, 4, 2, 4, 5, 2, 3]","[0, 0, 0, 0, 0, 0, 0, 0, 0, 0]",1
15,0,98,"[9, 9, 9, 9, 9, 9, 9, 9, 9, 9]","[0, 1, 1, 0, 0, 0, 0, 0, 1, 1]",1
15,0,99,"[1, 1, 4, 7, 1, 6, 1, 2, 5, 1]","[0, 0, 0, 0, 0, 0, 0, 1, 0, 1]",1
15,0,100,"[4, 6, 3, 3, 3, 2, 4, 3, 3, 4]","[0, 0, 0, 0, 0, 0, 1, 0, 0, 0]",1
15,0,101,"[6, 4, 6, 8, 8, 8, 8, 4, 8, 7]","[0, 0, 0, 1, 0, 0, 0, 0, 0, 0]",1
15,0,102,"[5, 7, 3, 4, 7, 5, 3, 1, 7, 7]","[0, 1, 0, 0, 0, 0, 1, 0, 0, 1]",1
15,0,103,"[7, 7, 7, 6, 6, 7, 6, 6, 8, 4]","[1, 0, 1, 0, 1, 0, 0, 0, 0, 0]",1
15,0,104,"[9, 5, 9, 9, 9, 9, 9, 8, 9, 9]","[1, 0, 1, 0, 1, 1, 0, 1, 0, 0]",1
15,0,105,"[9, 8, 6, 6, 7, 6, 6, 3, 5, 6]","[0, 1, 0, 0, 0, 1, 0, 1, 0, 1]",1
15,0,106,"[6, 7, 6, 6, 6, 6, 5, 6, 6, 7]","[1, 1, 0, 0, 0, 0, 0, 1, 0, 0]",1
15,0,107,"[5, 5, 4, 6, 5, 4, 5, 5, 5, 5]","[0, 0, 0, 0, 0, 0, 0, 1, 0, 0]",1
15,0,108,"[8, 5, 6, 3, 5, 9, 2, 3, 9, 4]","[0, 1, 0, 0, 0, 1, 0, 0, 0, 0]",1
15,0,109,"[6, 8, 5, 7, 8, 7, 6, 6, 7, 7]","[0, 0, 0, 0, 0, 0, 0, 0, 1, 0]",1
15,0,110,"[1, 4, 8, 9, 9, 9, 9, 9, 5, 4]","[0, 0, 0, 0, 1, 0, 0, 0, 0, 0]",1
15,0,111,"[6, 7, 8, 5, 6, 7, 7, 8, 6, 5]","[1, 1, 0, 0, 0, 0, 0, 0, 0, 0]",1
15,0,112,"[3, 5, 4, 4, 4, 3, 4, 4, 5, 4]","[0, 1, 0, 0, 0, 0, 1, 0, 0, 0]",1
15,0,113,"[4, 6, 4, 4, 4, 6, 4, 5, 2, 5]","[0, 0, 1, 0, 0, 0, 0, 0, 0, 1]",1
15,0,114,"[2, 6, 3, 3, 2, 2, 2, 3, 2, 4]","[0, 0, 0, 1, 0, 1, 1, 0, 1, 1]",1
15,0,115,"[9, 9, 9, 9, 8, 9, 9, 9, 9, 9]","[1, 0, 0, 1, 1, 0, 1, 0, 0, 0]",1
15,0,116,"[9, 9, 9, 9, 9, 9, 8, 9, 9, 4]","[0, 0, 1, 1, 1, 0, 0, 1, 0, 0]",1
15,0,117,"[5, 5, 4, 4, 5, 5, 6, 4, 5, 5]","[0, 0, 0, 0, 0, 0, 1, 0, 0, 0]",1
15,0,118,"[6, 7, 8, 6, 7, 7, 7, 7, 7, 7]","[0, 0, 1, 0, 0, 1, 0, 0, 0, 0]",1
15,0,119,"[9, 6, 7, 6, 7, 6, 8, 6, 6, 6]","[0, 0, 0, 0, 0, 0, 0, 0, 0, 0]",1
15,0,120,"[7, 7, 6, 5, 5, 6, 4, 5, 6, 3]","[1, 0, 0, 1, 0, 1, 0, 0, 0, 0]",1
15,0,121,"[5, 5, 5, 5, 6, 4, 5, 5, 6, 5]","[0, 1, 0, 0, 0, 0, 0, 0, 0, 0]",1
15,0,122,"[6, 5, 5, 5, 5, 5, 5, 5, 6, 5]","[0, 1, 0, 1, 1, 0, 0, 0, 0, 0]",1
15,0,123,"[8, 6, 6, 5, 5, 8, 7, 6, 5, 9]","[0, 1, 1, 0, 0, 0, 0, 0, 0, 0]",1
15,0,124,"[9, 9, 9, 9, 9, 9, 9, 5, 9, 8]","[1, 0, 0, 0, 0, 0, 0, 0, 1, 0]",1
15,0,125,"[4, 5, 5, 5, 5, 5, 5, 4, 5, 5]","[0, 0, 1, 0, 0, 0, 0, 0, 0, 0]",1
15,0,126,"[4, 4, 4, 5, 4, 4, 4, 4, 7, 6]","[0, 0, 0, 0, 1, 0, 0, 0, 0, 0]",1
15,0,127,"[4, 3, 4, 4, 4, 4, 3, 4, 5, 4]","[0, 0, 0, 0, 0, 0, 0, 0, 0, 1]",1
15,0,128,"[8, 8, 8, 6, 4, 6, 8, 7, 5, 4]","[0, 0, 0, 0, 0, 0, 1, 0, 0, 1]",1
15,0,129,"[6, 7, 6, 5, 7, 6, 6, 4, 8, 6]","[0, 1, 0, 1, 1, 1, 1, 0, 0, 1]",1
15,0,130,"[7, 7, 8, 7, 7, 7, 6, 8, 6, 6]","[0, 0, 1, 0, 0, 1, 0, 1, 1, 0]",1
15,0,131,"[6, 7, 7, 7, 5, 6, 5, 8, 8, 7]","[0, 0, 0, 1, 1, 0, 0, 0, 1, 1]",1
15,0,132,"[4, 2, 4, 4, 5, 2, 4, 4, 3, 7]","[0, 0, 0, 1, 0, 0, 0, 0, 0, 0]",1
15,0,133,"[2, 9, 9, 9, 9, 9, 9, 7, 9, 7]","[0, 1, 1, 1, 0, 0, 0, 0, 1, 0]",1
15,0,134,"[6, 5, 6, 6, 5, 7, 7, 6, 6, 6]","[0, 0, 0, 0, 0, 0, 0, 0, 1, 0]",1
15,0,135,"[8, 5, 5, 7, 8, 7, 6, 7, 5, 8]","[1, 1, 1, 0, 0, 0, 1, 1, 0, 0]",1
15,0,136,"[7, 9, 7, 6, 7, 9, 8, 7, 8, 6]","[1, 1, 1, 0, 0, 0, 1, 1, 1, 0]",1
15,0,137,"[3, 4, 4, 4, 6, 7, 5, 3, 2, 5]","[1, 0, 0, 0, 1, 0, 0, 0, 0, 0]",1
15,0,138,"[6, 6, 6, 6, 6, 6, 7, 5, 6, 6]","[0, 0, 0, 0, 0, 0, 0, 0, 1, 0]",1
15,0,139,"[5, 3, 3, 4, 4, 4, 3, 3, 3, 3]","[0, 0, 0, 0, 0, 0, 0, 0, 0, 0]",1
15,0,140,"[3, 5, 4, 8, 4, 7, 5, 5, 3, 5]","[0, 0, 0, 0, 0, 0, 0, 0, 0, 0]",1
15,0,141,"[2, 3, 3, 3, 6, 4, 6, 3, 4, 3]","[0, 0, 0, 0, 0, 0, 1, 0, 0, 0]",1
15,0,142,"[6, 8, 4, 2, 6, 7, 3, 5, 5, 5]","[0, 0, 1, 0, 0, 1, 0, 0, 1, 1]",1
15,0,143,"[4, 4, 5, 4, 1, 4, 5, 3, 3, 4]","[0, 0, 1, 0, 0, 0, 0, 0, 0, 0]",1
15,0,144,"[6, 5, 4, 7, 5, 6, 7, 7, 7, 7]","[0, 0, 0, 0, 0, 0, 0, 0, 0, 0]",1
15,0,145,"[6, 7, 7, 6, 4, 7, 6, 6, 6, 6]","[1, 0, 0, 0, 0, 0, 0, 0, 0, 1]",1
15,0,146,"[7, 7, 7, 7, 7, 8, 7, 7, 7, 7]","[0, 0, 0, 0, 0, 0, 0, 0, 0, 0]",1
15,0,147,"[5, 5, 1, 4, 3, 6, 5, 4, 5, 6]","[0, 0, 0, 0, 1, 0, 0, 0, 0, 0]",1
15,0,148,"[5, 5, 5, 5, 5, 5, 6, 6, 5, 5]","[0, 0, 0, 0, 0, 0, 1, 0, 0, 0]",1
15,0,149,"[7, 5, 5, 6, 7, 5, 5, 5, 5, 6]","[1, 1, 0, 1, 0, 0, 0, 1, 1, 0]",1
15,0,150,"[4, 7, 6, 5, 4, 4, 6, 4, 5, 5]","[0, 0, 0, 0, 0, 0, 0, 0, 0, 1]",1
15,0,151,"[7, 4, 4, 3, 4, 7, 5, 6, 6, 3]","[0, 0, 0, 0, 0, 0, 0, 0, 0, 0]",1
15,0,152,"[5, 5, 2, 1, 5, 5, 3, 6, 5, 6]","[0, 0, 0, 0, 0, 0, 1, 1, 0, 0]",1
15,0,153,"[6, 6, 6, 3, 6, 5, 6, 6, 7, 6]","[0, 1, 1, 0, 1, 0, 1, 1, 0, 0]",1
15,0,154,"[9, 7, 9, 7, 8, 9, 9, 8, 9, 9]","[1, 0, 0, 1, 1, 0, 1, 1, 1, 0]",1
15,0,155,"[9, 9, 3, 6, 9, 9, 6, 9, 9, 9]","[1, 0, 0, 0, 1, 0, 0, 0, 0, 0]",1
15,0,156,"[2, 2, 2, 2, 2, 2, 2, 3, 2, 2]","[0, 0, 0, 0, 0, 0, 0, 0, 0, 0]",1
15,0,157,"[6, 6, 5, 6, 6, 5, 6, 7, 5, 4]","[0, 0, 0, 0, 0, 0, 0, 0, 1, 1]",1
15,0,158,"[8, 8, 7, 7, 7, 7, 7, 8, 7, 8]","[1, 1, 0, 1, 0, 0, 0, 0, 0, 1]",1
15,0,159,"[8, 7, 7, 9, 7, 7, 8, 7, 7, 8]","[1, 1, 0, 0, 0, 1, 1, 0, 1, 0]",1
15,0,160,"[6, 9, 5, 9, 5, 5, 5, 7, 5, 9]","[0, 0, 1, 0, 0, 0, 0, 0, 0, 0]",1
15,0,161,"[4, 5, 5, 4, 5, 5, 6, 5, 5, 5]","[0, 0, 0, 0, 0, 0, 0, 0, 0, 0]",1
15,0,162,"[9, 9, 9, 9, 9, 9, 9, 9, 8, 9]","[0, 0, 0, 1, 0, 1, 1, 1, 0, 1]",1
15,0,163,"[7, 7, 5, 5, 7, 6, 7, 5, 7, 6]","[0, 0, 1, 0, 1, 0, 0, 1, 1, 0]",1
15,0,164,"[9, 9, 9, 9, 9, 9, 9, 9, 9, 9]","[0, 0, 0, 0, 0, 0, 0, 0, 1, 1]",1
15,0,165,"[4, 7, 7, 7, 6, 7, 7, 7, 8, 7]","[0, 0, 0, 0, 0, 0, 1, 0, 0, 0]",1
15,0,166,"[5, 4, 4, 3, 5, 5, 8, 5, 4, 4]","[0, 0, 0, 0, 0, 0, 0, 0, 0, 1]",1
15,0,167,"[7, 7, 7, 6, 7, 7, 7, 6, 7, 9]","[1, 0, 0, 0, 0, 0, 0, 0, 0, 0]",1
15,0,168,"[7, 8, 4, 7, 9, 6, 7, 5, 7, 8]","[0, 0, 0, 1, 1, 1, 0, 0, 1, 0]",1
15,0,169,"[6, 7, 5, 6, 5, 4, 7, 5, 7, 4]","[0, 1, 0, 1, 0, 0, 0, 0, 0, 0]",1
15,0,170,"[9, 9, 9, 9, 9, 9, 9, 9, 9, 9]","[0, 1, 1, 1, 0, 0, 0, 1, 0, 1]",1
15,0,171,"[7, 5, 7, 6, 4, 6, 8, 7, 4, 7]","[1, 0, 0, 0, 0, 1, 0, 0, 0, 0]",1
15,0,172,"[7, 6, 5, 8, 7, 5, 6, 4, 8, 6]","[0, 0, 1, 0, 0, 0, 0, 0, 1, 0]",1
15,0,173,"[7, 8, 5, 8, 9, 5, 5, 9, 5, 8]","[0, 0, 0, 1, 0, 1, 0, 1, 0, 1]",1
15,0,174,"[6, 8, 6, 7, 6, 5, 6, 9, 7, 6]","[0, 1, 0, 0, 1, 1, 0, 0, 0, 0]",1
15,0,175,"[4, 4, 4, 4, 6, 4, 5, 3, 4, 4]","[0, 0, 0, 0, 0, 0, 1, 0, 0, 0]",1
15,0,176,"[4, 4, 4, 5, 4, 5, 3, 4, 4, 4]","[0, 0, 1, 0, 0, 0, 1, 1, 0, 0]",1
15,0,177,"[1, 5, 6, 5, 4, 5, 5, 5, 4, 2]","[0, 0, 1, 1, 0, 0, 1, 0, 1, 0]",1
15,0,178,"[9, 7, 6, 7, 9, 8, 6, 7, 6, 9]","[0, 0, 0, 0, 1, 1, 0, 1, 0, 0]",1
15,0,179,"[6, 9, 7, 7, 4, 7, 8, 6, 9, 9]","[0, 1, 0, 0, 0, 0, 0, 1, 0, 1]",1
15,0,180,"[6, 3, 5, 4, 7, 3, 4, 3, 4, 4]","[0, 0, 0, 0, 0, 0, 1, 1, 0, 0]",1
15,0,181,"[6, 8, 6, 6, 5, 6, 6, 8, 8, 8]","[0, 1, 0, 0, 0, 0, 0, 1, 1, 1]",1
15,0,182,"[6, 8, 3, 4, 4, 3, 3, 4, 4, 3]","[0, 0, 1, 1, 0, 0, 0, 0, 0, 0]",1
15,0,183,"[5, 5, 4, 4, 5, 6, 5, 5, 5, 5]","[0, 0, 0, 0, 0, 0, 1, 0, 0, 0]",1
15,0,184,"[6, 6, 7, 7, 6, 6, 6, 5, 7, 6]","[0, 0, 0, 1, 0, 0, 1, 0, 0, 0]",1
15,0,185,"[7, 7, 5, 6, 6, 6, 6, 5, 6, 5]","[1, 0, 0, 0, 0, 0, 0, 0, 0, 0]",1
15,0,186,"[1, 9, 5, 5, 9, 6, 6, 9, 4, 6]","[1, 0, 0, 0, 0, 0, 1, 1, 1, 1]",1
15,0,187,"[6, 6, 6, 7, 6, 6, 1, 6, 7, 1]","[0, 0, 0, 1, 1, 0, 0, 0, 0, 0]",1
15,0,188,"[9, 9, 7, 7, 6, 8, 7, 8, 7, 9]","[1, 1, 1, 1, 1, 1, 0, 1, 0, 0]",1
15,0,189,"[5, 5, 5, 5, 4, 5, 3, 4, 5, 6]","[0, 0, 0, 0, 0, 0, 0, 0, 0, 0]",1
15,0,190,"[6, 6, 3, 3, 7, 5, 2, 2, 5, 4]","[0, 0, 0, 0, 0, 0, 0, 0, 0, 0]",1
15,0,191,"[7, 6, 6, 7, 6, 6, 8, 5, 6, 6]","[0, 1, 1, 0, 0, 0, 1, 0, 0, 1]",1
15,0,192,"[9, 9, 9, 9, 4, 9, 9, 4, 9, 9]","[0, 0, 0, 0, 0, 0, 1, 1, 0, 0]",1
15,0,193,"[5, 6, 5, 6, 5, 4, 4, 6, 5, 5]","[0, 0, 0, 1, 0, 0, 1, 0, 0, 0]",1
15,0,194,"[9, 6, 8, 8, 6, 9, 8, 5, 5, 7]","[0, 0, 1, 0, 1, 0, 0, 0, 0, 0]",1
15,0,195,"[6, 3, 2, 8, 4, 1, 2, 4, 1, 1]","[0, 0, 0, 1, 0, 0, 1, 1, 0, 0]",1
15,0,196,"[1, 4, 4, 4, 2, 6, 3, 3, 3, 3]","[0, 0, 0, 0, 0, 0, 0, 0, 0, 0]",1
15,0,197,"[8, 5, 6, 6, 6, 6, 9, 5, 6, 6]","[1, 0, 1, 0, 0, 0, 1, 0, 0, 1]",1
15,0,198,"[1, 4, 5, 6, 3, 6, 2, 1, 6, 7]","[0, 0, 0, 0, 0, 0, 0, 0, 1, 1]",1
15,0,199,"[5, 5, 5, 5, 5, 5, 5, 5, 5, 5]","[1, 0, 0, 0, 0, 0, 0, 1, 1, 1]",1
15,0,200,"[1, 5, 5, 5, 5, 5, 5, 5, 5, 5]","[0, 0, 1, 0, 0, 0, 0, 0, 0, 0]",1
15,0,201,"[9, 6, 8, 9, 9, 9, 9, 7, 6, 5]","[0, 0, 0, 0, 0, 0, 0, 0, 0, 0]",1
15,0,202,"[7, 5, 5, 4, 3, 4, 6, 6, 4, 5]","[0, 1, 0, 0, 1, 0, 1, 0, 0, 0]",1
15,0,203,"[3, 4, 4, 5, 4, 3, 4, 4, 4, 3]","[0, 0, 0, 0, 0, 0, 0, 0, 1, 0]",1
15,0,204,"[8, 7, 8, 8, 8, 7, 8, 7, 8, 8]","[0, 0, 1, 0, 1, 1, 1, 0, 0, 1]",1
15,0,205,"[9, 9, 9, 8, 9, 9, 9, 8, 8, 8]","[0, 1, 0, 0, 1, 1, 1, 0, 0, 0]",1
15,0,206,"[8, 8, 8, 8, 8, 8, 8, 8, 9, 6]","[1, 0, 0, 0, 0, 0, 0, 0, 0, 0]",1
15,0,207,"[4, 4, 4, 6, 4, 4, 4, 4, 5, 4]","[0, 0, 0, 0, 0, 0, 0, 0, 0, 0]",1
15,0,208,"[5, 6, 5, 4, 7, 5, 4, 9, 5, 9]","[1, 0, 0, 0, 0, 0, 0, 0, 0, 0]",1
15,0,209,"[8, 6, 6, 6, 7, 6, 7, 5, 6, 5]","[0, 1, 0, 1, 1, 0, 0, 1, 0, 0]",1
15,1,0,"[6, 7, 8, 8, 6, 6, 7, 6, 6, 6]","[0, 0, 1, 1, 1, 0, 0, 0, 0, 1]",1
15,1,1,"[5, 4, 4, 4, 4, 4, 5, 5, 4, 4]","[0, 0, 1, 1, 1, 0, 1, 1, 0, 1]",1
15,1,2,"[5, 1, 5, 1, 4, 1, 5, 5, 4, 9]","[0, 0, 0, 0, 1, 1, 1, 0, 1, 0]",1
15,1,3,"[6, 5, 2, 6, 6, 6, 6, 5, 4, 6]","[0, 0, 0, 0, 0, 1, 1, 0, 0, 0]",1
15,1,4,"[4, 3, 3, 3, 3, 3, 4, 3, 2, 4]","[0, 0, 0, 0, 1, 0, 0, 0, 0, 1]",1
15,1,5,"[5, 3, 6, 3, 3, 5, 4, 6, 6, 5]","[1, 0, 0, 0, 0, 0, 0, 1, 0, 1]",1
15,1,6,"[1, 3, 3, 6, 3, 3, 3, 3, 4, 4]","[0, 1, 0, 0, 0, 0, 0, 0, 0, 0]",1
15,1,7,"[4, 4, 5, 3, 4, 6, 6, 4, 4, 5]","[1, 1, 0, 1, 0, 1, 0, 0, 1, 0]",1
15,1,8,"[3, 3, 2, 1, 4, 3, 4, 3, 6, 3]","[0, 0, 1, 0, 1, 0, 0, 0, 0, 0]",1
15,1,9,"[4, 2, 2, 3, 3, 4, 2, 1, 2, 5]","[1, 0, 1, 0, 0, 0, 1, 0, 0, 0]",1
15,1,10,"[5, 3, 1, 4, 3, 5, 5, 5, 4, 4]","[0, 0, 0, 0, 0, 1, 1, 0, 0, 0]",1
15,1,11,"[3, 3, 3, 3, 3, 3, 3, 3, 2, 3]","[0, 1, 1, 0, 0, 0, 0, 0, 0, 0]",1
15,1,12,"[4, 4, 4, 4, 4, 4, 4, 3, 4, 4]","[0, 0, 0, 0, 0, 0, 1, 0, 0, 0]",1
15,1,13,"[4, 3, 3, 3, 4, 3, 3, 3, 5, 3]","[0, 0, 0, 0, 0, 0, 0, 0, 0, 0]",1
15,1,14,"[2, 2, 2, 3, 6, 5, 2, 3, 3, 4]","[0, 1, 1, 0, 0, 0, 0, 0, 0, 1]",1
15,1,15,"[6, 6, 7, 7, 7, 7, 7, 7, 7, 5]","[0, 0, 0, 0, 1, 0, 0, 0, 0, 0]",1
15,1,16,"[6, 5, 4, 7, 4, 4, 4, 4, 5, 6]","[1, 0, 0, 1, 0, 0, 0, 0, 1, 0]",1
15,1,17,"[4, 5, 5, 5, 4, 5, 7, 4, 5, 6]","[1, 0, 0, 0, 1, 1, 1, 0, 0, 1]",1
15,1,18,"[2, 3, 3, 3, 3, 4, 3, 3, 3, 3]","[1, 0, 0, 0, 0, 0, 1, 0, 0, 0]",1
15,1,19,"[3, 3, 3, 1, 3, 3, 2, 3, 4, 2]","[0, 0, 0, 0, 0, 0, 0, 1, 1, 0]",1
15,1,20,"[4, 5, 4, 7, 2, 6, 6, 6, 5, 3]","[0, 1, 0, 0, 1, 1, 0, 1, 1, 0]",1
15,1,21,"[9, 3, 6, 2, 4, 5, 5, 6, 6, 4]","[0, 0, 0, 0, 0, 0, 1, 0, 1, 1]",1
15,1,22,"[3, 3, 3, 3, 3, 2, 3, 2, 3, 2]","[1, 0, 0, 1, 0, 0, 0, 0, 0, 0]",1
15,1,23,"[4, 3, 2, 3, 5, 3, 5, 4, 4, 3]","[0, 0, 0, 1, 1, 0, 0, 1, 0, 0]",1
15,1,24,"[5, 4, 1, 4, 6, 5, 1, 7, 3, 7]","[1, 0, 0, 0, 0, 0, 0, 0, 0, 1]",1
15,1,25,"[2, 1, 2, 2, 2, 2, 2, 2, 2, 2]","[0, 0, 0, 0, 0, 0, 0, 0, 0, 0]",1
15,1,26,"[9, 9, 9, 6, 9, 9, 8, 9, 9, 5]","[1, 0, 1, 0, 1, 1, 1, 0, 0, 0]",1
15,1,27,"[4, 3, 4, 4, 4, 4, 4, 4, 4, 4]","[0, 0, 0, 0, 1, 0, 0, 1, 0, 1]",1
15,1,28,"[4, 4, 4, 4, 4, 1, 4, 4, 4, 6]","[0, 0, 0, 0, 0, 0, 1, 0, 0, 0]",1
15,1,29,"[9, 5, 5, 7, 9, 8, 7, 9, 7, 9]","[1, 0, 1, 0, 0, 1, 1, 0, 1, 1]",1
15,1,30,"[5, 6, 6, 5, 5, 5, 5, 8, 5, 3]","[0, 1, 1, 0, 0, 0, 0, 0, 1, 0]",1
15,1,31,"[3, 2, 3, 3, 3, 3, 2, 4, 3, 4]","[0, 0, 0, 0, 0, 0, 0, 0, 0, 0]",1
15,1,32,"[4, 3, 4, 8, 3, 3, 4, 3, 4, 4]","[0, 0, 1, 1, 0, 0, 0, 1, 1, 0]",1
15,1,33,"[3, 2, 2, 3, 3, 4, 3, 3, 2, 3]","[1, 0, 0, 0, 0, 0, 1, 0, 0, 0]",1
15,1,34,"[7, 7, 5, 5, 7, 5, 6, 7, 2, 5]","[0, 1, 1, 1, 0, 1, 0, 1, 1, 1]",1
15,1,35,"[9, 2, 2, 3, 5, 2, 3, 2, 6, 2]","[1, 0, 0, 0, 0, 0, 0, 0, 1, 0]",1
15,1,36,"[9, 5, 7, 6, 8, 6, 5, 3, 3, 5]","[0, 0, 1, 0, 0, 0, 0, 0, 0, 0]",1
15,1,37,"[3, 4, 6, 3, 4, 5, 6, 5, 4, 4]","[0, 0, 1, 0, 0, 0, 0, 0, 1, 0]",1
15,1,38,"[3, 4, 3, 3, 4, 4, 3, 3, 5, 5]","[0, 0, 0, 0, 0, 0, 0, 0, 0, 1]",1
15,1,39,"[1, 1, 1, 2, 1, 1, 5, 1, 1, 2]","[0, 0, 1, 0, 0, 0, 0, 0, 0, 0]",1
15,1,40,"[2, 5, 2, 2, 2, 2, 2, 3, 3, 7]","[0, 0, 0, 0, 0, 0, 0, 0, 1, 0]",1
15,1,41,"[5, 4, 5, 4, 8, 3, 5, 4, 4, 4]","[0, 1, 0, 0, 0, 1, 0, 0, 0, 0]",1
15,1,42,"[3, 2, 3, 3, 3, 4, 3, 3, 2, 2]","[0, 0, 0, 0, 0, 1, 0, 0, 0, 0]",1
15,1,43,"[4, 8, 7, 7, 5, 4, 3, 3, 2, 2]","[0, 0, 0, 1, 0, 0, 0, 0, 0, 0]",1
15,1,44,"[3, 7, 4, 3, 5, 4, 4, 3, 4, 3]","[0, 0, 1, 0, 0, 0, 0, 0, 0, 0]",1
15,1,45,"[2, 3, 4, 6, 4, 4, 4, 3, 3, 4]","[0, 0, 0, 1, 0, 0, 0, 0, 0, 1]",1
15,1,46,"[1, 4, 3, 3, 3, 2, 2, 3, 3, 3]","[0, 0, 0, 0, 0, 0, 1, 0, 0, 0]",1
15,1,47,"[4, 5, 4, 6, 4, 4, 4, 4, 9, 4]","[0, 0, 0, 0, 0, 0, 0, 1, 1, 1]",1
15,1,48,"[3, 3, 3, 3, 3, 3, 3, 4, 3, 3]","[0, 0, 0, 0, 0, 0, 0, 0, 1, 0]",1
15,1,49,"[6, 4, 5, 3, 3, 4, 4, 4, 7, 4]","[0, 0, 0, 0, 0, 0, 0, 0, 0, 0]",1
15,1,50,"[6, 7, 4, 4, 6, 4, 4, 4, 7, 3]","[0, 0, 0, 0, 0, 0, 1, 1, 1, 0]",1
15,1,51,"[4, 5, 4, 3, 3, 3, 3, 3, 2, 3]","[1, 0, 0, 0, 0, 0, 1, 0, 0, 0]",1
15,1,52,"[4, 4, 1, 2, 2, 2, 3, 3, 6, 6]","[0, 0, 0, 0, 0, 0, 0, 0, 1, 1]",1
15,1,53,"[4, 4, 4, 4, 4, 4, 4, 8, 3, 6]","[0, 1, 0, 1, 0, 1, 0, 0, 1, 1]",1
15,1,54,"[1, 1, 1, 1, 3, 1, 1, 1, 1, 3]","[0, 0, 0, 0, 0, 0, 0, 0, 0, 0]",1
15,1,55,"[4, 5, 4, 4, 5, 4, 4, 8, 4, 3]","[0, 0, 0, 1, 0, 0, 0, 1, 1, 0]",1
15,1,56,"[5, 3, 3, 3, 3, 3, 3, 4, 3, 4]","[0, 0, 1, 0, 0, 0, 0, 0, 0, 1]",1
15,1,57,"[5, 3, 4, 3, 4, 5, 5, 5, 2, 4]","[0, 1, 0, 0, 0, 0, 1, 1, 0, 0]",1
15,1,58,"[4, 4, 4, 3, 5, 3, 4, 4, 3, 2]","[0, 1, 0, 0, 0, 0, 0, 0, 0, 0]",1
15,1,59,"[4, 3, 5, 3, 2, 8, 3, 5, 5, 5]","[0, 0, 1, 0, 0, 1, 1, 0, 0, 0]",1
15,1,60,"[1, 1, 4, 1, 3, 5, 5, 3, 2, 3]","[0, 0, 0, 0, 0, 1, 0, 0, 0, 0]",1
15,1,61,"[4, 4, 5, 4, 5, 5, 3, 3, 4, 7]","[0, 0, 1, 1, 1, 0, 0, 0, 1, 0]",1
15,1,62,"[9, 9, 9, 9, 9, 9, 9, 9, 9, 9]","[1, 1, 0, 0, 0, 0, 1, 0, 0, 0]",1
15,1,63,"[3, 4, 4, 5, 3, 4, 4, 2, 4, 3]","[0, 0, 0, 1, 0, 0, 0, 0, 0, 0]",1
15,1,64,"[7, 6, 7, 7, 7, 7, 6, 7, 6, 6]","[0, 0, 0, 0, 0, 1, 0, 0, 0, 0]",1
15,1,65,"[1, 6, 1, 2, 3, 3, 3, 2, 3, 4]","[0, 1, 1, 0, 0, 0, 0, 1, 0, 0]",1
15,1,66,"[6, 4, 5, 2, 4, 4, 6, 5, 4, 5]","[0, 0, 0, 0, 0, 1, 0, 1, 0, 0]",1
15,1,67,"[5, 1, 7, 5, 6, 5, 3, 1, 3, 2]","[1, 1, 1, 0, 1, 0, 0, 0, 1, 0]",1
15,1,68,"[5, 6, 5, 6, 3, 2, 5, 4, 7, 5]","[1, 1, 1, 1, 0, 0, 1, 0, 0, 0]",1
15,1,69,"[5, 4, 5, 5, 6, 4, 3, 6, 6, 3]","[0, 0, 0, 0, 1, 0, 0, 1, 1, 0]",1
15,1,70,"[6, 4, 5, 5, 7, 3, 5, 5, 5, 1]","[0, 0, 0, 1, 0, 0, 1, 0, 0, 0]",1
15,1,71,"[4, 3, 4, 2, 3, 3, 2, 4, 4, 3]","[1, 1, 0, 0, 0, 0, 0, 0, 0, 1]",1
15,1,72,"[4, 4, 4, 3, 4, 4, 4, 3, 3, 4]","[0, 0, 0, 0, 0, 0, 0, 0, 0, 0]",1
15,1,73,"[2, 3, 6, 1, 3, 1, 7, 5, 1, 1]","[1, 1, 1, 0, 0, 0, 1, 1, 0, 0]",1
15,1,74,"[3, 3, 4, 1, 3, 3, 4, 3, 5, 3]","[1, 0, 0, 0, 0, 0, 0, 0, 0, 1]",1
15,1,75,"[7, 3, 9, 3, 7, 7, 2, 7, 6, 6]","[1, 0, 1, 0, 0, 0, 0, 1, 0, 0]",1
15,1,76,"[3, 2, 5, 3, 3, 3, 3, 4, 3, 3]","[0, 0, 1, 0, 1, 0, 0, 0, 0, 0]",1
15,1,77,"[4, 3, 5, 4, 5, 4, 5, 4, 4, 4]","[0, 0, 1, 1, 1, 0, 0, 0, 0, 0]",1
15,1,78,"[6, 1, 6, 6, 6, 2, 7, 4, 5, 6]","[0, 0, 1, 0, 0, 1, 0, 1, 0, 1]",1
15,1,79,"[8, 5, 4, 3, 4, 4, 4, 4, 4, 4]","[0, 1, 0, 0, 0, 0, 1, 0, 0, 0]",1
15,1,80,"[7, 8, 7, 8, 7, 8, 7, 8, 7, 5]","[1, 1, 0, 1, 0, 1, 0, 0, 1, 0]",1
15,1,81,"[7, 7, 4, 4, 1, 6, 5, 5, 7, 7]","[0, 0, 0, 1, 0, 1, 1, 0, 1, 0]",1
15,1,82,"[4, 3, 5, 4, 3, 4, 4, 5, 6, 2]","[0, 0, 0, 0, 0, 1, 1, 0, 0, 0]",1
15,1,83,"[6, 5, 5, 3, 5, 6, 7, 6, 8, 6]","[0, 1, 1, 0, 0, 0, 1, 1, 0, 1]",1
15,1,84,"[4, 3, 1, 5, 9, 2, 3, 1, 4, 3]","[1, 1, 0, 1, 1, 0, 0, 0, 0, 1]",1
15,1,85,"[4, 3, 3, 3, 3, 3, 3, 3, 3, 3]","[0, 1, 1, 0, 1, 0, 1, 0, 0, 0]",1
15,1,86,"[7, 7, 7, 6, 7, 7, 6, 7, 6, 5]","[1, 1, 0, 0, 0, 1, 1, 0, 0, 1]",1
15,1,87,"[4, 4, 3, 3, 3, 5, 3, 2, 1, 7]","[0, 0, 0, 0, 0, 0, 0, 1, 0, 1]",1
15,1,88,"[1, 3, 4, 1, 3, 4, 4, 2, 4, 5]","[0, 0, 0, 0, 1, 1, 0, 0, 0, 0]",1
15,1,89,"[5, 5, 4, 6, 4, 5, 5, 5, 5, 5]","[0, 0, 0, 1, 0, 0, 1, 1, 0, 0]",1
15,1,90,"[5, 6, 6, 6, 7, 6, 7, 6, 6, 6]","[1, 0, 0, 0, 0, 0, 1, 0, 0, 0]",1
15,1,91,"[6, 7, 1, 2, 2, 3, 8, 4, 3, 1]","[0, 0, 0, 0, 0, 0, 1, 0, 0, 0]",1
15,1,92,"[5, 3, 4, 8, 3, 5, 5, 4, 8, 7]","[0, 0, 0, 1, 0, 1, 0, 0, 1, 0]",1
15,1,93,"[4, 2, 2, 4, 2, 1, 2, 2, 3, 3]","[1, 0, 0, 0, 0, 0, 0, 0, 0, 0]",1
15,1,94,"[3, 4, 4, 3, 8, 4, 6, 4, 4, 7]","[0, 0, 0, 1, 1, 1, 1, 1, 0, 1]",1
15,1,95,"[3, 4, 5, 4, 3, 4, 5, 4, 5, 4]","[0, 0, 1, 0, 0, 0, 0, 0, 1, 1]",1
15,1,96,"[5, 2, 4, 5, 5, 2, 6, 5, 5, 4]","[1, 1, 1, 0, 0, 0, 1, 0, 0, 1]",1
15,1,97,"[2, 3, 2, 2, 2, 3, 1, 2, 3, 3]","[0, 0, 0, 0, 0, 1, 0, 0, 0, 0]",1
15,1,98,"[9, 7, 2, 1, 7, 7, 9, 6, 3, 3]","[1, 0, 0, 0, 0, 0, 0, 0, 0, 0]",1
15,1,99,"[4, 3, 2, 3, 3, 2, 2, 2, 3, 2]","[1, 0, 0, 0, 0, 0, 0, 0, 0, 0]",1
15,1,100,"[3, 2, 2, 2, 2, 7, 3, 2, 3, 2]","[0, 0, 0, 1, 1, 0, 0, 0, 0, 0]",1
15,1,101,"[3, 4, 1, 4, 3, 3, 3, 5, 4, 6]","[1, 0, 0, 0, 0, 0, 0, 0, 0, 1]",1
15,1,102,"[2, 3, 6, 5, 6, 5, 1, 2, 4, 5]","[0, 0, 1, 1, 0, 0, 0, 0, 0, 0]",1
15,1,103,"[3, 2, 2, 2, 2, 3, 2, 7, 1, 2]","[1, 0, 0, 0, 0, 1, 0, 1, 0, 0]",1
15,1,104,"[8, 7, 9, 8, 4, 2, 2, 8, 8, 4]","[1, 1, 1, 0, 1, 1, 0, 1, 1, 1]",1
15,1,105,"[5, 5, 5, 5, 5, 5, 5, 4, 5, 4]","[1, 0, 1, 1, 0, 1, 1, 1, 1, 0]",1
15,1,106,"[3, 4, 4, 3, 3, 3, 3, 3, 4, 3]","[0, 0, 0, 0, 0, 0, 0, 0, 0, 0]",1
15,1,107,"[3, 2, 3, 3, 3, 3, 3, 5, 3, 3]","[0, 0, 0, 0, 0, 0, 0, 1, 0, 0]",1
15,1,108,"[5, 3, 4, 4, 5, 4, 7, 5, 3, 7]","[0, 0, 0, 0, 0, 0, 0, 0, 0, 0]",1
15,1,109,"[4, 4, 4, 5, 5, 4, 8, 9, 4, 8]","[0, 0, 1, 1, 0, 0, 0, 0, 0, 0]",1
15,1,110,"[4, 2, 7, 4, 3, 1, 4, 4, 2, 3]","[0, 0, 0, 0, 0, 0, 0, 1, 0, 0]",1
15,1,111,"[6, 5, 4, 5, 4, 5, 6, 7, 5, 5]","[0, 0, 0, 0, 1, 0, 0, 1, 0, 1]",1
15,1,112,"[6, 5, 5, 5, 5, 4, 5, 5, 5, 5]","[0, 1, 1, 0, 0, 1, 1, 0, 0, 0]",1
15,1,113,"[3, 4, 5, 5, 6, 4, 4, 4, 4, 3]","[0, 0, 0, 0, 0, 0, 0, 1, 0, 0]",1
15,1,114,"[2, 4, 1, 4, 3, 4, 7, 4, 4, 4]","[0, 1, 0, 0, 0, 0, 0, 1, 0, 0]",1
15,1,115,"[6, 3, 3, 4, 7, 1, 3, 4, 5, 5]","[0, 0, 0, 0, 0, 0, 0, 0, 0, 0]",1
15,1,116,"[4, 5, 6, 4, 3, 6, 6, 5, 5, 6]","[1, 1, 1, 0, 0, 0, 0, 0, 0, 1]",1
15,1,117,"[3, 3, 3, 3, 3, 2, 3, 3, 3, 3]","[0, 0, 0, 0, 0, 0, 0, 0, 0, 0]",1
15,1,118,"[6, 4, 5, 4, 6, 6, 5, 6, 6, 5]","[1, 0, 0, 1, 0, 0, 1, 1, 1, 0]",1
15,1,119,"[5, 5, 7, 5, 5, 5, 5, 7, 6, 5]","[0, 0, 1, 0, 1, 0, 0, 0, 0, 1]",1
15,1,120,"[3, 5, 3, 5, 7, 7, 6, 4, 6, 5]","[0, 1, 0, 1, 0, 1, 1, 0, 1, 1]",1
15,1,121,"[3, 3, 3, 3, 3, 3, 3, 3, 3, 3]","[0, 0, 0, 0, 0, 0, 0, 0, 0, 0]",1
15,1,122,"[4, 5, 4, 4, 4, 4, 4, 4, 4, 4]","[0, 1, 0, 0, 0, 0, 0, 0, 1, 0]",1
15,1,123,"[4, 2, 2, 5, 3, 2, 5, 3, 3, 2]","[0, 0, 0, 0, 0, 0, 0, 1, 0, 0]",1
15,1,124,"[7, 5, 1, 7, 3, 2, 2, 3, 6, 5]","[1, 0, 0, 0, 0, 0, 0, 0, 0, 0]",1
15,1,125,"[3, 3, 2, 3, 3, 3, 3, 3, 3, 3]","[1, 0, 0, 0, 0, 0, 1, 0, 0, 0]",1
15,1,126,"[3, 3, 3, 4, 4, 4, 3, 4, 3, 3]","[1, 0, 0, 1, 0, 0, 0, 1, 0, 0]",1
15,1,127,"[3, 3, 3, 3, 3, 3, 4, 3, 4, 3]","[0, 0, 0, 0, 0, 1, 0, 1, 0, 0]",1
15,1,128,"[5, 4, 5, 7, 4, 6, 6, 7, 7, 8]","[1, 1, 0, 1, 1, 1, 0, 0, 1, 0]",1
15,1,129,"[4, 5, 3, 4, 3, 2, 3, 4, 2, 7]","[1, 1, 0, 1, 0, 1, 1, 1, 0, 1]",1
15,1,130,"[6, 5, 9, 9, 4, 5, 5, 5, 5, 9]","[0, 0, 0, 0, 0, 0, 0, 1, 0, 0]",1
15,1,131,"[1, 4, 1, 1, 6, 8, 7, 6, 6, 1]","[1, 0, 0, 1, 1, 1, 1, 1, 1, 0]",1
15,1,132,"[6, 3, 4, 3, 3, 4, 5, 6, 4, 3]","[0, 0, 0, 0, 0, 1, 1, 0, 0, 0]",1
15,1,133,"[6, 7, 2, 3, 7, 7, 7, 6, 7, 8]","[0, 1, 0, 0, 0, 1, 1, 1, 0, 1]",1
15,1,134,"[3, 4, 4, 4, 3, 4, 4, 6, 4, 4]","[0, 0, 0, 0, 0, 1, 0, 0, 1, 0]",1
15,1,135,"[5, 7, 6, 3, 4, 4, 4, 4, 4, 4]","[0, 0, 0, 0, 0, 0, 0, 0, 1, 1]",1
15,1,136,"[5, 4, 6, 4, 5, 7, 6, 4, 6, 5]","[0, 1, 1, 0, 1, 0, 0, 0, 0, 0]",1
15,1,137,"[2, 3, 3, 3, 3, 2, 4, 2, 3, 2]","[0, 0, 0, 0, 0, 0, 1, 0, 0, 0]",1
15,1,138,"[7, 6, 8, 7, 4, 7, 6, 7, 7, 7]","[1, 1, 0, 0, 0, 1, 0, 0, 1, 0]",1
15,1,139,"[3, 4, 9, 6, 5, 4, 5, 1, 5, 6]","[0, 0, 0, 1, 0, 0, 0, 0, 0, 0]",1
15,1,140,"[5, 4, 6, 5, 5, 5, 4, 5, 5, 7]","[0, 1, 0, 1, 1, 0, 0, 1, 1, 1]",1
15,1,141,"[2, 3, 3, 3, 4, 1, 5, 3, 5, 3]","[0, 0, 0, 0, 0, 0, 0, 0, 0, 0]",1
15,1,142,"[8, 8, 7, 3, 8, 2, 7, 2, 3, 1]","[0, 0, 0, 0, 1, 1, 0, 0, 0, 0]",1
15,1,143,"[4, 3, 2, 3, 3, 3, 3, 4, 3, 3]","[0, 0, 0, 0, 0, 0, 0, 0, 0, 0]",1
15,1,144,"[5, 4, 4, 5, 4, 6, 4, 4, 5, 4]","[1, 0, 0, 1, 0, 0, 1, 0, 0, 1]",1
15,1,145,"[7, 7, 5, 5, 5, 4, 6, 7, 4, 5]","[1, 1, 0, 0, 0, 1, 0, 0, 1, 0]",1
15,1,146,"[6, 2, 6, 6, 6, 7, 6, 5, 6, 6]","[0, 0, 0, 0, 0, 1, 1, 1, 0, 0]",1
15,1,147,"[5, 6, 5, 8, 9, 7, 3, 1, 4, 7]","[0, 1, 1, 1, 1, 1, 0, 0, 0, 0]",1
15,1,148,"[7, 5, 5, 5, 5, 5, 5, 5, 7, 4]","[1, 1, 1, 1, 1, 1, 0, 0, 1, 0]",1
15,1,149,"[4, 4, 3, 6, 5, 6, 4, 4, 5, 5]","[1, 0, 0, 0, 0, 0, 0, 0, 1, 1]",1
15,1,150,"[3, 3, 4, 4, 2, 2, 4, 3, 3, 3]","[0, 0, 0, 0, 0, 0, 0, 0, 0, 1]",1
15,1,151,"[3, 3, 3, 3, 3, 2, 4, 3, 2, 2]","[0, 0, 0, 0, 0, 0, 0, 0, 0, 0]",1
15,1,152,"[3, 3, 3, 2, 3, 4, 2, 4, 3, 4]","[0, 0, 0, 0, 0, 0, 0, 1, 0, 0]",1
15,1,153,"[2, 3, 3, 5, 3, 3, 2, 2, 5, 2]","[0, 0, 0, 1, 0, 0, 0, 0, 0, 0]",1
15,1,154,"[5, 3, 3, 1, 3, 3, 3, 3, 3, 5]","[0, 0, 0, 0, 0, 0, 0, 0, 0, 0]",1
15,1,155,"[4, 4, 4, 4, 4, 4, 6, 4, 4, 5]","[0, 1, 0, 0, 0, 0, 0, 0, 0, 0]",1
15,1,156,"[4, 4, 4, 3, 6, 4, 4, 4, 4, 6]","[0, 1, 1, 0, 0, 0, 0, 0, 0, 0]",1
15,1,157,"[5, 3, 3, 3, 5, 3, 4, 3, 5, 4]","[0, 0, 0, 0, 0, 0, 0, 0, 0, 1]",1
15,1,158,"[2, 5, 1, 2, 8, 5, 9, 2, 3, 8]","[0, 0, 0, 0, 1, 1, 0, 0, 0, 0]",1
15,1,159,"[6, 6, 5, 6, 6, 6, 6, 6, 6, 6]","[1, 1, 0, 1, 1, 1, 0, 1, 0, 0]",1
15,1,160,"[3, 7, 2, 7, 5, 8, 7, 1, 3, 4]","[0, 0, 0, 0, 0, 0, 0, 0, 0, 0]",1
15,1,161,"[5, 6, 9, 4, 6, 8, 5, 7, 5, 5]","[1, 1, 1, 1, 0, 1, 0, 0, 1, 0]",1
15,1,162,"[2, 2, 7, 7, 6, 5, 6, 4, 6, 2]","[0, 0, 0, 1, 0, 0, 0, 0, 0, 1]",1
15,1,163,"[6, 6, 4, 4, 4, 5, 5, 5, 6, 4]","[1, 0, 0, 0, 1, 1, 0, 0, 0, 0]",1
15,1,164,"[9, 9, 9, 9, 9, 9, 9, 9, 9, 9]","[0, 1, 0, 0, 0, 0, 0, 1, 0, 0]",1
15,1,165,"[3, 3, 4, 3, 3, 3, 3, 3, 4, 2]","[0, 0, 1, 1, 0, 0, 0, 1, 0, 1]",1
15,1,166,"[3, 4, 3, 4, 3, 5, 6, 4, 4, 4]","[0, 0, 0, 0, 0, 0, 1, 1, 0, 0]",1
15,1,167,"[8, 8, 8, 8, 7, 8, 8, 8, 7, 8]","[0, 1, 0, 0, 0, 0, 0, 0, 1, 1]",1
15,1,168,"[3, 5, 4, 6, 6, 7, 5, 3, 5, 6]","[0, 1, 0, 0, 0, 1, 0, 1, 0, 0]",1
15,1,169,"[2, 7, 7, 7, 6, 6, 5, 7, 6, 6]","[0, 1, 0, 0, 0, 0, 0, 0, 1, 0]",1
15,1,170,"[6, 7, 5, 2, 4, 5, 5, 3, 5, 5]","[1, 1, 0, 0, 0, 0, 1, 0, 0, 0]",1
15,1,171,"[5, 5, 6, 3, 7, 5, 8, 4, 7, 4]","[1, 0, 1, 1, 1, 1, 1, 0, 0, 1]",1
15,1,172,"[4, 4, 3, 5, 4, 4, 5, 5, 3, 6]","[0, 0, 0, 1, 1, 0, 1, 0, 1, 0]",1
15,1,173,"[5, 4, 5, 5, 4, 5, 5, 1, 4, 4]","[0, 0, 0, 0, 0, 1, 0, 0, 0, 0]",1
15,1,174,"[3, 5, 5, 6, 6, 5, 5, 5, 4, 7]","[0, 0, 0, 1, 0, 0, 0, 1, 1, 1]",1
15,1,175,"[3, 9, 2, 4, 3, 2, 2, 1, 2, 2]","[0, 1, 0, 0, 1, 0, 0, 0, 0, 0]",1
15,1,176,"[4, 6, 4, 4, 3, 2, 4, 4, 3, 4]","[0, 1, 0, 0, 0, 0, 0, 0, 0, 0]",1
15,1,177,"[3, 4, 5, 5, 4, 5, 6, 5, 5, 4]","[0, 0, 1, 0, 0, 0, 0, 0, 0, 0]",1
15,1,178,"[3, 8, 4, 5, 8, 6, 3, 5, 5, 3]","[1, 1, 0, 0, 0, 1, 1, 1, 0, 0]",1
15,1,179,"[2, 6, 3, 6, 3, 4, 3, 5, 2, 1]","[0, 0, 0, 1, 0, 0, 0, 0, 0, 0]",1
15,1,180,"[2, 3, 3, 3, 3, 3, 4, 3, 3, 3]","[0, 0, 0, 1, 0, 0, 0, 0, 0, 0]",1
15,1,181,"[5, 6, 6, 3, 6, 3, 6, 3, 6, 3]","[1, 0, 1, 0, 0, 0, 0, 0, 0, 0]",1
15,1,182,"[3, 3, 2, 1, 2, 4, 2, 2, 2, 2]","[0, 0, 0, 0, 0, 0, 0, 0, 0, 0]",1
15,1,183,"[8, 4, 7, 5, 4, 3, 3, 4, 4, 3]","[0, 1, 0, 0, 0, 0, 0, 1, 0, 0]",1
15,1,184,"[3, 4, 4, 3, 4, 4, 4, 2, 4, 3]","[1, 0, 0, 0, 0, 0, 0, 0, 0, 0]",1
15,1,185,"[8, 8, 8, 4, 3, 8, 4, 8, 4, 1]","[0, 1, 0, 0, 0, 1, 0, 0, 1, 0]",1
15,1,186,"[4, 2, 4, 2, 6, 1, 4, 2, 6, 7]","[0, 0, 0, 0, 0, 0, 1, 0, 0, 1]",1
15,1,187,"[4, 6, 6, 5, 5, 4, 1, 4, 6, 6]","[0, 0, 0, 0, 1, 0, 0, 0, 0, 0]",1
15,1,188,"[4, 5, 4, 4, 4, 4, 4, 4, 5, 5]","[1, 0, 0, 0, 0, 1, 1, 0, 0, 0]",1
15,1,189,"[3, 3, 3, 2, 3, 3, 3, 2, 3, 3]","[0, 0, 0, 1, 1, 0, 0, 0, 0, 0]",1
15,1,190,"[5, 2, 4, 2, 3, 6, 7, 4, 4, 4]","[0, 0, 0, 0, 1, 0, 1, 0, 0, 0]",1
15,1,191,"[3, 3, 5, 3, 2, 4, 4, 3, 3, 8]","[0, 1, 0, 0, 1, 0, 1, 0, 0, 1]",1
15,1,192,"[5, 4, 4, 4, 4, 4, 4, 3, 4, 4]","[1, 0, 0, 0, 0, 1, 0, 0, 0, 0]",1
15,1,193,"[4, 2, 3, 2, 7, 2, 2, 1, 2, 2]","[0, 0, 1, 1, 1, 0, 1, 0, 0, 0]",1
15,1,194,"[3, 8, 2, 3, 4, 4, 4, 5, 5, 3]","[0, 0, 1, 0, 0, 0, 0, 0, 0, 0]",1
15,1,195,"[1, 1, 1, 2, 1, 1, 2, 2, 1, 1]","[0, 0, 1, 0, 0, 0, 0, 0, 0, 1]",1
15,1,196,"[3, 3, 3, 4, 3, 3, 3, 3, 3, 4]","[0, 0, 0, 0, 0, 0, 0, 0, 0, 0]",1
15,1,197,"[8, 3, 7, 7, 7, 6, 7, 7, 7, 7]","[1, 0, 1, 1, 0, 1, 1, 0, 1, 0]",1
15,1,198,"[2, 4, 6, 5, 3, 3, 3, 3, 4, 3]","[1, 0, 0, 1, 0, 0, 0, 0, 0, 0]",1
15,1,199,"[2, 2, 2, 2, 2, 2, 2, 2, 2, 2]","[0, 0, 0, 0, 0, 0, 0, 0, 0, 0]",1
15,1,200,"[8, 1, 3, 2, 1, 2, 4, 1, 2, 5]","[0, 0, 0, 0, 0, 0, 0, 0, 0, 0]",1
15,1,201,"[8, 3, 5, 8, 5, 4, 7, 3, 5, 4]","[1, 0, 0, 1, 0, 0, 0, 0, 0, 0]",1
15,1,202,"[5, 5, 5, 4, 5, 4, 5, 3, 5, 4]","[1, 0, 1, 1, 1, 1, 0, 1, 0, 1]",1
15,1,203,"[3, 1, 3, 3, 2, 3, 3, 3, 3, 3]","[1, 0, 1, 0, 0, 1, 1, 0, 0, 0]",1
15,1,204,"[2, 2, 2, 2, 2, 1, 2, 2, 2, 2]","[0, 0, 0, 0, 0, 0, 0, 0, 0, 0]",1
15,1,205,"[9, 8, 8, 8, 8, 9, 8, 8, 8, 8]","[1, 1, 1, 1, 1, 1, 1, 1, 1, 1]",1
15,1,206,"[3, 1, 5, 7, 3, 2, 2, 5, 2, 4]","[1, 0, 0, 0, 0, 0, 0, 0, 0, 0]",1
15,1,207,"[4, 3, 3, 3, 5, 3, 3, 4, 3, 3]","[0, 0, 0, 0, 1, 0, 0, 0, 0, 0]",1
15,1,208,"[4, 1, 5, 5, 8, 6, 5, 5, 6, 5]","[0, 1, 1, 1, 0, 1, 1, 0, 0, 0]",1
15,1,209,"[2, 6, 2, 2, 2, 2, 3, 2, 6, 2]","[0, 1, 0, 0, 0, 0, 0, 0, 0, 0]",1
16,0,0,"[5, 3, 1, 2, 2, 7, 7, 9, 3, 3]","[0, 0, 0, 0, 0, 0, 0, 1, 0, 0]",1
16,0,1,"[8, 6, 6, 5, 7, 7, 6, 7, 1, 6]","[0, 0, 0, 0, 0, 0, 0, 0, 0, 0]",1
16,0,2,"[8, 8, 9, 8, 9, 9, 5, 8, 5, 6]","[1, 1, 0, 0, 0, 0, 0, 1, 1, 1]",1
16,0,3,"[6, 5, 8, 3, 6, 7, 6, 5, 7, 6]","[0, 0, 0, 0, 1, 0, 0, 0, 0, 0]",1
16,0,4,"[3, 3, 4, 4, 3, 6, 6, 6, 3, 6]","[0, 1, 0, 0, 0, 0, 0, 0, 0, 0]",1
16,0,5,"[7, 6, 6, 5, 5, 6, 7, 5, 7, 5]","[0, 0, 0, 0, 1, 0, 0, 0, 0, 0]",1
16,0,6,"[5, 6, 7, 4, 5, 5, 3, 4, 4, 4]","[0, 0, 0, 1, 0, 0, 0, 0, 0, 0]",1
16,0,7,"[6, 5, 7, 8, 6, 7, 7, 6, 7, 7]","[0, 0, 0, 0, 0, 1, 0, 0, 0, 0]",1
16,0,8,"[5, 4, 4, 4, 4, 4, 4, 4, 4, 4]","[0, 0, 0, 0, 0, 0, 0, 0, 0, 0]",1
16,0,9,"[5, 2, 5, 5, 3, 4, 6, 5, 4, 5]","[1, 0, 0, 0, 0, 0, 0, 0, 0, 0]",1
16,0,10,"[6, 5, 4, 5, 5, 6, 3, 5, 8, 5]","[0, 0, 0, 0, 0, 0, 1, 0, 0, 0]",1
16,0,11,"[4, 4, 3, 3, 4, 5, 4, 5, 3, 5]","[0, 0, 0, 0, 0, 0, 0, 0, 0, 0]",1
16,0,12,"[7, 7, 6, 7, 7, 8, 7, 7, 8, 8]","[0, 0, 0, 0, 1, 0, 1, 0, 0, 0]",1
16,0,13,"[4, 4, 3, 1, 5, 2, 2, 3, 3, 3]","[1, 0, 0, 0, 1, 1, 0, 0, 0, 0]",1
16,0,14,"[7, 6, 7, 7, 8, 9, 5, 7, 7, 7]","[1, 0, 0, 0, 0, 0, 0, 0, 1, 1]",1
16,0,15,"[4, 4, 5, 5, 4, 4, 3, 4, 5, 4]","[0, 0, 0, 1, 0, 0, 0, 0, 0, 0]",1
16,0,16,"[9, 9, 7, 4, 4, 9, 4, 3, 6, 4]","[0, 0, 0, 0, 0, 0, 0, 0, 1, 0]",1
16,0,17,"[6, 7, 7, 7, 8, 5, 7, 5, 6, 7]","[0, 0, 0, 0, 0, 0, 0, 0, 1, 1]",1
16,0,18,"[6, 6, 6, 7, 6, 6, 4, 8, 6, 6]","[0, 0, 0, 1, 1, 1, 0, 0, 1, 0]",1
16,0,19,"[3, 1, 5, 3, 3, 3, 2, 6, 3, 4]","[0, 0, 0, 0, 0, 0, 0, 1, 0, 0]",1
16,0,20,"[5, 6, 5, 5, 5, 2, 5, 4, 4, 7]","[0, 0, 0, 0, 0, 0, 0, 0, 0, 1]",1
16,0,21,"[9, 1, 7, 9, 7, 9, 9, 9, 9, 9]","[0, 0, 0, 1, 0, 0, 1, 0, 1, 0]",1
16,0,22,"[4, 6, 4, 4, 3, 4, 3, 4, 4, 4]","[0, 0, 1, 0, 0, 0, 0, 0, 1, 0]",1
16,0,23,"[5, 4, 3, 5, 6, 4, 4, 5, 4, 4]","[0, 0, 0, 0, 1, 0, 0, 1, 0, 0]",1
16,0,24,"[6, 3, 4, 6, 3, 5, 2, 6, 3, 3]","[1, 0, 0, 0, 0, 1, 1, 0, 0, 0]",1
16,0,25,"[6, 6, 6, 6, 6, 6, 6, 7, 5, 6]","[0, 0, 1, 1, 0, 0, 0, 0, 0, 1]",1
16,0,26,"[9, 9, 8, 9, 9, 9, 9, 9, 9, 9]","[0, 1, 1, 0, 0, 0, 0, 1, 0, 0]",1
16,0,27,"[7, 6, 7, 8, 7, 7, 7, 7, 7, 7]","[1, 1, 1, 0, 0, 0, 0, 0, 0, 0]",1
16,0,28,"[4, 5, 5, 5, 5, 5, 5, 5, 7, 3]","[0, 1, 0, 0, 0, 0, 0, 0, 0, 0]",1
16,0,29,"[9, 9, 9, 9, 9, 9, 9, 9, 9, 9]","[0, 1, 0, 0, 0, 0, 1, 1, 1, 0]",1
16,0,30,"[4, 3, 5, 5, 4, 4, 4, 4, 4, 4]","[0, 0, 0, 0, 0, 0, 0, 0, 0, 0]",1
16,0,31,"[6, 5, 5, 6, 7, 6, 5, 6, 7, 4]","[1, 0, 0, 0, 0, 1, 0, 0, 0, 0]",1
16,0,32,"[6, 6, 5, 4, 6, 6, 8, 5, 6, 6]","[0, 0, 0, 0, 0, 0, 1, 1, 0, 1]",1
16,0,33,"[3, 2, 3, 3, 5, 3, 4, 3, 3, 3]","[0, 0, 0, 0, 0, 0, 0, 0, 0, 0]",1
16,0,34,"[7, 7, 6, 8, 6, 6, 7, 7, 7, 5]","[0, 1, 1, 0, 1, 1, 0, 0, 0, 0]",1
16,0,35,"[6, 4, 7, 4, 5, 5, 5, 5, 4, 3]","[1, 0, 0, 0, 0, 0, 0, 0, 0, 1]",1
16,0,36,"[8, 9, 9, 5, 9, 8, 9, 8, 9, 9]","[0, 0, 0, 0, 0, 0, 0, 1, 0, 0]",1
16,0,37,"[5, 6, 6, 6, 5, 5, 5, 2, 8, 6]","[1, 0, 1, 0, 0, 0, 0, 0, 0, 0]",1
16,0,38,"[5, 5, 3, 6, 6, 5, 4, 5, 5, 6]","[0, 0, 0, 0, 0, 0, 0, 0, 0, 1]",1
16,0,39,"[2, 3, 1, 1, 1, 1, 5, 3, 1, 1]","[0, 0, 0, 0, 1, 0, 0, 1, 1, 0]",1
16,0,40,"[3, 3, 3, 3, 2, 3, 8, 4, 3, 3]","[1, 0, 0, 0, 0, 0, 1, 0, 0, 0]",1
16,0,41,"[4, 1, 7, 3, 7, 5, 4, 3, 4, 5]","[1, 0, 1, 0, 0, 0, 1, 0, 0, 0]",1
16,0,42,"[4, 2, 4, 4, 2, 3, 3, 3, 3, 3]","[0, 0, 0, 0, 0, 0, 0, 0, 0, 0]",1
16,0,43,"[6, 4, 9, 3, 6, 8, 6, 8, 7, 7]","[0, 0, 0, 0, 0, 0, 0, 0, 1, 0]",1
16,0,44,"[3, 4, 4, 6, 5, 5, 8, 3, 4, 4]","[0, 0, 0, 0, 0, 1, 1, 0, 0, 0]",1
16,0,45,"[4, 3, 5, 9, 4, 3, 7, 4, 3, 5]","[0, 0, 0, 0, 0, 0, 1, 0, 0, 0]",1
16,0,46,"[5, 3, 3, 3, 3, 3, 3, 3, 3, 4]","[0, 0, 0, 0, 0, 0, 0, 0, 0, 0]",1
16,0,47,"[6, 7, 6, 6, 6, 6, 7, 7, 6, 9]","[0, 0, 0, 1, 0, 0, 1, 1, 0, 1]",1
16,0,48,"[5, 5, 5, 4, 5, 5, 5, 5, 5, 5]","[0, 0, 0, 0, 0, 0, 0, 0, 0, 0]",1
16,0,49,"[4, 5, 4, 5, 5, 4, 5, 4, 3, 4]","[0, 0, 0, 0, 0, 0, 0, 0, 0, 0]",1
16,0,50,"[8, 7, 8, 8, 8, 7, 7, 7, 8, 7]","[0, 0, 0, 1, 1, 0, 0, 0, 0, 0]",1
16,0,51,"[6, 7, 6, 6, 6, 6, 6, 6, 3, 5]","[0, 0, 1, 1, 1, 0, 0, 0, 0, 1]",1
16,0,52,"[3, 1, 1, 3, 4, 5, 4, 4, 3, 3]","[1, 0, 0, 0, 0, 0, 0, 0, 0, 1]",1
16,0,53,"[4, 5, 4, 4, 4, 4, 4, 3, 4, 4]","[0, 0, 1, 0, 0, 0, 0, 0, 0, 0]",1
16,0,54,"[3, 9, 4, 6, 1, 3, 4, 4, 8, 8]","[0, 0, 0, 1, 0, 0, 0, 0, 1, 0]",1
16,0,55,"[5, 6, 6, 6, 6, 6, 6, 6, 6, 5]","[0, 0, 0, 1, 0, 0, 0, 0, 0, 0]",1
16,0,56,"[1, 1, 1, 2, 5, 1, 1, 4, 6, 1]","[0, 0, 0, 0, 1, 0, 0, 1, 1, 0]",1
16,0,57,"[3, 4, 4, 3, 5, 7, 4, 6, 4, 4]","[0, 0, 0, 0, 0, 0, 0, 0, 1, 0]",1
16,0,58,"[2, 6, 5, 2, 4, 6, 5, 6, 6, 7]","[0, 0, 0, 0, 0, 0, 1, 0, 0, 0]",1
16,0,59,"[4, 5, 5, 4, 4, 4, 4, 5, 4, 3]","[0, 0, 0, 0, 0, 0, 0, 0, 0, 0]",1
16,0,60,"[3, 1, 4, 5, 2, 4, 8, 4, 4, 4]","[0, 0, 0, 0, 0, 0, 0, 0, 0, 0]",1
16,0,61,"[8, 5, 4, 2, 5, 4, 4, 7, 4, 3]","[0, 0, 0, 0, 1, 0, 0, 1, 0, 1]",1
16,0,62,"[8, 9, 9, 9, 9, 9, 9, 8, 9, 9]","[0, 0, 0, 0, 0, 0, 0, 0, 1, 0]",1
16,0,63,"[6, 6, 6, 5, 6, 6, 5, 6, 7, 6]","[0, 1, 1, 0, 0, 0, 0, 0, 1, 0]",1
16,0,64,"[7, 6, 7, 8, 7, 7, 7, 8, 7, 7]","[0, 1, 0, 0, 0, 0, 0, 0, 0, 0]",1
16,0,65,"[3, 2, 5, 6, 3, 3, 4, 3, 3, 2]","[0, 0, 0, 0, 0, 0, 0, 0, 0, 0]",1
16,0,66,"[6, 4, 5, 7, 4, 6, 7, 5, 5, 5]","[0, 0, 0, 0, 0, 1, 1, 0, 0, 0]",1
16,0,67,"[6, 5, 5, 4, 8, 4, 2, 5, 6, 5]","[0, 0, 0, 0, 0, 0, 0, 0, 0, 0]",1
16,0,68,"[4, 6, 7, 5, 2, 8, 8, 7, 6, 7]","[0, 0, 0, 0, 0, 0, 0, 0, 0, 0]",1
16,0,69,"[5, 4, 4, 4, 4, 3, 5, 1, 7, 2]","[0, 0, 0, 1, 0, 0, 0, 0, 0, 0]",1
16,0,70,"[5, 6, 6, 5, 5, 6, 6, 6, 6, 6]","[0, 0, 0, 1, 0, 0, 1, 0, 0, 1]",1
16,0,71,"[5, 5, 4, 2, 5, 5, 6, 5, 5, 3]","[0, 0, 0, 0, 0, 0, 0, 0, 0, 0]",1
16,0,72,"[5, 3, 4, 1, 5, 4, 1, 4, 4, 4]","[0, 0, 1, 0, 0, 0, 0, 0, 0, 0]",1
16,0,73,"[7, 7, 7, 4, 5, 3, 7, 6, 5, 5]","[1, 1, 0, 0, 1, 1, 1, 0, 0, 0]",1
16,0,74,"[4, 3, 4, 4, 3, 5, 4, 2, 3, 4]","[0, 0, 0, 0, 0, 0, 0, 0, 0, 0]",1
16,0,75,"[4, 4, 4, 2, 4, 1, 4, 8, 4, 4]","[0, 1, 1, 0, 1, 0, 0, 1, 0, 1]",1
16,0,76,"[4, 5, 9, 4, 5, 5, 5, 6, 5, 3]","[0, 0, 1, 0, 0, 0, 0, 0, 0, 0]",1
16,0,77,"[7, 6, 7, 6, 5, 8, 5, 6, 8, 6]","[0, 0, 1, 0, 0, 0, 0, 0, 1, 0]",1
16,0,78,"[2, 6, 3, 7, 7, 6, 7, 6, 7, 8]","[1, 0, 1, 0, 0, 0, 1, 1, 0, 0]",1
16,0,79,"[5, 5, 4, 4, 5, 4, 2, 7, 4, 3]","[0, 0, 0, 0, 0, 0, 0, 0, 1, 0]",1
16,0,80,"[8, 9, 6, 7, 8, 7, 9, 6, 9, 9]","[1, 0, 0, 1, 0, 0, 1, 0, 0, 0]",1
16,0,81,"[7, 4, 8, 4, 4, 3, 5, 2, 5, 6]","[1, 0, 0, 0, 0, 0, 0, 0, 0, 0]",1
16,0,82,"[5, 6, 4, 5, 5, 4, 3, 5, 4, 3]","[0, 0, 0, 0, 0, 1, 1, 0, 0, 0]",1
16,0,83,"[6, 2, 8, 5, 5, 8, 7, 8, 7, 7]","[0, 0, 0, 0, 0, 0, 0, 0, 0, 1]",1
16,0,84,"[5, 2, 3, 6, 2, 5, 2, 4, 3, 3]","[0, 0, 0, 0, 0, 0, 0, 0, 0, 0]",1
16,0,85,"[7, 6, 9, 7, 9, 7, 7, 7, 7, 7]","[0, 0, 0, 0, 1, 0, 0, 0, 0, 0]",1
16,0,86,"[8, 9, 9, 9, 9, 8, 9, 9, 8, 8]","[0, 0, 0, 1, 0, 0, 0, 0, 0, 1]",1
16,0,87,"[5, 4, 5, 7, 5, 8, 1, 4, 2, 3]","[0, 0, 1, 0, 0, 1, 1, 0, 0, 0]",1
16,0,88,"[5, 5, 6, 4, 4, 5, 5, 7, 5, 5]","[0, 0, 0, 1, 0, 0, 0, 0, 0, 1]",1
16,0,89,"[7, 7, 5, 7, 6, 7, 7, 7, 7, 6]","[0, 0, 0, 0, 0, 0, 0, 0, 0, 0]",1
16,0,90,"[9, 9, 9, 9, 9, 9, 9, 9, 9, 9]","[1, 0, 0, 1, 1, 0, 0, 1, 0, 0]",1
16,0,91,"[4, 4, 3, 6, 9, 2, 6, 6, 4, 4]","[0, 0, 0, 0, 0, 0, 1, 1, 0, 0]",1
16,0,92,"[7, 3, 6, 7, 7, 4, 3, 5, 5, 3]","[1, 0, 0, 0, 0, 0, 0, 0, 0, 0]",1
16,0,93,"[1, 2, 2, 2, 1, 2, 3, 2, 3, 1]","[0, 0, 0, 0, 1, 0, 0, 1, 0, 0]",1
16,0,94,"[5, 5, 6, 5, 5, 5, 7, 4, 7, 5]","[0, 0, 0, 0, 0, 0, 1, 0, 1, 0]",1
16,0,95,"[2, 2, 2, 2, 3, 2, 2, 2, 3, 2]","[0, 0, 0, 0, 0, 0, 0, 0, 0, 0]",1
16,0,96,"[4, 5, 4, 5, 4, 5, 5, 6, 5, 5]","[0, 0, 0, 0, 0, 0, 1, 0, 0, 0]",1
16,0,97,"[6, 3, 6, 4, 6, 5, 5, 4, 5, 4]","[0, 0, 0, 0, 0, 1, 0, 1, 0, 0]",1
16,0,98,"[9, 9, 9, 9, 9, 9, 9, 9, 9, 9]","[0, 0, 1, 1, 0, 0, 1, 0, 0, 1]",1
16,0,99,"[3, 5, 2, 4, 1, 2, 1, 1, 9, 3]","[0, 0, 0, 0, 1, 0, 0, 0, 1, 1]",1
16,0,100,"[3, 3, 5, 3, 4, 3, 4, 3, 1, 2]","[0, 0, 0, 0, 0, 1, 0, 0, 0, 0]",1
16,0,101,"[8, 8, 8, 8, 4, 8, 8, 7, 8, 3]","[0, 0, 0, 0, 0, 0, 0, 1, 1, 0]",1
16,0,102,"[8, 3, 1, 5, 5, 7, 6, 1, 8, 7]","[0, 0, 0, 0, 0, 0, 1, 0, 1, 0]",1
16,0,103,"[9, 8, 7, 7, 7, 7, 7, 8, 7, 9]","[1, 1, 0, 0, 0, 0, 0, 0, 0, 1]",1
16,0,104,"[8, 9, 9, 9, 9, 9, 9, 9, 9, 9]","[1, 0, 1, 0, 0, 0, 0, 0, 1, 1]",1
16,0,105,"[5, 7, 7, 5, 4, 7, 6, 6, 6, 9]","[0, 0, 0, 0, 0, 0, 1, 0, 1, 0]",1
16,0,106,"[8, 6, 6, 6, 7, 6, 6, 6, 6, 6]","[1, 0, 0, 0, 0, 0, 0, 0, 0, 0]",1
16,0,107,"[5, 7, 6, 5, 5, 5, 4, 6, 6, 5]","[0, 0, 0, 0, 0, 1, 0, 0, 0, 0]",1
16,0,108,"[6, 8, 9, 9, 4, 6, 6, 8, 5, 6]","[0, 0, 0, 0, 0, 1, 0, 1, 1, 0]",1
16,0,109,"[6, 3, 3, 5, 2, 5, 6, 4, 6, 7]","[0, 0, 0, 0, 0, 1, 1, 0, 0, 0]",1
16,0,110,"[8, 7, 8, 9, 9, 9, 9, 7, 8, 5]","[0, 0, 0, 0, 1, 0, 0, 0, 1, 1]",1
16,0,111,"[7, 7, 7, 6, 7, 7, 6, 7, 7, 5]","[0, 1, 0, 0, 0, 0, 0, 0, 0, 0]",1
16,0,112,"[7, 4, 4, 4, 4, 4, 4, 5, 4, 4]","[0, 0, 0, 1, 0, 0, 0, 0, 0, 0]",1
16,0,113,"[5, 6, 4, 4, 7, 3, 3, 5, 4, 4]","[0, 0, 0, 0, 0, 0, 0, 0, 1, 0]",1
16,0,114,"[3, 5, 3, 3, 4, 3, 3, 3, 3, 4]","[0, 1, 0, 0, 0, 0, 0, 0, 1, 0]",1
16,0,115,"[5, 9, 9, 9, 9, 8, 9, 5, 8, 9]","[0, 1, 0, 0, 1, 1, 1, 0, 1, 1]",1
16,0,116,"[9, 9, 9, 9, 9, 9, 9, 9, 9, 9]","[0, 0, 1, 0, 0, 0, 0, 1, 1, 0]",1
16,0,117,"[5, 5, 5, 5, 6, 4, 5, 5, 5, 5]","[0, 0, 0, 0, 1, 0, 1, 0, 0, 0]",1
16,0,118,"[5, 7, 8, 7, 7, 8, 7, 7, 8, 8]","[0, 1, 0, 0, 0, 1, 1, 1, 1, 1]",1
16,0,119,"[6, 6, 5, 5, 5, 7, 5, 6, 7, 6]","[1, 0, 0, 0, 0, 1, 0, 0, 0, 1]",1
16,0,120,"[6, 4, 6, 6, 6, 7, 7, 5, 7, 5]","[0, 0, 0, 0, 1, 1, 1, 0, 0, 0]",1
16,0,121,"[5, 5, 5, 4, 5, 5, 5, 5, 7, 5]","[0, 1, 0, 0, 0, 0, 0, 0, 0, 1]",1
16,0,122,"[5, 5, 5, 5, 5, 5, 6, 5, 5, 5]","[0, 1, 0, 0, 1, 0, 0, 0, 0, 0]",1
16,0,123,"[7, 6, 5, 5, 6, 6, 4, 5, 7, 6]","[0, 0, 0, 0, 0, 0, 0, 1, 0, 0]",1
16,0,124,"[9, 5, 9, 9, 9, 9, 9, 9, 4, 9]","[1, 0, 0, 0, 0, 0, 1, 0, 0, 1]",1
16,0,125,"[5, 4, 5, 5, 5, 5, 6, 5, 5, 5]","[0, 0, 0, 0, 0, 0, 0, 0, 0, 0]",1
16,0,126,"[4, 6, 4, 5, 4, 5, 3, 4, 5, 4]","[0, 0, 1, 0, 0, 0, 1, 0, 0, 0]",1
16,0,127,"[5, 5, 6, 5, 5, 5, 5, 6, 5, 5]","[0, 0, 0, 0, 0, 0, 0, 1, 1, 1]",1
16,0,128,"[6, 7, 7, 8, 7, 8, 7, 7, 6, 8]","[0, 0, 0, 1, 0, 1, 0, 0, 0, 0]",1
16,0,129,"[7, 6, 6, 5, 8, 6, 7, 8, 8, 6]","[0, 0, 0, 0, 1, 0, 0, 0, 1, 0]",1
16,0,130,"[8, 8, 6, 9, 7, 7, 7, 7, 7, 7]","[1, 0, 0, 1, 0, 1, 1, 1, 1, 1]",1
16,0,131,"[5, 8, 6, 7, 5, 6, 5, 8, 7, 7]","[1, 1, 1, 1, 0, 0, 0, 0, 0, 0]",1
16,0,132,"[5, 4, 3, 5, 6, 6, 5, 4, 4, 6]","[1, 0, 1, 0, 0, 1, 0, 0, 0, 0]",1
16,0,133,"[4, 7, 9, 9, 9, 8, 9, 8, 9, 9]","[0, 0, 0, 0, 1, 0, 0, 0, 0, 0]",1
16,0,134,"[7, 4, 7, 7, 7, 8, 7, 7, 7, 6]","[0, 1, 1, 0, 0, 0, 0, 0, 0, 0]",1
16,0,135,"[8, 6, 6, 6, 5, 7, 6, 7, 6, 8]","[1, 0, 1, 0, 1, 1, 1, 1, 1, 0]",1
16,0,136,"[7, 5, 8, 7, 7, 8, 8, 5, 7, 8]","[0, 1, 1, 0, 0, 1, 1, 0, 0, 1]",1
16,0,137,"[6, 5, 3, 4, 7, 2, 2, 2, 4, 4]","[1, 0, 0, 0, 0, 0, 0, 0, 0, 0]",1
16,0,138,"[4, 4, 4, 4, 1, 4, 3, 4, 4, 3]","[0, 0, 0, 0, 0, 0, 1, 0, 0, 0]",1
16,0,139,"[5, 4, 4, 5, 4, 4, 4, 4, 3, 5]","[0, 0, 0, 0, 0, 0, 0, 0, 0, 1]",1
16,0,140,"[9, 7, 8, 4, 7, 6, 5, 5, 8, 3]","[0, 0, 0, 0, 0, 0, 1, 0, 0, 0]",1
16,0,141,"[3, 3, 3, 5, 4, 2, 6, 4, 4, 4]","[0, 0, 0, 1, 1, 0, 1, 0, 0, 0]",1
16,0,142,"[5, 7, 4, 5, 6, 5, 6, 6, 5, 5]","[0, 0, 0, 0, 0, 0, 0, 0, 0, 0]",1
16,0,143,"[5, 5, 4, 3, 4, 3, 5, 4, 2, 4]","[0, 0, 0, 0, 0, 1, 0, 0, 0, 0]",1
16,0,144,"[8, 6, 8, 8, 7, 9, 7, 7, 7, 8]","[0, 0, 1, 0, 0, 0, 0, 0, 0, 0]",1
16,0,145,"[7, 6, 6, 6, 6, 6, 7, 5, 6, 7]","[0, 1, 0, 1, 1, 1, 1, 0, 0, 0]",1
16,0,146,"[7, 7, 7, 7, 5, 7, 7, 7, 6, 7]","[1, 1, 0, 1, 0, 0, 0, 1, 0, 0]",1
16,0,147,"[4, 8, 5, 5, 4, 5, 5, 6, 5, 5]","[0, 0, 0, 0, 0, 1, 0, 1, 0, 1]",1
16,0,148,"[5, 5, 9, 5, 4, 4, 4, 5, 5, 5]","[0, 0, 0, 0, 0, 0, 0, 0, 0, 0]",1
16,0,149,"[5, 5, 6, 5, 5, 8, 5, 7, 5, 4]","[0, 0, 0, 0, 0, 0, 0, 0, 1, 0]",1
16,0,150,"[4, 5, 5, 4, 4, 4, 3, 4, 3, 5]","[0, 0, 0, 0, 0, 0, 0, 0, 0, 0]",1
16,0,151,"[6, 3, 3, 4, 5, 7, 6, 5, 6, 6]","[0, 0, 0, 0, 0, 0, 0, 0, 0, 0]",1
16,0,152,"[4, 5, 5, 4, 5, 5, 5, 5, 5, 5]","[0, 0, 0, 0, 0, 0, 1, 1, 0, 1]",1
16,0,153,"[6, 6, 6, 6, 6, 8, 6, 7, 6, 3]","[0, 0, 0, 0, 1, 1, 1, 0, 1, 0]",1
16,0,154,"[8, 7, 9, 4, 8, 8, 7, 8, 9, 4]","[1, 0, 1, 1, 0, 1, 0, 1, 0, 1]",1
16,0,155,"[5, 4, 5, 6, 6, 9, 5, 6, 5, 5]","[0, 0, 0, 1, 0, 0, 0, 1, 0, 0]",1
16,0,156,"[2, 2, 2, 2, 3, 2, 5, 2, 5, 9]","[1, 0, 0, 0, 0, 0, 1, 0, 0, 1]",1
16,0,157,"[4, 6, 5, 5, 7, 6, 4, 5, 6, 5]","[0, 0, 0, 0, 0, 0, 0, 0, 0, 0]",1
16,0,158,"[7, 7, 7, 6, 7, 7, 7, 7, 7, 6]","[0, 0, 0, 0, 0, 1, 0, 0, 1, 0]",1
16,0,159,"[7, 7, 7, 7, 7, 6, 6, 7, 7, 6]","[1, 0, 0, 0, 0, 0, 0, 1, 0, 0]",1
16,0,160,"[6, 9, 7, 5, 5, 5, 5, 9, 6, 3]","[0, 0, 0, 0, 0, 1, 0, 0, 0, 0]",1
16,0,161,"[1, 5, 5, 4, 5, 6, 6, 5, 5, 4]","[0, 1, 0, 1, 1, 0, 1, 1, 1, 1]",1
16,0,162,"[8, 8, 8, 9, 4, 9, 9, 9, 8, 8]","[0, 0, 0, 1, 0, 0, 1, 1, 0, 0]",1
16,0,163,"[8, 5, 6, 5, 9, 8, 5, 7, 8, 5]","[0, 0, 0, 0, 0, 0, 1, 0, 0, 0]",1
16,0,164,"[9, 9, 9, 9, 9, 9, 9, 9, 9, 9]","[1, 0, 0, 1, 1, 1, 0, 1, 0, 1]",1
16,0,165,"[8, 6, 7, 7, 8, 7, 3, 7, 6, 7]","[1, 0, 0, 0, 0, 0, 1, 1, 0, 0]",1
16,0,166,"[6, 7, 7, 7, 9, 7, 7, 5, 5, 8]","[1, 0, 0, 1, 1, 0, 0, 0, 1, 0]",1
16,0,167,"[8, 8, 8, 3, 9, 7, 9, 8, 8, 8]","[0, 0, 1, 1, 1, 1, 0, 1, 0, 1]",1
16,0,168,"[2, 6, 7, 6, 8, 7, 3, 8, 5, 6]","[0, 0, 1, 0, 1, 1, 0, 1, 0, 0]",1
16,0,169,"[6, 7, 7, 3, 7, 6, 5, 6, 5, 6]","[0, 0, 0, 0, 0, 0, 0, 0, 0, 0]",1
16,0,170,"[9, 9, 9, 9, 9, 9, 9, 9, 9, 9]","[0, 0, 1, 0, 0, 0, 0, 1, 0, 0]",1
16,0,171,"[7, 7, 7, 2, 5, 6, 6, 7, 6, 6]","[1, 0, 1, 0, 0, 0, 1, 0, 0, 1]",1
16,0,172,"[4, 5, 6, 7, 9, 6, 5, 6, 6, 5]","[0, 0, 1, 0, 1, 0, 0, 0, 1, 0]",1
16,0,173,"[7, 7, 8, 4, 8, 5, 5, 7, 6, 7]","[1, 1, 1, 0, 1, 0, 0, 0, 0, 1]",1
16,0,174,"[5, 6, 6, 5, 4, 6, 4, 6, 9, 5]","[1, 0, 0, 0, 0, 0, 1, 0, 0, 1]",1
16,0,175,"[4, 4, 4, 4, 4, 4, 4, 5, 4, 4]","[0, 0, 0, 0, 0, 0, 1, 1, 0, 0]",1
16,0,176,"[5, 4, 3, 4, 4, 4, 4, 4, 4, 4]","[0, 0, 0, 0, 0, 0, 1, 0, 0, 0]",1
16,0,177,"[4, 8, 9, 9, 1, 9, 1, 9, 9, 8]","[0, 1, 0, 1, 1, 0, 0, 0, 0, 1]",1
16,0,178,"[7, 6, 7, 3, 8, 7, 7, 5, 6, 6]","[0, 1, 1, 0, 1, 0, 0, 1, 0, 0]",1
16,0,179,"[7, 8, 7, 8, 7, 7, 7, 6, 8, 3]","[0, 1, 0, 0, 1, 1, 1, 0, 1, 0]",1
16,0,180,"[5, 4, 5, 4, 4, 4, 4, 7, 4, 5]","[0, 0, 0, 0, 0, 1, 0, 0, 0, 1]",1
16,0,181,"[4, 4, 9, 5, 5, 4, 4, 4, 4, 4]","[0, 0, 0, 0, 1, 0, 0, 0, 0, 0]",1
16,0,182,"[9, 8, 6, 8, 9, 9, 9, 1, 8, 5]","[1, 1, 1, 0, 0, 1, 1, 1, 0, 0]",1
16,0,183,"[6, 4, 6, 5, 5, 9, 4, 6, 6, 5]","[0, 0, 1, 0, 0, 1, 0, 0, 1, 0]",1
16,0,184,"[5, 6, 5, 6, 6, 7, 6, 7, 4, 8]","[0, 0, 0, 0, 0, 0, 0, 0, 0, 0]",1
16,0,185,"[6, 7, 3, 5, 1, 4, 5, 8, 9, 2]","[0, 1, 0, 0, 0, 0, 0, 0, 0, 0]",1
16,0,186,"[8, 9, 7, 9, 9, 9, 4, 4, 2, 6]","[0, 0, 0, 1, 0, 1, 0, 0, 0, 1]",1
16,0,187,"[3, 5, 6, 7, 3, 4, 7, 5, 6, 4]","[0, 0, 0, 0, 0, 0, 1, 0, 0, 0]",1
16,0,188,"[9, 9, 9, 9, 9, 9, 9, 8, 9, 9]","[0, 1, 0, 1, 0, 0, 1, 1, 1, 1]",1
16,0,189,"[5, 5, 5, 5, 5, 5, 7, 5, 4, 7]","[0, 0, 1, 0, 0, 0, 0, 0, 1, 0]",1
16,0,190,"[5, 4, 4, 3, 5, 5, 3, 6, 6, 6]","[0, 0, 1, 1, 0, 0, 0, 0, 0, 0]",1
16,0,191,"[9, 5, 5, 6, 5, 5, 1, 5, 4, 4]","[1, 1, 0, 0, 0, 0, 0, 0, 1, 0]",1
16,0,192,"[9, 9, 9, 9, 8, 9, 8, 9, 9, 9]","[1, 0, 1, 0, 0, 1, 1, 1, 0, 0]",1
16,0,193,"[6, 6, 6, 2, 5, 6, 6, 6, 6, 6]","[1, 1, 0, 0, 1, 0, 0, 1, 0, 1]",1
16,0,194,"[8, 6, 8, 4, 7, 7, 6, 5, 4, 4]","[1, 0, 1, 0, 1, 0, 0, 1, 0, 0]",1
16,0,195,"[4, 5, 5, 7, 1, 2, 3, 1, 3, 4]","[0, 0, 0, 1, 0, 0, 1, 0, 0, 1]",1
16,0,196,"[3, 3, 3, 5, 2, 4, 5, 5, 4, 4]","[0, 1, 0, 0, 0, 0, 0, 0, 1, 0]",1
16,0,197,"[8, 7, 7, 8, 7, 7, 6, 7, 7, 6]","[0, 1, 1, 0, 1, 1, 0, 1, 0, 1]",1
16,0,198,"[3, 4, 5, 4, 2, 2, 2, 3, 3, 4]","[0, 0, 0, 0, 0, 0, 0, 1, 0, 0]",1
16,0,199,"[5, 6, 5, 5, 5, 6, 5, 5, 5, 5]","[0, 0, 0, 0, 1, 0, 0, 0, 0, 0]",1
16,0,200,"[5, 5, 6, 5, 5, 5, 5, 5, 4, 4]","[1, 0, 0, 0, 0, 0, 1, 0, 1, 0]",1
16,0,201,"[6, 8, 7, 9, 7, 9, 9, 5, 7, 8]","[0, 0, 0, 0, 0, 0, 1, 0, 0, 1]",1
16,0,202,"[5, 7, 7, 6, 5, 9, 4, 4, 6, 5]","[0, 0, 1, 0, 1, 0, 0, 0, 0, 0]",1
16,0,203,"[8, 8, 7, 9, 7, 3, 7, 7, 7, 4]","[0, 0, 0, 0, 1, 0, 0, 1, 0, 0]",1
16,0,204,"[8, 8, 8, 8, 5, 7, 8, 9, 7, 9]","[0, 1, 0, 0, 0, 0, 0, 1, 0, 1]",1
16,0,205,"[5, 9, 9, 9, 9, 9, 3, 9, 9, 9]","[0, 1, 0, 1, 1, 1, 1, 0, 1, 1]",1
16,0,206,"[8, 8, 3, 6, 8, 8, 8, 4, 8, 8]","[1, 0, 0, 0, 1, 0, 0, 0, 0, 0]",1
16,0,207,"[5, 4, 4, 4, 4, 4, 5, 3, 4, 4]","[0, 0, 0, 0, 0, 0, 0, 1, 0, 0]",1
16,0,208,"[8, 9, 9, 9, 9, 9, 9, 9, 9, 9]","[0, 0, 1, 0, 1, 1, 0, 0, 0, 1]",1
16,0,209,"[8, 6, 5, 6, 7, 5, 4, 6, 6, 5]","[0, 0, 0, 1, 0, 0, 0, 1, 0, 0]",1
16,1,0,"[7, 7, 7, 7, 7, 9, 6, 7, 7, 7]","[1, 0, 1, 0, 0, 1, 1, 1, 0, 0]",1
16,1,1,"[5, 5, 4, 5, 4, 3, 4, 5, 5, 4]","[1, 1, 0, 0, 0, 0, 0, 0, 0, 1]",1
16,1,2,"[3, 3, 2, 3, 5, 4, 3, 2, 2, 2]","[0, 1, 0, 1, 1, 0, 0, 1, 1, 0]",1
16,1,3,"[6, 5, 8, 6, 6, 6, 6, 4, 6, 9]","[0, 0, 1, 0, 1, 0, 0, 0, 0, 0]",1
16,1,4,"[4, 4, 3, 3, 3, 3, 2, 4, 3, 5]","[1, 1, 0, 0, 0, 1, 0, 0, 0, 0]",1
16,1,5,"[4, 3, 4, 2, 4, 4, 4, 4, 4, 4]","[0, 1, 0, 0, 0, 0, 1, 1, 0, 1]",1
16,1,6,"[3, 2, 2, 3, 3, 1, 4, 1, 3, 2]","[0, 0, 0, 0, 0, 0, 0, 0, 1, 0]",1
16,1,7,"[5, 6, 5, 5, 4, 4, 5, 5, 6, 4]","[0, 0, 0, 1, 0, 0, 0, 0, 0, 0]",1
16,1,8,"[4, 2, 3, 3, 3, 3, 3, 2, 3, 3]","[0, 0, 0, 0, 0, 0, 0, 0, 0, 0]",1
16,1,9,"[3, 2, 3, 4, 3, 4, 5, 3, 3, 1]","[0, 0, 0, 0, 0, 0, 0, 0, 1, 0]",1
16,1,10,"[5, 3, 5, 3, 5, 6, 3, 1, 3, 3]","[1, 0, 1, 0, 0, 0, 1, 0, 0, 0]",1
16,1,11,"[3, 4, 2, 4, 3, 3, 3, 6, 4, 8]","[0, 0, 0, 0, 0, 0, 1, 1, 1, 0]",1
16,1,12,"[4, 4, 4, 4, 4, 5, 4, 4, 4, 4]","[0, 0, 0, 0, 0, 0, 1, 0, 0, 0]",1
16,1,13,"[5, 4, 4, 5, 6, 4, 3, 3, 4, 5]","[1, 0, 0, 0, 0, 0, 0, 0, 0, 0]",1
16,1,14,"[4, 3, 2, 3, 2, 4, 4, 2, 2, 3]","[0, 1, 0, 0, 0, 0, 1, 0, 0, 0]",1
16,1,15,"[5, 5, 6, 5, 6, 5, 5, 5, 5, 4]","[1, 0, 1, 0, 0, 0, 1, 1, 1, 0]",1
16,1,16,"[3, 3, 7, 3, 4, 6, 9, 4, 9, 5]","[0, 0, 1, 0, 0, 0, 0, 0, 1, 0]",1
16,1,17,"[5, 5, 5, 5, 5, 6, 4, 6, 4, 5]","[0, 0, 0, 0, 1, 0, 0, 1, 0, 0]",1
16,1,18,"[4, 3, 4, 4, 3, 3, 2, 4, 2, 3]","[0, 0, 0, 1, 0, 0, 1, 0, 0, 0]",1
16,1,19,"[6, 2, 2, 4, 3, 2, 3, 2, 4, 3]","[0, 0, 0, 0, 0, 0, 0, 0, 0, 0]",1
16,1,20,"[5, 4, 4, 5, 5, 7, 6, 3, 3, 3]","[0, 1, 0, 0, 0, 0, 0, 0, 0, 0]",1
16,1,21,"[4, 4, 5, 6, 3, 5, 1, 4, 4, 4]","[0, 1, 0, 0, 0, 0, 0, 0, 0, 0]",1
16,1,22,"[3, 3, 8, 3, 2, 3, 3, 3, 3, 3]","[0, 0, 0, 0, 0, 0, 0, 1, 0, 0]",1
16,1,23,"[3, 3, 3, 4, 3, 4, 5, 1, 7, 4]","[0, 1, 1, 1, 0, 0, 1, 1, 0, 1]",1
16,1,24,"[4, 6, 6, 1, 2, 4, 4, 3, 5, 5]","[0, 0, 0, 0, 1, 1, 0, 0, 0, 0]",1
16,1,25,"[2, 2, 2, 2, 2, 2, 3, 2, 8, 2]","[0, 1, 1, 1, 0, 0, 1, 0, 0, 0]",1
16,1,26,"[2, 9, 1, 9, 7, 8, 5, 9, 9, 2]","[0, 0, 0, 0, 1, 0, 0, 1, 1, 0]",1
16,1,27,"[4, 4, 4, 4, 4, 5, 4, 4, 5, 5]","[1, 0, 0, 1, 1, 0, 1, 0, 1, 0]",1
16,1,28,"[2, 3, 3, 3, 3, 3, 3, 3, 3, 3]","[0, 0, 1, 0, 0, 0, 0, 0, 0, 0]",1
16,1,29,"[9, 5, 5, 7, 9, 9, 7, 9, 1, 9]","[1, 0, 1, 1, 1, 0, 0, 1, 0, 0]",1
16,1,30,"[6, 6, 7, 6, 3, 2, 6, 7, 5, 6]","[0, 0, 1, 1, 0, 0, 1, 1, 1, 0]",1
16,1,31,"[4, 4, 4, 4, 4, 4, 5, 5, 5, 3]","[1, 0, 0, 0, 1, 0, 0, 0, 1, 0]",1
16,1,32,"[6, 3, 4, 4, 4, 4, 3, 4, 4, 4]","[0, 0, 0, 1, 0, 1, 0, 0, 0, 1]",1
16,1,33,"[1, 3, 2, 2, 6, 2, 2, 1, 2, 1]","[0, 0, 0, 0, 0, 0, 0, 0, 0, 0]",1
16,1,34,"[2, 3, 4, 7, 3, 7, 3, 6, 5, 6]","[0, 1, 0, 1, 0, 0, 0, 0, 0, 1]",1
16,1,35,"[8, 2, 2, 3, 5, 2, 9, 2, 3, 2]","[0, 0, 0, 0, 1, 0, 0, 0, 1, 0]",1
16,1,36,"[6, 5, 5, 6, 6, 4, 7, 5, 5, 6]","[0, 0, 0, 0, 0, 0, 0, 0, 0, 0]",1
16,1,37,"[4, 3, 2, 4, 4, 6, 4, 2, 2, 5]","[0, 0, 1, 0, 1, 1, 0, 0, 0, 1]",1
16,1,38,"[4, 4, 4, 4, 3, 5, 3, 3, 4, 4]","[0, 0, 1, 0, 0, 0, 1, 0, 0, 0]",1
16,1,39,"[3, 1, 1, 1, 1, 1, 1, 3, 1, 2]","[0, 0, 1, 0, 0, 1, 0, 0, 1, 0]",1
16,1,40,"[2, 3, 1, 2, 2, 2, 2, 1, 2, 2]","[0, 0, 0, 0, 0, 0, 0, 0, 0, 0]",1
16,1,41,"[5, 2, 4, 4, 4, 4, 6, 4, 5, 4]","[0, 0, 0, 0, 0, 0, 0, 0, 0, 0]",1
16,1,42,"[3, 3, 2, 3, 3, 3, 1, 3, 1, 3]","[0, 0, 0, 0, 0, 0, 0, 0, 0, 0]",1
16,1,43,"[8, 1, 4, 2, 4, 3, 4, 3, 3, 3]","[0, 0, 0, 1, 0, 0, 0, 0, 0, 1]",1
16,1,44,"[3, 9, 4, 4, 5, 3, 3, 4, 4, 3]","[1, 0, 0, 0, 0, 0, 0, 0, 0, 0]",1
16,1,45,"[4, 5, 2, 3, 4, 4, 2, 7, 5, 2]","[0, 0, 0, 0, 0, 0, 0, 0, 1, 0]",1
16,1,46,"[3, 3, 3, 2, 3, 3, 3, 1, 3, 3]","[0, 0, 0, 0, 0, 0, 0, 0, 0, 0]",1
16,1,47,"[4, 4, 4, 4, 6, 4, 4, 4, 7, 4]","[0, 0, 1, 0, 0, 0, 1, 0, 0, 0]",1
16,1,48,"[3, 3, 2, 8, 3, 4, 9, 3, 3, 2]","[0, 0, 0, 0, 0, 0, 0, 1, 0, 0]",1
16,1,49,"[2, 7, 6, 5, 6, 7, 4, 3, 6, 4]","[0, 1, 0, 1, 0, 1, 1, 0, 1, 0]",1
16,1,50,"[4, 5, 4, 4, 7, 4, 7, 4, 3, 4]","[0, 0, 1, 0, 0, 0, 0, 1, 0, 0]",1
16,1,51,"[5, 5, 5, 5, 5, 4, 5, 4, 5, 5]","[0, 0, 0, 0, 0, 0, 0, 1, 1, 0]",1
16,1,52,"[3, 1, 3, 3, 1, 2, 2, 1, 3, 3]","[1, 0, 1, 1, 0, 0, 0, 1, 1, 1]",1
16,1,53,"[3, 3, 3, 3, 3, 2, 3, 2, 3, 3]","[0, 0, 0, 1, 0, 0, 0, 1, 0, 0]",1
16,1,54,"[3, 3, 9, 3, 6, 3, 5, 3, 3, 4]","[1, 0, 0, 0, 0, 0, 0, 0, 0, 0]",1
16,1,55,"[4, 5, 6, 4, 4, 4, 4, 4, 5, 4]","[0, 0, 1, 0, 0, 1, 0, 0, 0, 0]",1
16,1,56,"[3, 6, 4, 4, 6, 4, 4, 6, 5, 4]","[0, 0, 0, 0, 0, 0, 0, 0, 0, 0]",1
16,1,57,"[5, 2, 5, 5, 4, 4, 3, 4, 4, 3]","[1, 0, 0, 1, 0, 0, 1, 0, 0, 0]",1
16,1,58,"[6, 1, 3, 3, 2, 5, 3, 2, 5, 2]","[0, 0, 0, 0, 0, 0, 0, 0, 0, 0]",1
16,1,59,"[4, 5, 5, 1, 2, 3, 4, 2, 4, 4]","[0, 0, 0, 1, 0, 0, 0, 1, 0, 0]",1
16,1,60,"[2, 4, 3, 1, 3, 3, 4, 4, 2, 3]","[0, 1, 0, 0, 0, 1, 0, 0, 0, 0]",1
16,1,61,"[3, 4, 3, 4, 3, 4, 4, 4, 4, 4]","[0, 0, 0, 1, 0, 0, 1, 1, 0, 1]",1
16,1,62,"[9, 9, 9, 9, 9, 9, 7, 9, 9, 9]","[1, 0, 0, 1, 1, 1, 0, 1, 0, 0]",1
16,1,63,"[5, 5, 5, 8, 5, 4, 4, 5, 4, 4]","[0, 0, 1, 0, 0, 0, 0, 0, 0, 0]",1
16,1,64,"[6, 3, 2, 3, 3, 3, 3, 6, 3, 3]","[0, 0, 0, 0, 0, 0, 0, 0, 0, 0]",1
16,1,65,"[1, 3, 3, 6, 2, 4, 4, 8, 5, 4]","[0, 0, 0, 0, 0, 1, 0, 0, 0, 0]",1
16,1,66,"[4, 7, 4, 9, 2, 2, 6, 5, 5, 4]","[0, 1, 0, 1, 0, 0, 0, 0, 0, 0]",1
16,1,67,"[2, 3, 1, 1, 1, 8, 1, 4, 5, 2]","[0, 1, 0, 0, 1, 0, 0, 0, 1, 0]",1
16,1,68,"[3, 3, 4, 5, 5, 5, 4, 2, 5, 4]","[0, 0, 1, 1, 1, 0, 0, 0, 0, 0]",1
16,1,69,"[4, 5, 3, 3, 4, 5, 6, 6, 1, 4]","[0, 0, 0, 0, 0, 0, 0, 0, 0, 0]",1
16,1,70,"[4, 2, 5, 5, 5, 4, 5, 4, 4, 5]","[0, 0, 0, 0, 1, 0, 0, 1, 0, 0]",1
16,1,71,"[3, 3, 3, 3, 4, 3, 2, 4, 4, 3]","[0, 0, 0, 1, 0, 0, 0, 0, 0, 0]",1
16,1,72,"[5, 4, 4, 4, 3, 4, 4, 4, 4, 4]","[0, 1, 0, 1, 0, 0, 1, 0, 0, 0]",1
16,1,73,"[3, 1, 6, 1, 4, 7, 4, 5, 6, 5]","[0, 0, 1, 0, 0, 0, 1, 1, 0, 1]",1
16,1,74,"[3, 4, 3, 3, 5, 2, 3, 4, 2, 3]","[0, 0, 0, 0, 0, 1, 0, 1, 0, 1]",1
16,1,75,"[8, 7, 7, 6, 8, 8, 7, 5, 8, 7]","[0, 0, 0, 0, 0, 1, 0, 0, 1, 0]",1
16,1,76,"[3, 5, 3, 3, 3, 4, 3, 3, 4, 3]","[0, 0, 0, 0, 1, 0, 0, 0, 0, 0]",1
16,1,77,"[4, 4, 5, 4, 4, 5, 3, 5, 5, 4]","[0, 0, 1, 0, 0, 0, 0, 0, 0, 0]",1
16,1,78,"[2, 4, 3, 5, 4, 4, 4, 4, 7, 8]","[0, 1, 0, 0, 0, 0, 0, 1, 0, 0]",1
16,1,79,"[4, 4, 2, 4, 4, 3, 4, 3, 3, 4]","[0, 1, 0, 0, 0, 0, 0, 0, 0, 0]",1
16,1,80,"[7, 6, 7, 8, 7, 7, 7, 7, 6, 8]","[1, 0, 0, 1, 1, 0, 1, 0, 1, 1]",1
16,1,81,"[5, 5, 4, 5, 5, 5, 5, 5, 5, 5]","[0, 0, 0, 0, 0, 0, 1, 0, 0, 0]",1
16,1,82,"[2, 3, 4, 5, 4, 3, 3, 5, 4, 3]","[0, 0, 0, 0, 0, 0, 0, 0, 0, 0]",1
16,1,83,"[6, 2, 5, 6, 7, 6, 7, 5, 7, 6]","[0, 0, 0, 0, 1, 0, 1, 0, 0, 1]",1
16,1,84,"[2, 2, 4, 2, 3, 3, 5, 4, 3, 2]","[0, 0, 0, 1, 0, 1, 0, 0, 0, 0]",1
16,1,85,"[7, 7, 7, 6, 8, 4, 7, 9, 8, 7]","[0, 0, 1, 0, 0, 0, 1, 1, 1, 1]",1
16,1,86,"[6, 5, 6, 3, 6, 6, 6, 6, 6, 8]","[0, 1, 0, 0, 0, 0, 0, 0, 1, 0]",1
16,1,87,"[4, 6, 3, 5, 3, 4, 1, 3, 1, 5]","[0, 1, 1, 0, 0, 0, 0, 0, 1, 0]",1
16,1,88,"[3, 3, 3, 3, 3, 3, 3, 1, 3, 2]","[0, 0, 0, 0, 0, 0, 0, 0, 0, 1]",1
16,1,89,"[3, 3, 3, 4, 3, 3, 3, 3, 4, 3]","[1, 0, 0, 0, 0, 0, 1, 1, 0, 0]",1
16,1,90,"[6, 6, 6, 7, 3, 7, 6, 5, 6, 6]","[1, 0, 1, 0, 0, 1, 1, 0, 0, 1]",1
16,1,91,"[3, 2, 7, 4, 3, 3, 4, 8, 1, 4]","[0, 0, 0, 1, 0, 0, 0, 0, 0, 0]",1
16,1,92,"[3, 4, 2, 3, 3, 4, 3, 9, 8, 4]","[0, 1, 0, 1, 1, 0, 0, 1, 0, 0]",1
16,1,93,"[1, 1, 2, 2, 3, 2, 2, 1, 1, 4]","[0, 0, 1, 0, 0, 0, 0, 0, 1, 0]",1
16,1,94,"[2, 6, 4, 4, 3, 4, 6, 5, 4, 4]","[0, 1, 0, 0, 1, 0, 0, 1, 1, 0]",1
16,1,95,"[3, 4, 4, 4, 4, 4, 4, 6, 3, 5]","[0, 1, 1, 0, 0, 1, 0, 0, 0, 0]",1
16,1,96,"[3, 4, 3, 4, 4, 4, 5, 4, 4, 4]","[0, 0, 0, 1, 0, 0, 1, 0, 0, 0]",1
16,1,97,"[3, 3, 3, 2, 2, 2, 1, 2, 2, 2]","[0, 0, 0, 0, 1, 0, 0, 0, 0, 0]",1
16,1,98,"[9, 1, 3, 1, 9, 6, 9, 8, 3, 2]","[0, 0, 0, 0, 1, 1, 0, 1, 0, 0]",1
16,1,99,"[3, 4, 2, 3, 3, 2, 3, 3, 4, 3]","[0, 0, 0, 0, 0, 0, 0, 0, 0, 0]",1
16,1,100,"[2, 2, 2, 2, 3, 2, 3, 1, 2, 3]","[0, 0, 0, 1, 0, 0, 0, 0, 0, 0]",1
16,1,101,"[4, 6, 6, 4, 4, 3, 3, 1, 5, 3]","[0, 0, 0, 1, 1, 0, 1, 0, 1, 0]",1
16,1,102,"[1, 4, 1, 6, 5, 4, 1, 3, 2, 4]","[0, 0, 0, 0, 0, 1, 0, 0, 1, 1]",1
16,1,103,"[3, 1, 2, 1, 2, 1, 2, 2, 1, 1]","[1, 0, 0, 0, 0, 0, 0, 0, 0, 0]",1
16,1,104,"[8, 9, 9, 1, 9, 8, 9, 8, 8, 8]","[1, 1, 1, 0, 1, 1, 1, 1, 1, 1]",1
16,1,105,"[3, 5, 4, 5, 5, 5, 4, 5, 3, 4]","[0, 0, 1, 1, 0, 0, 1, 1, 0, 0]",1
16,1,106,"[3, 3, 3, 9, 4, 3, 3, 4, 3, 3]","[0, 0, 0, 0, 1, 0, 0, 0, 0, 1]",1
16,1,107,"[4, 2, 3, 4, 2, 3, 4, 4, 3, 4]","[0, 0, 0, 1, 0, 0, 0, 0, 0, 0]",1
16,1,108,"[5, 5, 6, 7, 5, 2, 1, 5, 5, 5]","[0, 0, 0, 0, 0, 0, 0, 1, 0, 0]",1
16,1,109,"[3, 4, 4, 3, 5, 6, 4, 6, 4, 6]","[1, 1, 1, 0, 0, 0, 0, 0, 0, 0]",1
16,1,110,"[5, 6, 3, 4, 3, 6, 3, 3, 6, 2]","[0, 0, 1, 0, 0, 0, 0, 0, 0, 1]",1
16,1,111,"[6, 7, 3, 5, 5, 4, 5, 4, 5, 5]","[0, 0, 0, 1, 0, 1, 0, 1, 0, 1]",1
16,1,112,"[5, 5, 5, 5, 5, 5, 5, 5, 6, 5]","[0, 0, 0, 0, 0, 0, 0, 1, 1, 1]",1
16,1,113,"[7, 5, 4, 5, 4, 5, 3, 6, 1, 8]","[1, 1, 0, 0, 0, 1, 0, 1, 0, 0]",1
16,1,114,"[4, 4, 3, 4, 3, 3, 5, 4, 5, 4]","[0, 1, 0, 1, 0, 1, 0, 0, 0, 0]",1
16,1,115,"[5, 4, 5, 5, 6, 5, 5, 5, 6, 5]","[1, 1, 0, 0, 0, 1, 0, 0, 0, 0]",1
16,1,116,"[5, 5, 4, 8, 6, 3, 6, 2, 6, 5]","[0, 0, 1, 1, 0, 0, 0, 1, 1, 0]",1
16,1,117,"[4, 3, 3, 2, 3, 3, 3, 3, 3, 3]","[1, 0, 1, 0, 0, 0, 0, 0, 0, 0]",1
16,1,118,"[6, 5, 4, 7, 5, 6, 7, 6, 6, 4]","[1, 0, 0, 1, 0, 0, 0, 0, 1, 1]",1
16,1,119,"[5, 6, 5, 4, 3, 5, 4, 5, 6, 7]","[0, 1, 0, 0, 0, 0, 0, 0, 0, 0]",1
16,1,120,"[7, 4, 6, 4, 7, 5, 3, 4, 7, 3]","[0, 0, 1, 0, 0, 1, 0, 0, 0, 0]",1
16,1,121,"[2, 2, 2, 2, 7, 2, 2, 2, 2, 2]","[0, 0, 0, 0, 1, 0, 0, 0, 0, 0]",1
16,1,122,"[2, 3, 2, 4, 3, 3, 3, 5, 3, 4]","[0, 1, 0, 0, 0, 0, 0, 1, 0, 0]",1
16,1,123,"[4, 3, 4, 3, 3, 4, 2, 3, 2, 6]","[0, 0, 0, 0, 0, 0, 0, 0, 0, 0]",1
16,1,124,"[4, 4, 4, 2, 3, 3, 3, 4, 3, 1]","[0, 1, 0, 0, 0, 0, 0, 0, 0, 0]",1
16,1,125,"[3, 3, 3, 3, 3, 4, 3, 3, 3, 3]","[0, 1, 0, 0, 0, 0, 1, 0, 0, 0]",1
16,1,126,"[4, 4, 3, 4, 4, 4, 4, 4, 6, 4]","[0, 0, 0, 0, 0, 0, 0, 0, 0, 0]",1
16,1,127,"[9, 3, 2, 3, 3, 3, 3, 3, 3, 3]","[0, 1, 0, 0, 0, 0, 0, 0, 0, 0]",1
16,1,128,"[4, 6, 7, 4, 4, 7, 5, 7, 7, 6]","[0, 0, 1, 1, 0, 1, 0, 0, 1, 1]",1
16,1,129,"[5, 3, 4, 5, 3, 4, 4, 4, 6, 6]","[0, 0, 0, 0, 0, 0, 0, 0, 0, 0]",1
16,1,130,"[5, 5, 7, 5, 7, 6, 5, 5, 5, 6]","[0, 0, 0, 0, 0, 0, 0, 0, 1, 0]",1
16,1,131,"[1, 5, 1, 4, 1, 1, 7, 5, 1, 1]","[0, 1, 0, 0, 1, 1, 0, 1, 1, 0]",1
16,1,132,"[4, 4, 3, 6, 4, 4, 4, 5, 5, 3]","[0, 0, 0, 0, 1, 0, 0, 0, 0, 0]",1
16,1,133,"[2, 6, 2, 2, 2, 2, 4, 1, 3, 2]","[0, 0, 0, 0, 0, 0, 0, 0, 0, 0]",1
16,1,134,"[4, 5, 5, 4, 3, 5, 4, 4, 6, 4]","[0, 1, 0, 0, 0, 0, 0, 0, 0, 0]",1
16,1,135,"[5, 6, 5, 5, 3, 5, 4, 4, 6, 7]","[0, 0, 0, 0, 0, 0, 0, 0, 0, 0]",1
16,1,136,"[5, 1, 7, 5, 5, 5, 5, 6, 4, 5]","[0, 0, 0, 1, 1, 0, 0, 0, 0, 1]",1
16,1,137,"[1, 4, 3, 4, 3, 3, 4, 2, 6, 2]","[0, 0, 0, 0, 0, 1, 0, 0, 1, 0]",1
16,1,138,"[3, 3, 4, 3, 3, 2, 3, 3, 3, 3]","[0, 0, 1, 0, 1, 0, 0, 0, 1, 1]",1
16,1,139,"[8, 3, 3, 4, 3, 5, 8, 3, 4, 5]","[0, 0, 0, 0, 0, 0, 1, 0, 1, 1]",1
16,1,140,"[5, 5, 5, 6, 6, 5, 5, 5, 6, 4]","[0, 1, 0, 1, 0, 0, 0, 0, 1, 0]",1
16,1,141,"[4, 9, 1, 2, 4, 6, 3, 1, 4, 5]","[0, 1, 0, 0, 1, 0, 0, 0, 0, 0]",1
16,1,142,"[7, 2, 1, 3, 2, 3, 6, 1, 6, 3]","[0, 0, 0, 0, 0, 0, 0, 0, 0, 0]",1
16,1,143,"[5, 3, 3, 3, 3, 3, 3, 2, 3, 3]","[1, 0, 0, 0, 0, 0, 0, 0, 0, 0]",1
16,1,144,"[4, 4, 5, 5, 4, 5, 3, 3, 4, 2]","[1, 0, 0, 0, 0, 1, 0, 0, 0, 1]",1
16,1,145,"[5, 6, 5, 4, 5, 4, 5, 5, 6, 5]","[0, 0, 0, 0, 0, 0, 0, 1, 0, 1]",1
16,1,146,"[4, 4, 4, 5, 4, 4, 4, 3, 3, 4]","[1, 0, 0, 0, 1, 0, 0, 0, 1, 0]",1
16,1,147,"[4, 4, 4, 7, 3, 6, 6, 1, 7, 3]","[0, 0, 0, 0, 0, 0, 0, 1, 1, 0]",1
16,1,148,"[4, 6, 6, 6, 8, 6, 7, 6, 5, 7]","[0, 0, 0, 0, 0, 0, 1, 0, 0, 1]",1
16,1,149,"[4, 5, 3, 4, 4, 3, 6, 1, 4, 5]","[0, 0, 0, 0, 0, 0, 0, 0, 0, 0]",1
16,1,150,"[7, 4, 5, 4, 2, 5, 4, 2, 3, 4]","[0, 0, 1, 0, 0, 0, 0, 0, 0, 0]",1
16,1,151,"[3, 2, 3, 2, 3, 4, 4, 4, 1, 3]","[0, 0, 0, 0, 0, 1, 0, 0, 0, 1]",1
16,1,152,"[3, 3, 2, 4, 2, 3, 4, 2, 4, 4]","[0, 1, 0, 0, 0, 1, 0, 0, 0, 0]",1
16,1,153,"[3, 2, 3, 2, 6, 1, 3, 2, 3, 2]","[0, 0, 0, 0, 0, 0, 0, 0, 0, 0]",1
16,1,154,"[3, 4, 3, 3, 3, 3, 3, 4, 2, 4]","[0, 0, 0, 0, 0, 0, 0, 0, 1, 0]",1
16,1,155,"[7, 4, 4, 4, 4, 7, 4, 4, 3, 4]","[0, 0, 0, 0, 0, 0, 0, 0, 0, 1]",1
16,1,156,"[3, 6, 4, 4, 4, 4, 5, 3, 7, 3]","[0, 0, 0, 0, 0, 0, 0, 0, 0, 1]",1
16,1,157,"[7, 3, 4, 4, 4, 3, 3, 4, 3, 3]","[0, 0, 0, 0, 1, 0, 0, 1, 1, 0]",1
16,1,158,"[6, 7, 8, 3, 7, 3, 1, 2, 3, 1]","[0, 1, 0, 0, 0, 0, 0, 0, 1, 0]",1
16,1,159,"[5, 6, 6, 5, 6, 6, 4, 6, 6, 6]","[0, 0, 0, 0, 1, 1, 1, 1, 1, 1]",1
16,1,160,"[6, 7, 2, 6, 2, 4, 6, 5, 4, 3]","[0, 0, 0, 1, 0, 1, 0, 1, 0, 1]",1
16,1,161,"[7, 5, 6, 2, 7, 5, 6, 6, 4, 4]","[1, 1, 0, 0, 0, 1, 1, 1, 0, 1]",1
16,1,162,"[4, 9, 6, 4, 5, 4, 9, 7, 2, 7]","[0, 0, 0, 0, 0, 0, 0, 0, 0, 0]",1
16,1,163,"[5, 5, 3, 5, 5, 2, 2, 3, 5, 5]","[1, 1, 0, 0, 0, 0, 0, 0, 0, 1]",1
16,1,164,"[9, 9, 9, 9, 9, 9, 9, 9, 9, 9]","[1, 0, 0, 0, 0, 0, 1, 1, 1, 1]",1
16,1,165,"[3, 3, 3, 3, 4, 2, 3, 3, 3, 4]","[0, 0, 0, 0, 0, 0, 0, 1, 0, 0]",1
16,1,166,"[3, 5, 4, 4, 2, 4, 4, 4, 4, 4]","[1, 0, 1, 0, 1, 1, 0, 0, 0, 1]",1
16,1,167,"[9, 9, 9, 9, 9, 6, 9, 9, 9, 9]","[0, 1, 1, 0, 0, 0, 1, 0, 0, 1]",1
16,1,168,"[6, 4, 1, 3, 3, 4, 6, 6, 3, 6]","[1, 0, 0, 0, 0, 0, 0, 0, 0, 0]",1
16,1,169,"[6, 1, 7, 6, 5, 6, 4, 5, 7, 7]","[0, 0, 1, 0, 0, 0, 0, 0, 0, 1]",1
16,1,170,"[4, 8, 5, 6, 3, 3, 3, 5, 3, 6]","[0, 0, 0, 0, 0, 1, 0, 0, 0, 0]",1
16,1,171,"[5, 7, 2, 4, 1, 4, 5, 6, 5, 5]","[0, 1, 1, 1, 0, 1, 1, 1, 1, 0]",1
16,1,172,"[4, 4, 4, 5, 4, 5, 4, 4, 4, 5]","[0, 0, 0, 0, 0, 0, 0, 0, 0, 0]",1
16,1,173,"[5, 3, 6, 5, 3, 4, 3, 4, 8, 4]","[0, 0, 0, 0, 0, 1, 0, 0, 0, 0]",1
16,1,174,"[6, 5, 7, 9, 5, 4, 5, 5, 5, 4]","[1, 0, 0, 1, 0, 1, 0, 0, 0, 0]",1
16,1,175,"[3, 2, 2, 2, 2, 1, 2, 3, 2, 1]","[0, 0, 0, 1, 0, 0, 0, 0, 0, 0]",1
16,1,176,"[5, 8, 2, 3, 8, 8, 7, 8, 8, 1]","[1, 0, 0, 1, 0, 0, 1, 1, 1, 0]",1
16,1,177,"[5, 2, 5, 3, 5, 1, 5, 5, 2, 5]","[1, 0, 0, 0, 1, 0, 0, 0, 0, 1]",1
16,1,178,"[6, 5, 7, 6, 4, 5, 5, 6, 6, 5]","[0, 0, 1, 1, 0, 1, 1, 1, 1, 1]",1
16,1,179,"[3, 3, 4, 3, 6, 3, 7, 4, 5, 5]","[0, 0, 0, 0, 0, 0, 0, 0, 1, 0]",1
16,1,180,"[4, 3, 4, 3, 3, 6, 3, 3, 5, 3]","[0, 1, 0, 0, 0, 0, 0, 0, 0, 0]",1
16,1,181,"[4, 5, 6, 2, 6, 5, 6, 7, 5, 5]","[0, 0, 1, 0, 0, 0, 0, 1, 1, 1]",1
16,1,182,"[6, 6, 9, 6, 7, 8, 7, 2, 6, 4]","[0, 0, 1, 0, 1, 0, 0, 0, 0, 0]",1
16,1,183,"[5, 4, 4, 4, 3, 4, 4, 8, 7, 5]","[0, 0, 0, 0, 0, 0, 0, 0, 0, 0]",1
16,1,184,"[4, 4, 4, 4, 4, 4, 7, 2, 4, 4]","[0, 0, 0, 0, 0, 0, 0, 0, 0, 0]",1
16,1,185,"[7, 1, 7, 5, 7, 7, 6, 7, 2, 6]","[0, 0, 0, 1, 1, 1, 0, 0, 0, 0]",1
16,1,186,"[6, 2, 8, 2, 6, 4, 5, 3, 4, 4]","[0, 0, 1, 0, 0, 0, 0, 0, 0, 0]",1
16,1,187,"[5, 4, 5, 6, 1, 4, 4, 4, 4, 4]","[0, 0, 0, 0, 0, 0, 0, 1, 0, 0]",1
16,1,188,"[1, 4, 5, 4, 3, 4, 4, 7, 4, 4]","[0, 1, 1, 0, 0, 0, 0, 1, 1, 0]",1
16,1,189,"[3, 3, 2, 3, 3, 1, 3, 3, 3, 4]","[0, 0, 0, 0, 0, 0, 0, 1, 0, 0]",1
16,1,190,"[1, 3, 4, 5, 2, 8, 5, 2, 3, 4]","[0, 0, 0, 0, 0, 0, 0, 1, 0, 0]",1
16,1,191,"[3, 7, 2, 3, 4, 2, 2, 3, 3, 3]","[0, 0, 0, 0, 0, 0, 0, 0, 0, 0]",1
16,1,192,"[4, 4, 5, 4, 4, 4, 4, 4, 5, 3]","[0, 0, 0, 0, 0, 0, 1, 0, 0, 0]",1
16,1,193,"[6, 5, 5, 4, 5, 5, 5, 5, 5, 5]","[1, 0, 1, 1, 1, 0, 1, 0, 0, 0]",1
16,1,194,"[4, 4, 3, 2, 2, 3, 6, 5, 4, 5]","[0, 1, 1, 0, 0, 0, 0, 1, 1, 0]",1
16,1,195,"[5, 1, 1, 1, 1, 2, 1, 1, 1, 1]","[1, 1, 0, 0, 0, 0, 0, 0, 0, 0]",1
16,1,196,"[3, 3, 4, 3, 7, 2, 4, 2, 2, 3]","[0, 0, 0, 0, 0, 1, 1, 0, 0, 1]",1
16,1,197,"[6, 5, 6, 7, 7, 4, 6, 6, 5, 6]","[1, 1, 0, 1, 0, 0, 0, 0, 0, 1]",1
16,1,198,"[4, 5, 2, 6, 4, 6, 1, 4, 5, 2]","[0, 0, 1, 1, 1, 1, 0, 0, 0, 0]",1
16,1,199,"[3, 2, 3, 2, 2, 2, 2, 2, 2, 2]","[0, 0, 0, 0, 0, 0, 0, 0, 0, 0]",1
16,1,200,"[2, 2, 2, 1, 2, 1, 3, 2, 2, 2]","[0, 0, 0, 0, 0, 0, 1, 0, 0, 0]",1
16,1,201,"[3, 4, 4, 4, 4, 3, 4, 4, 4, 3]","[0, 0, 0, 0, 0, 0, 0, 0, 1, 1]",1
16,1,202,"[5, 5, 5, 5, 5, 6, 5, 6, 5, 5]","[0, 0, 0, 0, 0, 1, 0, 0, 0, 0]",1
16,1,203,"[2, 3, 3, 2, 4, 2, 2, 3, 3, 4]","[0, 0, 0, 0, 0, 0, 0, 0, 0, 0]",1
16,1,204,"[2, 2, 1, 2, 2, 3, 2, 4, 2, 3]","[0, 0, 0, 0, 0, 0, 0, 0, 0, 0]",1
16,1,205,"[9, 6, 9, 9, 9, 9, 9, 9, 9, 8]","[1, 0, 1, 1, 1, 1, 1, 1, 1, 1]",1
16,1,206,"[2, 5, 3, 3, 1, 3, 7, 6, 3, 3]","[0, 1, 0, 0, 0, 0, 0, 0, 0, 0]",1
16,1,207,"[3, 3, 3, 3, 4, 3, 3, 3, 3, 3]","[0, 0, 0, 0, 0, 0, 0, 0, 0, 1]",1
16,1,208,"[5, 5, 5, 4, 4, 4, 4, 4, 8, 5]","[1, 0, 0, 1, 0, 1, 0, 0, 0, 0]",1
16,1,209,"[3, 3, 4, 1, 3, 3, 2, 3, 3, 4]","[1, 0, 1, 1, 0, 0, 0, 0, 0, 0]",1
17,0,0,"[2, 2, 5, 2, 8, 6, 2, 2, 7, 2]","[0, 1, 0, 0, 0, 0, 0, 0, 0, 0]",1
17,0,1,"[5, 6, 8, 7, 6, 6, 6, 6, 6, 7]","[1, 0, 0, 0, 0, 0, 0, 0, 0, 1]",1
17,0,2,"[5, 4, 2, 3, 8, 5, 6, 8, 5, 6]","[0, 0, 0, 0, 0, 0, 0, 0, 0, 0]",1
17,0,3,"[5, 3, 6, 5, 7, 6, 7, 6, 4, 4]","[1, 0, 0, 0, 1, 0, 1, 0, 0, 0]",1
17,0,4,"[3, 3, 6, 4, 5, 5, 5, 3, 5, 3]","[0, 0, 0, 0, 0, 0, 0, 0, 0, 0]",1
17,0,5,"[5, 6, 6, 3, 1, 6, 5, 4, 4, 4]","[0, 0, 0, 0, 0, 0, 0, 0, 0, 0]",1
17,0,6,"[8, 7, 8, 7, 7, 4, 6, 7, 6, 8]","[0, 1, 0, 1, 0, 0, 0, 0, 0, 0]",1
17,0,7,"[7, 7, 6, 7, 7, 7, 7, 7, 7, 6]","[0, 0, 0, 1, 1, 0, 1, 0, 1, 0]",1
17,0,8,"[5, 4, 4, 4, 4, 4, 4, 4, 4, 4]","[0, 0, 0, 0, 1, 0, 0, 0, 0, 0]",1
17,0,9,"[6, 7, 5, 7, 3, 4, 1, 7, 5, 3]","[0, 0, 1, 0, 0, 0, 0, 1, 0, 0]",1
17,0,10,"[5, 3, 3, 7, 6, 4, 5, 5, 5, 3]","[0, 1, 0, 1, 0, 0, 1, 0, 1, 0]",1
17,0,11,"[3, 4, 6, 6, 5, 4, 5, 4, 4, 6]","[0, 0, 1, 0, 0, 0, 0, 0, 0, 1]",1
17,0,12,"[6, 6, 6, 5, 6, 6, 6, 6, 6, 6]","[0, 0, 1, 0, 0, 0, 0, 0, 0, 1]",1
17,0,13,"[5, 5, 4, 4, 3, 2, 3, 7, 4, 2]","[0, 0, 0, 0, 0, 0, 0, 1, 1, 0]",1
17,0,14,"[8, 5, 5, 5, 5, 5, 6, 6, 7, 5]","[0, 0, 0, 1, 0, 0, 0, 0, 0, 0]",1
17,0,15,"[4, 3, 5, 5, 4, 3, 4, 3, 6, 3]","[0, 0, 1, 1, 0, 0, 0, 1, 1, 0]",1
17,0,16,"[6, 5, 7, 4, 4, 4, 8, 4, 7, 5]","[0, 0, 0, 0, 0, 0, 0, 0, 1, 0]",1
17,0,17,"[6, 7, 8, 4, 8, 5, 7, 5, 6, 7]","[1, 0, 0, 0, 0, 0, 1, 0, 0, 0]",1
17,0,18,"[7, 6, 7, 9, 8, 6, 6, 8, 6, 4]","[0, 0, 1, 0, 0, 1, 1, 1, 1, 0]",1
17,0,19,"[3, 3, 4, 4, 3, 2, 4, 3, 2, 3]","[0, 0, 0, 0, 0, 0, 0, 0, 0, 1]",1
17,0,20,"[6, 5, 4, 4, 3, 5, 7, 4, 3, 6]","[1, 0, 0, 0, 0, 0, 0, 1, 0, 1]",1
17,0,21,"[9, 9, 9, 9, 6, 7, 1, 8, 6, 8]","[0, 0, 0, 1, 0, 0, 0, 0, 0, 0]",1
17,0,22,"[3, 4, 4, 4, 4, 4, 4, 4, 3, 4]","[0, 0, 0, 0, 0, 0, 1, 0, 0, 0]",1
17,0,23,"[5, 3, 2, 5, 3, 4, 3, 5, 3, 5]","[0, 0, 0, 0, 1, 0, 0, 0, 0, 1]",1
17,0,24,"[4, 4, 6, 3, 6, 3, 4, 5, 5, 4]","[0, 0, 0, 0, 1, 0, 0, 0, 0, 1]",1
17,0,25,"[5, 5, 6, 5, 5, 6, 6, 5, 5, 7]","[1, 0, 0, 0, 0, 0, 0, 0, 0, 0]",1
17,0,26,"[9, 8, 9, 9, 9, 9, 9, 9, 3, 9]","[1, 0, 0, 0, 0, 0, 0, 0, 0, 1]",1
17,0,27,"[6, 6, 6, 6, 6, 6, 5, 6, 6, 6]","[1, 0, 0, 0, 0, 0, 0, 0, 0, 1]",1
17,0,28,"[5, 5, 5, 5, 5, 6, 5, 4, 3, 5]","[1, 0, 0, 0, 0, 0, 0, 0, 0, 0]",1
17,0,29,"[9, 9, 9, 9, 9, 9, 9, 9, 9, 9]","[0, 0, 0, 1, 0, 0, 0, 1, 0, 0]",1
17,0,30,"[6, 3, 6, 4, 6, 6, 6, 6, 6, 2]","[0, 1, 1, 0, 1, 0, 0, 0, 0, 0]",1
17,0,31,"[6, 6, 5, 6, 6, 5, 8, 6, 8, 5]","[0, 0, 0, 0, 0, 0, 1, 0, 0, 0]",1
17,0,32,"[6, 4, 6, 4, 5, 4, 5, 6, 6, 5]","[0, 0, 0, 0, 0, 0, 0, 0, 0, 0]",1
17,0,33,"[3, 3, 3, 3, 3, 3, 3, 3, 3, 3]","[0, 0, 0, 0, 0, 0, 0, 0, 0, 0]",1
17,0,34,"[6, 7, 8, 6, 7, 2, 9, 6, 7, 7]","[0, 1, 0, 0, 0, 0, 0, 0, 1, 1]",1
17,0,35,"[4, 4, 7, 4, 3, 3, 3, 8, 5, 2]","[0, 0, 1, 0, 0, 0, 1, 0, 0, 0]",1
17,0,36,"[8, 5, 9, 7, 6, 1, 6, 6, 9, 7]","[1, 0, 0, 0, 1, 0, 0, 0, 0, 1]",1
17,0,37,"[5, 7, 4, 5, 5, 5, 3, 8, 6, 7]","[0, 1, 0, 1, 1, 1, 0, 0, 0, 0]",1
17,0,38,"[7, 4, 5, 5, 4, 4, 6, 6, 5, 5]","[0, 0, 0, 0, 0, 0, 0, 0, 0, 0]",1
17,0,39,"[1, 1, 1, 2, 1, 1, 4, 1, 1, 5]","[0, 0, 0, 0, 0, 1, 0, 0, 0, 1]",1
17,0,40,"[4, 4, 4, 5, 3, 4, 4, 9, 4, 4]","[1, 0, 0, 0, 0, 0, 1, 0, 0, 0]",1
17,0,41,"[3, 4, 3, 4, 3, 3, 2, 4, 3, 4]","[0, 0, 0, 0, 0, 0, 0, 0, 1, 0]",1
17,0,42,"[3, 3, 3, 3, 3, 4, 7, 4, 4, 3]","[0, 0, 0, 0, 0, 0, 0, 0, 0, 0]",1
17,0,43,"[6, 5, 6, 4, 6, 5, 7, 5, 6, 7]","[0, 0, 0, 0, 0, 0, 0, 0, 0, 0]",1
17,0,44,"[4, 4, 6, 6, 4, 5, 4, 4, 5, 4]","[0, 0, 0, 0, 0, 0, 0, 0, 0, 0]",1
17,0,45,"[9, 4, 2, 5, 5, 4, 5, 9, 6, 5]","[1, 0, 0, 0, 0, 0, 0, 1, 0, 0]",1
17,0,46,"[2, 3, 3, 3, 3, 3, 2, 3, 4, 4]","[0, 0, 0, 0, 0, 0, 1, 1, 0, 0]",1
17,0,47,"[6, 5, 7, 6, 6, 6, 6, 6, 6, 9]","[0, 0, 1, 0, 1, 0, 1, 0, 0, 0]",1
17,0,48,"[6, 8, 5, 5, 5, 7, 3, 5, 5, 6]","[1, 1, 1, 0, 0, 1, 0, 0, 0, 0]",1
17,0,49,"[8, 3, 3, 5, 5, 5, 4, 5, 4, 4]","[1, 0, 0, 0, 0, 0, 0, 1, 0, 0]",1
17,0,50,"[8, 5, 6, 8, 7, 5, 7, 9, 6, 6]","[1, 0, 0, 1, 0, 0, 1, 0, 0, 0]",1
17,0,51,"[6, 4, 6, 6, 5, 5, 5, 6, 5, 4]","[0, 1, 0, 0, 0, 0, 1, 0, 0, 1]",1
17,0,52,"[4, 5, 6, 4, 2, 4, 4, 3, 4, 2]","[0, 0, 0, 0, 0, 0, 0, 1, 0, 0]",1
17,0,53,"[4, 4, 4, 4, 4, 4, 4, 4, 4, 4]","[0, 0, 0, 0, 0, 0, 0, 0, 0, 1]",1
17,0,54,"[5, 9, 4, 7, 5, 6, 6, 5, 8, 2]","[0, 0, 0, 1, 0, 0, 0, 0, 0, 0]",1
17,0,55,"[6, 6, 6, 6, 7, 7, 6, 6, 5, 6]","[0, 0, 0, 0, 0, 0, 0, 0, 0, 0]",1
17,0,56,"[1, 1, 1, 1, 1, 7, 1, 1, 1, 1]","[0, 0, 0, 0, 0, 0, 1, 1, 1, 0]",1
17,0,57,"[4, 4, 9, 4, 4, 4, 4, 4, 5, 2]","[0, 0, 0, 0, 1, 1, 0, 0, 0, 0]",1
17,0,58,"[3, 5, 4, 3, 3, 3, 3, 2, 6, 7]","[0, 0, 0, 0, 0, 0, 0, 0, 0, 1]",1
17,0,59,"[4, 4, 4, 4, 5, 4, 4, 4, 4, 3]","[0, 1, 0, 0, 0, 0, 0, 0, 0, 0]",1
17,0,60,"[3, 4, 5, 6, 3, 2, 5, 3, 5, 6]","[0, 0, 0, 1, 0, 1, 0, 0, 0, 0]",1
17,0,61,"[9, 5, 3, 3, 5, 7, 4, 5, 3, 3]","[0, 0, 0, 0, 0, 0, 0, 0, 0, 0]",1
17,0,62,"[8, 8, 8, 6, 8, 8, 8, 9, 1, 4]","[0, 0, 1, 0, 0, 1, 1, 0, 0, 0]",1
17,0,63,"[6, 5, 6, 7, 6, 6, 6, 6, 5, 3]","[1, 1, 0, 1, 1, 0, 0, 0, 0, 0]",1
17,0,64,"[3, 4, 4, 7, 4, 3, 4, 4, 3, 4]","[0, 0, 0, 0, 0, 0, 0, 1, 0, 0]",1
17,0,65,"[5, 3, 5, 5, 3, 2, 3, 4, 4, 3]","[0, 0, 0, 0, 0, 0, 0, 0, 0, 1]",1
17,0,66,"[4, 6, 8, 4, 4, 6, 3, 5, 6, 6]","[1, 0, 1, 0, 0, 0, 0, 0, 0, 0]",1
17,0,67,"[5, 5, 4, 5, 6, 2, 6, 6, 3, 5]","[0, 0, 0, 0, 0, 0, 1, 0, 0, 1]",1
17,0,68,"[4, 6, 5, 5, 7, 5, 4, 3, 5, 8]","[0, 0, 0, 0, 1, 0, 0, 0, 0, 0]",1
17,0,69,"[6, 1, 1, 3, 3, 3, 5, 3, 5, 4]","[0, 0, 0, 0, 0, 0, 0, 0, 0, 0]",1
17,0,70,"[6, 6, 4, 6, 5, 6, 7, 6, 6, 5]","[0, 1, 0, 1, 1, 0, 0, 0, 0, 1]",1
17,0,71,"[5, 5, 5, 8, 5, 5, 6, 5, 5, 4]","[0, 1, 0, 1, 0, 0, 1, 0, 1, 1]",1
17,0,72,"[4, 5, 4, 4, 4, 5, 5, 4, 4, 4]","[0, 0, 1, 0, 0, 1, 0, 0, 0, 0]",1
17,0,73,"[7, 3, 8, 4, 6, 4, 3, 2, 8, 6]","[0, 0, 0, 0, 0, 0, 0, 0, 0, 1]",1
17,0,74,"[4, 4, 3, 5, 5, 2, 3, 3, 1, 4]","[0, 0, 0, 0, 0, 0, 0, 0, 1, 1]",1
17,0,75,"[6, 4, 5, 6, 6, 4, 5, 5, 4, 4]","[0, 0, 0, 0, 0, 0, 0, 0, 0, 0]",1
17,0,76,"[4, 6, 6, 5, 5, 3, 6, 4, 5, 5]","[0, 0, 0, 0, 0, 0, 0, 0, 1, 1]",1
17,0,77,"[7, 6, 5, 8, 6, 5, 7, 8, 7, 7]","[1, 0, 0, 1, 0, 1, 0, 1, 1, 0]",1
17,0,78,"[4, 5, 8, 6, 6, 5, 7, 5, 5, 4]","[0, 0, 1, 0, 0, 0, 1, 0, 0, 0]",1
17,0,79,"[6, 2, 3, 6, 6, 9, 6, 2, 6, 6]","[1, 0, 0, 0, 0, 1, 0, 0, 0, 0]",1
17,0,80,"[6, 9, 9, 8, 7, 5, 5, 9, 8, 6]","[0, 0, 0, 1, 0, 1, 0, 0, 1, 0]",1
17,0,81,"[5, 6, 5, 7, 4, 7, 5, 6, 6, 7]","[0, 0, 0, 0, 0, 1, 1, 0, 0, 1]",1
17,0,82,"[6, 5, 4, 6, 8, 6, 4, 6, 6, 6]","[0, 0, 0, 0, 0, 0, 0, 0, 0, 0]",1
17,0,83,"[5, 5, 8, 7, 4, 4, 4, 6, 8, 5]","[0, 0, 0, 1, 0, 0, 0, 0, 1, 0]",1
17,0,84,"[3, 8, 3, 4, 6, 6, 3, 5, 2, 2]","[0, 0, 0, 0, 0, 0, 0, 0, 1, 0]",1
17,0,85,"[8, 7, 7, 8, 6, 8, 7, 7, 7, 7]","[0, 0, 0, 1, 0, 0, 0, 1, 0, 0]",1
17,0,86,"[8, 8, 9, 9, 9, 8, 9, 8, 9, 9]","[0, 1, 0, 0, 0, 1, 0, 1, 0, 0]",1
17,0,87,"[4, 4, 5, 4, 8, 4, 5, 5, 2, 5]","[0, 0, 0, 0, 0, 0, 0, 1, 0, 0]",1
17,0,88,"[5, 5, 5, 5, 4, 5, 4, 6, 4, 6]","[0, 1, 0, 0, 0, 0, 0, 0, 0, 0]",1
17,0,89,"[5, 5, 5, 7, 5, 5, 4, 5, 5, 5]","[1, 0, 0, 0, 0, 0, 0, 0, 0, 0]",1
17,0,90,"[9, 9, 9, 9, 9, 9, 9, 9, 9, 9]","[0, 0, 0, 1, 0, 0, 1, 1, 0, 0]",1
17,0,91,"[6, 5, 8, 5, 3, 4, 5, 5, 6, 9]","[0, 0, 0, 0, 0, 0, 0, 0, 1, 0]",1
17,0,92,"[7, 9, 5, 6, 4, 5, 5, 6, 2, 5]","[1, 0, 0, 0, 0, 0, 0, 0, 0, 0]",1
17,0,93,"[1, 5, 3, 2, 3, 3, 2, 3, 3, 2]","[0, 0, 0, 0, 0, 0, 0, 0, 0, 1]",1
17,0,94,"[4, 5, 5, 5, 6, 4, 6, 7, 5, 8]","[0, 0, 0, 1, 1, 1, 0, 1, 0, 1]",1
17,0,95,"[3, 3, 3, 3, 3, 3, 4, 2, 3, 4]","[0, 0, 0, 0, 0, 0, 0, 0, 0, 1]",1
17,0,96,"[5, 5, 6, 5, 5, 6, 7, 5, 5, 4]","[0, 1, 0, 0, 1, 0, 0, 0, 0, 1]",1
17,0,97,"[6, 5, 4, 6, 4, 7, 4, 5, 4, 4]","[0, 0, 0, 0, 0, 0, 0, 0, 0, 0]",1
17,0,98,"[9, 9, 9, 9, 9, 9, 9, 9, 9, 9]","[0, 0, 0, 0, 0, 0, 1, 0, 0, 0]",1
17,0,99,"[3, 1, 2, 3, 3, 4, 2, 3, 4, 1]","[0, 0, 0, 0, 0, 1, 1, 0, 0, 0]",1
17,0,100,"[3, 4, 4, 3, 3, 3, 3, 2, 8, 5]","[0, 0, 0, 0, 0, 0, 0, 0, 0, 0]",1
17,0,101,"[8, 8, 8, 8, 7, 8, 1, 8, 9, 9]","[0, 0, 0, 1, 0, 0, 0, 0, 0, 1]",1
17,0,102,"[2, 4, 3, 8, 7, 7, 5, 5, 6, 8]","[0, 1, 0, 1, 0, 1, 0, 0, 0, 0]",1
17,0,103,"[7, 7, 7, 7, 7, 7, 7, 6, 8, 7]","[0, 1, 0, 0, 0, 1, 0, 0, 0, 0]",1
17,0,104,"[8, 9, 9, 9, 8, 9, 9, 8, 9, 9]","[0, 0, 0, 1, 0, 1, 1, 0, 1, 1]",1
17,0,105,"[7, 9, 6, 6, 6, 7, 6, 6, 9, 6]","[1, 0, 0, 1, 0, 0, 1, 0, 0, 1]",1
17,0,106,"[7, 5, 6, 4, 5, 5, 5, 5, 5, 6]","[0, 0, 0, 0, 0, 1, 0, 0, 1, 1]",1
17,0,107,"[1, 5, 5, 5, 5, 4, 6, 4, 6, 5]","[0, 0, 0, 0, 0, 0, 0, 0, 0, 0]",1
17,0,108,"[8, 9, 6, 8, 9, 9, 8, 4, 3, 5]","[0, 0, 0, 0, 1, 0, 1, 0, 1, 0]",1
17,0,109,"[5, 5, 6, 6, 6, 6, 8, 7, 6, 6]","[0, 0, 0, 0, 0, 0, 0, 0, 1, 0]",1
17,0,110,"[9, 2, 6, 8, 3, 8, 8, 9, 9, 9]","[1, 0, 0, 1, 0, 1, 0, 1, 1, 1]",1
17,0,111,"[6, 7, 5, 6, 6, 8, 7, 7, 7, 3]","[0, 0, 0, 0, 0, 0, 0, 0, 1, 0]",1
17,0,112,"[4, 4, 4, 5, 4, 4, 3, 4, 4, 4]","[0, 0, 0, 1, 0, 0, 0, 0, 0, 0]",1
17,0,113,"[8, 1, 7, 5, 6, 7, 5, 7, 7, 5]","[0, 0, 0, 1, 1, 0, 0, 0, 0, 0]",1
17,0,114,"[3, 1, 2, 2, 1, 3, 3, 3, 1, 3]","[0, 0, 0, 0, 0, 0, 0, 0, 0, 0]",1
17,0,115,"[9, 9, 9, 9, 8, 9, 9, 9, 8, 9]","[1, 1, 0, 1, 0, 1, 1, 0, 1, 1]",1
17,0,116,"[9, 9, 9, 9, 9, 9, 9, 9, 9, 9]","[1, 1, 0, 0, 0, 0, 0, 1, 0, 1]",1
17,0,117,"[5, 5, 6, 5, 5, 5, 5, 9, 6, 5]","[0, 1, 1, 1, 0, 0, 0, 1, 0, 1]",1
17,0,118,"[7, 7, 7, 6, 7, 7, 7, 7, 8, 7]","[0, 0, 0, 0, 1, 1, 0, 0, 1, 1]",1
17,0,119,"[4, 5, 5, 9, 4, 5, 6, 4, 4, 4]","[0, 0, 0, 1, 0, 1, 0, 0, 0, 0]",1
17,0,120,"[4, 3, 7, 6, 4, 3, 7, 7, 2, 3]","[0, 0, 0, 1, 0, 0, 0, 0, 0, 0]",1
17,0,121,"[4, 5, 2, 5, 3, 5, 5, 5, 2, 5]","[0, 0, 0, 0, 0, 0, 0, 0, 0, 0]",1
17,0,122,"[6, 6, 5, 4, 5, 5, 5, 4, 5, 4]","[1, 0, 0, 0, 0, 0, 0, 0, 0, 0]",1
17,0,123,"[5, 5, 6, 5, 7, 5, 4, 4, 6, 7]","[0, 0, 0, 0, 0, 0, 0, 0, 0, 0]",1
17,0,124,"[8, 9, 9, 9, 9, 9, 9, 9, 8, 9]","[0, 0, 0, 0, 0, 0, 1, 0, 0, 0]",1
17,0,125,"[6, 1, 5, 5, 5, 5, 5, 4, 7, 5]","[0, 0, 0, 0, 0, 0, 1, 1, 0, 1]",1
17,0,126,"[6, 4, 7, 5, 4, 6, 5, 5, 6, 5]","[0, 0, 0, 0, 0, 0, 0, 0, 0, 0]",1
17,0,127,"[3, 6, 5, 5, 3, 5, 5, 5, 5, 5]","[0, 0, 1, 0, 0, 1, 0, 1, 0, 0]",1
17,0,128,"[6, 2, 7, 6, 6, 6, 6, 6, 7, 6]","[0, 0, 1, 0, 0, 0, 0, 0, 0, 0]",1
17,0,129,"[8, 6, 6, 7, 7, 9, 7, 7, 8, 7]","[1, 0, 0, 1, 0, 0, 1, 0, 1, 0]",1
17,0,130,"[7, 8, 7, 7, 8, 9, 7, 8, 6, 7]","[0, 1, 1, 1, 0, 1, 1, 0, 1, 1]",1
17,0,131,"[6, 7, 7, 7, 6, 7, 7, 8, 8, 3]","[0, 1, 0, 0, 0, 0, 0, 1, 0, 0]",1
17,0,132,"[5, 4, 4, 6, 5, 6, 4, 5, 4, 4]","[1, 0, 0, 0, 0, 0, 0, 1, 0, 0]",1
17,0,133,"[9, 2, 9, 9, 9, 9, 9, 9, 9, 9]","[0, 0, 0, 1, 0, 0, 0, 0, 0, 1]",1
17,0,134,"[7, 7, 7, 7, 7, 7, 7, 7, 7, 7]","[0, 1, 1, 0, 1, 0, 1, 1, 1, 0]",1
17,0,135,"[7, 3, 5, 8, 8, 1, 5, 4, 4, 6]","[1, 0, 0, 1, 0, 0, 0, 1, 0, 0]",1
17,0,136,"[8, 7, 8, 8, 7, 8, 8, 8, 8, 6]","[1, 0, 0, 0, 0, 0, 0, 0, 0, 0]",1
17,0,137,"[6, 4, 5, 3, 4, 5, 5, 4, 6, 4]","[0, 0, 0, 0, 0, 0, 0, 0, 1, 0]",1
17,0,138,"[8, 7, 7, 7, 7, 7, 7, 7, 6, 7]","[0, 0, 1, 0, 1, 1, 0, 0, 0, 0]",1
17,0,139,"[8, 3, 5, 5, 2, 4, 4, 3, 2, 1]","[0, 0, 0, 0, 1, 1, 0, 0, 0, 0]",1
17,0,140,"[6, 9, 6, 9, 6, 7, 4, 4, 6, 5]","[0, 1, 1, 0, 0, 0, 0, 1, 1, 0]",1
17,0,141,"[4, 4, 5, 2, 2, 3, 4, 6, 3, 2]","[0, 0, 1, 0, 0, 0, 0, 0, 0, 0]",1
17,0,142,"[7, 6, 6, 6, 7, 5, 5, 2, 6, 4]","[1, 0, 0, 1, 0, 0, 0, 0, 1, 0]",1
17,0,143,"[4, 5, 5, 6, 5, 5, 5, 5, 5, 5]","[0, 0, 0, 0, 0, 1, 0, 0, 0, 1]",1
17,0,144,"[8, 8, 8, 8, 6, 8, 4, 8, 8, 8]","[1, 0, 0, 1, 0, 1, 0, 0, 1, 0]",1
17,0,145,"[6, 4, 6, 6, 6, 5, 7, 6, 6, 5]","[0, 0, 0, 0, 0, 0, 0, 1, 1, 1]",1
17,0,146,"[7, 7, 6, 7, 7, 7, 8, 8, 7, 7]","[0, 0, 0, 0, 1, 1, 0, 1, 1, 1]",1
17,0,147,"[2, 4, 4, 5, 5, 4, 4, 6, 4, 4]","[0, 1, 1, 0, 0, 0, 1, 0, 0, 0]",1
17,0,148,"[5, 5, 4, 5, 5, 5, 5, 5, 3, 5]","[0, 0, 0, 1, 0, 1, 1, 1, 0, 0]",1
17,0,149,"[6, 5, 6, 3, 6, 5, 3, 7, 1, 5]","[1, 0, 0, 0, 1, 0, 0, 0, 0, 1]",1
17,0,150,"[4, 1, 4, 5, 7, 3, 4, 5, 4, 5]","[0, 0, 1, 0, 0, 0, 0, 0, 0, 0]",1
17,0,151,"[5, 4, 4, 4, 4, 8, 4, 7, 3, 2]","[0, 1, 0, 0, 0, 0, 0, 0, 1, 0]",1
17,0,152,"[1, 5, 5, 5, 5, 4, 2, 4, 3, 2]","[0, 0, 0, 0, 0, 1, 0, 0, 0, 0]",1
17,0,153,"[8, 7, 8, 8, 6, 7, 2, 7, 6, 6]","[1, 0, 1, 1, 0, 1, 0, 0, 0, 0]",1
17,0,154,"[8, 4, 8, 8, 7, 9, 9, 6, 8, 9]","[0, 0, 0, 1, 0, 1, 0, 0, 0, 0]",1
17,0,155,"[5, 6, 4, 5, 4, 5, 5, 4, 5, 6]","[0, 0, 1, 0, 0, 0, 0, 1, 0, 1]",1
17,0,156,"[3, 3, 4, 4, 3, 2, 4, 3, 2, 3]","[0, 0, 0, 0, 1, 0, 0, 0, 0, 0]",1
17,0,157,"[4, 5, 5, 6, 5, 7, 7, 6, 5, 4]","[0, 0, 0, 0, 0, 0, 0, 1, 0, 0]",1
17,0,158,"[6, 7, 7, 8, 7, 7, 7, 7, 8, 8]","[0, 0, 0, 1, 0, 0, 0, 1, 0, 0]",1
17,0,159,"[7, 7, 6, 7, 7, 6, 7, 6, 7, 3]","[0, 0, 0, 0, 0, 1, 0, 0, 1, 0]",1
17,0,160,"[5, 9, 5, 5, 9, 9, 9, 9, 5, 5]","[0, 0, 0, 0, 1, 0, 1, 0, 0, 0]",1
17,0,161,"[5, 5, 5, 5, 5, 5, 9, 4, 5, 4]","[1, 0, 0, 0, 1, 0, 0, 0, 0, 0]",1
17,0,162,"[8, 8, 8, 8, 7, 8, 8, 8, 8, 9]","[0, 0, 0, 0, 0, 0, 0, 0, 0, 0]",1
17,0,163,"[5, 7, 6, 7, 6, 7, 6, 7, 9, 9]","[0, 1, 0, 1, 0, 1, 0, 0, 1, 1]",1
17,0,164,"[9, 9, 9, 9, 9, 9, 9, 9, 9, 9]","[0, 0, 0, 0, 0, 0, 1, 0, 1, 1]",1
17,0,165,"[6, 6, 6, 4, 6, 6, 4, 5, 6, 7]","[0, 0, 0, 0, 0, 0, 0, 0, 1, 0]",1
17,0,166,"[5, 5, 4, 4, 5, 5, 4, 4, 5, 7]","[0, 0, 0, 1, 1, 0, 0, 0, 0, 0]",1
17,0,167,"[4, 4, 4, 4, 4, 4, 3, 6, 4, 4]","[0, 0, 0, 0, 0, 0, 0, 1, 1, 0]",1
17,0,168,"[6, 8, 8, 6, 9, 5, 7, 7, 5, 4]","[1, 1, 1, 1, 1, 0, 0, 0, 1, 1]",1
17,0,169,"[4, 1, 3, 7, 5, 5, 2, 6, 6, 5]","[0, 0, 0, 0, 0, 0, 0, 0, 1, 0]",1
17,0,170,"[9, 9, 9, 8, 9, 9, 9, 8, 9, 9]","[1, 0, 0, 1, 0, 0, 0, 0, 0, 1]",1
17,0,171,"[4, 9, 6, 7, 3, 9, 3, 8, 6, 4]","[1, 0, 1, 0, 0, 0, 0, 0, 0, 0]",1
17,0,172,"[6, 4, 6, 7, 5, 7, 8, 6, 5, 4]","[0, 1, 1, 0, 0, 0, 0, 0, 0, 1]",1
17,0,173,"[9, 5, 5, 9, 8, 6, 8, 7, 9, 6]","[0, 1, 1, 0, 1, 0, 1, 0, 0, 1]",1
17,0,174,"[4, 4, 8, 5, 5, 8, 7, 4, 4, 1]","[1, 0, 0, 0, 0, 1, 0, 0, 0, 0]",1
17,0,175,"[5, 4, 4, 3, 3, 4, 4, 2, 6, 3]","[0, 0, 0, 0, 0, 0, 0, 0, 0, 0]",1
17,0,176,"[6, 7, 6, 5, 7, 7, 4, 5, 7, 6]","[0, 1, 0, 0, 0, 0, 0, 1, 0, 0]",1
17,0,177,"[9, 1, 9, 4, 1, 9, 9, 2, 9, 9]","[0, 0, 1, 0, 0, 1, 1, 1, 0, 1]",1
17,0,178,"[5, 6, 7, 7, 7, 7, 8, 8, 5, 6]","[0, 0, 0, 0, 0, 0, 0, 1, 0, 0]",1
17,0,179,"[6, 9, 6, 7, 9, 6, 7, 5, 6, 5]","[0, 1, 0, 0, 0, 1, 1, 0, 0, 0]",1
17,0,180,"[2, 4, 4, 5, 4, 4, 4, 3, 4, 7]","[0, 0, 0, 0, 0, 0, 0, 0, 0, 0]",1
17,0,181,"[6, 5, 4, 6, 5, 5, 4, 3, 4, 5]","[0, 1, 0, 0, 0, 0, 1, 0, 0, 0]",1
17,0,182,"[2, 2, 9, 8, 1, 9, 9, 8, 4, 2]","[0, 0, 1, 1, 0, 1, 0, 1, 0, 0]",1
17,0,183,"[8, 7, 7, 8, 7, 7, 8, 1, 6, 7]","[1, 0, 0, 0, 0, 1, 1, 0, 0, 0]",1
17,0,184,"[6, 6, 5, 5, 2, 6, 6, 7, 6, 6]","[0, 0, 0, 0, 0, 0, 0, 1, 0, 0]",1
17,0,185,"[4, 8, 1, 2, 6, 2, 8, 8, 7, 5]","[0, 0, 1, 0, 0, 0, 0, 1, 0, 0]",1
17,0,186,"[9, 9, 2, 9, 9, 8, 4, 4, 4, 5]","[0, 0, 0, 0, 0, 0, 0, 0, 0, 0]",1
17,0,187,"[7, 4, 5, 8, 4, 7, 7, 7, 6, 9]","[0, 0, 1, 0, 0, 0, 1, 0, 0, 1]",1
17,0,188,"[9, 9, 3, 9, 9, 9, 6, 9, 9, 9]","[0, 0, 1, 0, 1, 1, 1, 1, 0, 0]",1
17,0,189,"[9, 5, 4, 6, 5, 6, 5, 5, 4, 9]","[0, 0, 1, 0, 0, 0, 0, 0, 0, 1]",1
17,0,190,"[5, 4, 5, 7, 1, 4, 4, 5, 3, 5]","[0, 0, 0, 0, 0, 0, 0, 0, 1, 0]",1
17,0,191,"[4, 4, 3, 7, 4, 4, 4, 7, 4, 3]","[0, 0, 0, 1, 1, 0, 0, 0, 1, 0]",1
17,0,192,"[8, 9, 9, 8, 8, 8, 9, 9, 9, 9]","[0, 0, 0, 1, 0, 1, 1, 0, 1, 1]",1
17,0,193,"[4, 6, 1, 3, 9, 4, 3, 4, 4, 3]","[0, 1, 0, 0, 1, 0, 0, 0, 0, 1]",1
17,0,194,"[8, 8, 8, 8, 7, 5, 5, 4, 8, 4]","[0, 1, 1, 0, 0, 0, 0, 0, 0, 0]",1
17,0,195,"[1, 1, 4, 1, 1, 1, 4, 1, 1, 4]","[0, 0, 0, 1, 0, 0, 0, 0, 0, 1]",1
17,0,196,"[3, 6, 3, 4, 2, 3, 3, 4, 6, 3]","[0, 1, 0, 0, 0, 0, 0, 0, 0, 0]",1
17,0,197,"[2, 5, 6, 4, 9, 9, 6, 7, 7, 6]","[0, 1, 1, 1, 1, 0, 0, 1, 0, 0]",1
17,0,198,"[5, 5, 2, 5, 1, 4, 1, 4, 3, 5]","[0, 0, 0, 0, 0, 0, 0, 0, 0, 0]",1
17,0,199,"[5, 5, 7, 5, 5, 5, 5, 5, 5, 5]","[0, 0, 0, 0, 0, 0, 0, 0, 0, 0]",1
17,0,200,"[5, 4, 5, 5, 5, 4, 5, 5, 5, 5]","[0, 0, 0, 0, 0, 0, 0, 0, 0, 0]",1
17,0,201,"[9, 7, 7, 9, 8, 9, 9, 5, 5, 7]","[0, 0, 0, 0, 1, 1, 0, 0, 0, 0]",1
17,0,202,"[5, 5, 5, 6, 4, 9, 6, 7, 5, 4]","[1, 0, 0, 0, 0, 1, 0, 0, 0, 0]",1
17,0,203,"[3, 6, 5, 6, 6, 2, 6, 6, 6, 6]","[0, 0, 0, 0, 0, 1, 0, 0, 0, 0]",1
17,0,204,"[8, 9, 9, 8, 8, 9, 7, 8, 7, 8]","[1, 0, 1, 0, 1, 1, 0, 0, 1, 1]",1
17,0,205,"[9, 9, 9, 9, 9, 8, 9, 9, 9, 9]","[1, 0, 1, 1, 1, 1, 0, 1, 0, 0]",1
17,0,206,"[5, 6, 8, 8, 8, 7, 8, 8, 8, 8]","[0, 0, 1, 1, 0, 0, 1, 0, 1, 1]",1
17,0,207,"[4, 4, 4, 4, 5, 4, 5, 4, 4, 3]","[0, 0, 0, 0, 0, 1, 0, 0, 0, 0]",1
17,0,208,"[9, 9, 9, 9, 9, 9, 9, 8, 7, 9]","[0, 0, 0, 1, 0, 1, 1, 0, 1, 1]",1
17,0,209,"[5, 4, 5, 4, 6, 7, 5, 3, 8, 6]","[0, 0, 1, 1, 1, 0, 0, 0, 1, 0]",1
17,1,0,"[8, 7, 4, 6, 6, 7, 7, 6, 4, 6]","[0, 1, 0, 1, 1, 0, 1, 1, 0, 0]",1
17,1,1,"[3, 4, 4, 2, 5, 4, 4, 4, 4, 4]","[0, 0, 0, 0, 0, 0, 0, 0, 0, 0]",1
17,1,2,"[2, 7, 2, 2, 2, 2, 3, 2, 2, 2]","[1, 0, 0, 0, 0, 0, 0, 0, 0, 0]",1
17,1,3,"[3, 6, 4, 8, 6, 7, 7, 5, 6, 5]","[0, 0, 0, 0, 0, 0, 1, 0, 0, 0]",1
17,1,4,"[3, 7, 5, 3, 4, 3, 2, 9, 2, 3]","[1, 1, 1, 1, 1, 1, 1, 1, 1, 1]",1
17,1,5,"[4, 5, 5, 4, 4, 5, 4, 3, 3, 5]","[0, 1, 0, 0, 0, 1, 0, 0, 0, 1]",1
17,1,6,"[3, 4, 3, 4, 4, 5, 4, 4, 4, 7]","[0, 1, 0, 0, 0, 1, 0, 0, 0, 0]",1
17,1,7,"[5, 5, 5, 3, 6, 6, 5, 2, 5, 5]","[0, 0, 0, 0, 0, 1, 0, 0, 0, 1]",1
17,1,8,"[3, 3, 3, 3, 3, 3, 3, 3, 3, 3]","[0, 0, 0, 0, 0, 0, 0, 0, 0, 0]",1
17,1,9,"[2, 7, 5, 3, 3, 5, 3, 3, 4, 1]","[0, 0, 0, 1, 1, 0, 0, 0, 0, 0]",1
17,1,10,"[4, 4, 2, 5, 5, 3, 4, 4, 4, 4]","[0, 0, 1, 1, 0, 1, 0, 1, 1, 0]",1
17,1,11,"[2, 3, 3, 3, 3, 3, 3, 3, 4, 3]","[0, 0, 0, 0, 0, 1, 1, 1, 1, 1]",1
17,1,12,"[4, 4, 4, 3, 2, 4, 5, 9, 4, 5]","[0, 1, 0, 0, 0, 0, 0, 1, 0, 1]",1
17,1,13,"[5, 3, 5, 6, 5, 5, 5, 4, 5, 6]","[0, 0, 0, 1, 0, 0, 0, 1, 0, 0]",1
17,1,14,"[3, 4, 4, 4, 3, 3, 9, 4, 3, 2]","[0, 0, 0, 0, 1, 0, 1, 0, 1, 0]",1
17,1,15,"[6, 3, 8, 5, 4, 3, 3, 3, 3, 7]","[0, 0, 1, 1, 0, 0, 0, 0, 1, 0]",1
17,1,16,"[8, 5, 9, 7, 8, 7, 9, 8, 8, 7]","[1, 0, 1, 0, 0, 1, 0, 1, 1, 1]",1
17,1,17,"[4, 4, 5, 5, 5, 5, 5, 5, 6, 6]","[0, 0, 0, 0, 0, 0, 0, 0, 1, 1]",1
17,1,18,"[1, 1, 1, 2, 2, 1, 2, 2, 2, 2]","[0, 0, 0, 0, 0, 0, 1, 1, 0, 0]",1
17,1,19,"[3, 4, 3, 4, 3, 3, 3, 3, 3, 1]","[0, 0, 0, 0, 0, 0, 0, 0, 0, 0]",1
17,1,20,"[5, 2, 2, 8, 4, 5, 4, 6, 3, 6]","[0, 0, 0, 0, 1, 1, 1, 0, 0, 0]",1
17,1,21,"[5, 7, 4, 6, 4, 4, 4, 5, 6, 1]","[0, 1, 0, 1, 0, 0, 0, 0, 1, 0]",1
17,1,22,"[3, 3, 3, 3, 3, 4, 3, 3, 3, 3]","[0, 0, 0, 1, 0, 1, 0, 0, 0, 0]",1
17,1,23,"[3, 3, 4, 4, 4, 5, 4, 4, 4, 4]","[0, 0, 0, 0, 0, 0, 0, 0, 0, 0]",1
17,1,24,"[6, 3, 5, 3, 4, 6, 4, 4, 4, 4]","[0, 0, 0, 0, 0, 0, 0, 0, 0, 0]",1
17,1,25,"[3, 2, 1, 3, 2, 1, 2, 2, 9, 2]","[0, 0, 0, 0, 0, 0, 0, 0, 1, 0]",1
17,1,26,"[5, 5, 9, 6, 9, 6, 9, 5, 5, 9]","[0, 0, 0, 0, 1, 0, 0, 0, 0, 0]",1
17,1,27,"[4, 4, 7, 4, 5, 4, 4, 4, 4, 3]","[0, 0, 0, 0, 0, 0, 0, 0, 0, 0]",1
17,1,28,"[3, 4, 4, 4, 3, 3, 3, 4, 4, 3]","[0, 0, 0, 0, 1, 0, 0, 1, 0, 1]",1
17,1,29,"[9, 5, 7, 8, 9, 9, 9, 9, 7, 9]","[0, 0, 1, 1, 0, 1, 0, 0, 0, 1]",1
17,1,30,"[7, 8, 7, 2, 7, 7, 3, 8, 7, 6]","[1, 0, 1, 0, 1, 0, 0, 1, 1, 0]",1
17,1,31,"[4, 3, 4, 5, 3, 4, 4, 4, 4, 4]","[0, 0, 0, 0, 0, 1, 0, 1, 0, 0]",1
17,1,32,"[4, 4, 4, 5, 4, 4, 3, 2, 4, 3]","[0, 1, 1, 1, 1, 0, 0, 0, 0, 1]",1
17,1,33,"[3, 2, 4, 2, 2, 3, 3, 3, 3, 3]","[0, 0, 0, 0, 0, 0, 0, 0, 0, 0]",1
17,1,34,"[8, 5, 3, 4, 5, 3, 5, 5, 5, 4]","[0, 1, 0, 0, 0, 0, 1, 0, 0, 0]",1
17,1,35,"[5, 2, 2, 3, 7, 3, 8, 3, 5, 2]","[0, 0, 0, 0, 0, 1, 0, 0, 0, 0]",1
17,1,36,"[6, 4, 2, 3, 3, 3, 8, 7, 3, 4]","[1, 0, 0, 0, 0, 0, 1, 1, 0, 0]",1
17,1,37,"[4, 6, 6, 3, 2, 2, 5, 4, 4, 4]","[0, 0, 1, 0, 1, 0, 0, 0, 1, 0]",1
17,1,38,"[4, 4, 3, 3, 4, 4, 3, 4, 9, 4]","[0, 0, 0, 0, 0, 0, 0, 0, 0, 0]",1
17,1,39,"[1, 1, 5, 5, 1, 1, 1, 3, 1, 1]","[1, 0, 0, 1, 1, 0, 0, 0, 0, 0]",1
17,1,40,"[3, 2, 2, 2, 2, 3, 2, 2, 2, 2]","[0, 0, 0, 0, 0, 1, 0, 0, 0, 0]",1
17,1,41,"[1, 4, 4, 5, 5, 5, 6, 6, 3, 7]","[0, 0, 0, 1, 0, 0, 0, 0, 0, 0]",1
17,1,42,"[7, 3, 2, 2, 4, 2, 2, 1, 2, 1]","[1, 0, 0, 0, 1, 0, 0, 0, 0, 0]",1
17,1,43,"[3, 3, 4, 4, 4, 5, 4, 4, 4, 3]","[0, 1, 0, 1, 0, 0, 0, 0, 0, 0]",1
17,1,44,"[4, 9, 4, 3, 9, 3, 3, 4, 4, 5]","[1, 0, 1, 0, 0, 0, 0, 0, 0, 0]",1
17,1,45,"[6, 9, 5, 6, 5, 5, 5, 5, 4, 5]","[0, 0, 0, 1, 0, 0, 0, 0, 0, 1]",1
17,1,46,"[3, 3, 3, 3, 3, 3, 4, 3, 3, 3]","[0, 0, 0, 0, 0, 0, 0, 0, 0, 0]",1
17,1,47,"[4, 4, 4, 3, 4, 5, 4, 4, 5, 4]","[0, 1, 0, 0, 0, 0, 0, 0, 0, 1]",1
17,1,48,"[4, 4, 3, 5, 4, 4, 4, 3, 3, 4]","[0, 0, 0, 0, 0, 0, 0, 0, 0, 1]",1
17,1,49,"[2, 4, 2, 5, 6, 3, 7, 4, 3, 6]","[0, 0, 0, 0, 0, 0, 1, 0, 0, 1]",1
17,1,50,"[4, 4, 6, 4, 4, 4, 4, 4, 4, 4]","[0, 1, 0, 1, 0, 0, 0, 0, 0, 0]",1
17,1,51,"[3, 3, 3, 3, 9, 4, 3, 3, 3, 3]","[0, 0, 0, 0, 0, 0, 0, 0, 1, 0]",1
17,1,52,"[3, 7, 3, 3, 5, 4, 4, 2, 2, 3]","[1, 1, 1, 1, 1, 0, 1, 0, 0, 0]",1
17,1,53,"[2, 4, 4, 4, 4, 4, 4, 5, 4, 4]","[1, 0, 0, 0, 0, 0, 0, 0, 0, 0]",1
17,1,54,"[3, 5, 5, 1, 3, 3, 3, 2, 3, 4]","[0, 0, 0, 0, 0, 0, 0, 0, 1, 1]",1
17,1,55,"[5, 6, 6, 3, 5, 5, 5, 5, 5, 5]","[0, 1, 1, 0, 0, 0, 0, 0, 0, 0]",1
17,1,56,"[2, 1, 3, 5, 3, 6, 5, 5, 2, 6]","[0, 0, 0, 1, 0, 0, 0, 0, 0, 1]",1
17,1,57,"[5, 3, 8, 4, 4, 5, 1, 6, 6, 4]","[1, 0, 0, 0, 0, 1, 0, 0, 0, 0]",1
17,1,58,"[4, 5, 4, 5, 2, 4, 3, 3, 4, 3]","[1, 1, 0, 0, 0, 0, 0, 1, 0, 0]",1
17,1,59,"[4, 4, 3, 4, 5, 2, 4, 7, 3, 8]","[0, 0, 0, 1, 0, 0, 0, 1, 0, 0]",1
17,1,60,"[7, 2, 2, 4, 3, 3, 2, 6, 2, 3]","[0, 0, 1, 0, 0, 0, 1, 1, 0, 0]",1
17,1,61,"[4, 4, 5, 2, 3, 5, 4, 4, 5, 4]","[1, 0, 1, 0, 1, 1, 1, 0, 1, 0]",1
17,1,62,"[9, 9, 9, 9, 9, 9, 9, 9, 9, 9]","[1, 1, 0, 1, 1, 0, 0, 1, 1, 1]",1
17,1,63,"[3, 4, 5, 4, 4, 2, 4, 4, 4, 4]","[0, 0, 1, 1, 0, 1, 1, 0, 0, 0]",1
17,1,64,"[3, 3, 4, 5, 3, 3, 3, 3, 7, 2]","[0, 0, 1, 1, 0, 0, 0, 0, 1, 0]",1
17,1,65,"[2, 5, 5, 4, 6, 3, 5, 1, 2, 4]","[0, 1, 0, 0, 0, 0, 0, 0, 0, 1]",1
17,1,66,"[6, 2, 6, 4, 3, 5, 5, 5, 6, 7]","[1, 0, 0, 0, 0, 0, 1, 0, 0, 1]",1
17,1,67,"[4, 3, 3, 3, 1, 2, 5, 4, 4, 7]","[1, 0, 0, 0, 0, 0, 0, 1, 0, 1]",1
17,1,68,"[5, 5, 5, 5, 4, 1, 4, 7, 1, 6]","[0, 0, 0, 0, 1, 0, 0, 0, 0, 0]",1
17,1,69,"[6, 3, 5, 4, 4, 2, 3, 2, 5, 4]","[0, 0, 0, 0, 0, 0, 0, 0, 1, 1]",1
17,1,70,"[4, 7, 5, 4, 6, 4, 7, 4, 5, 5]","[1, 1, 1, 0, 1, 0, 1, 1, 1, 0]",1
17,1,71,"[5, 3, 3, 3, 3, 3, 3, 3, 3, 3]","[0, 0, 0, 0, 1, 0, 0, 1, 1, 0]",1
17,1,72,"[8, 3, 4, 3, 3, 3, 6, 4, 3, 3]","[0, 0, 0, 1, 0, 0, 0, 0, 0, 0]",1
17,1,73,"[1, 1, 3, 4, 4, 4, 3, 2, 4, 4]","[0, 1, 0, 1, 0, 0, 1, 0, 0, 1]",1
17,1,74,"[1, 2, 4, 3, 4, 3, 4, 2, 3, 1]","[0, 0, 1, 0, 1, 0, 0, 0, 0, 0]",1
17,1,75,"[3, 3, 2, 2, 4, 3, 3, 3, 3, 3]","[1, 0, 0, 0, 0, 0, 0, 0, 0, 0]",1
17,1,76,"[4, 3, 4, 4, 3, 4, 3, 4, 1, 4]","[0, 1, 0, 0, 1, 1, 0, 0, 0, 0]",1
17,1,77,"[4, 4, 4, 4, 3, 4, 4, 3, 4, 3]","[1, 1, 0, 1, 0, 1, 0, 0, 0, 0]",1
17,1,78,"[4, 4, 5, 4, 4, 5, 4, 3, 4, 5]","[1, 0, 0, 0, 0, 1, 0, 0, 0, 1]",1
17,1,79,"[6, 8, 3, 6, 1, 8, 9, 9, 2, 1]","[0, 0, 0, 1, 0, 0, 0, 0, 0, 0]",1
17,1,80,"[7, 7, 5, 8, 5, 5, 6, 5, 7, 6]","[0, 0, 0, 0, 1, 0, 1, 0, 0, 1]",1
17,1,81,"[2, 5, 6, 4, 5, 5, 4, 5, 6, 3]","[1, 0, 1, 0, 0, 1, 1, 0, 0, 1]",1
17,1,82,"[3, 5, 3, 4, 7, 7, 4, 4, 4, 4]","[0, 1, 0, 0, 1, 0, 1, 0, 0, 0]",1
17,1,83,"[7, 2, 6, 6, 7, 2, 1, 7, 6, 3]","[1, 0, 0, 1, 1, 0, 0, 0, 1, 0]",1
17,1,84,"[1, 3, 1, 3, 1, 1, 1, 1, 4, 1]","[1, 1, 0, 0, 1, 0, 0, 0, 0, 0]",1
17,1,85,"[7, 7, 6, 8, 7, 7, 7, 7, 7, 7]","[0, 0, 1, 0, 0, 0, 1, 1, 1, 1]",1
17,1,86,"[6, 5, 7, 6, 5, 6, 6, 7, 8, 7]","[0, 0, 1, 1, 1, 0, 1, 1, 0, 0]",1
17,1,87,"[4, 5, 2, 2, 4, 5, 4, 3, 1, 5]","[0, 1, 0, 0, 1, 1, 1, 0, 0, 0]",1
17,1,88,"[3, 4, 3, 2, 3, 3, 3, 3, 7, 3]","[0, 0, 0, 0, 0, 0, 0, 0, 1, 0]",1
17,1,89,"[6, 6, 5, 5, 6, 7, 7, 4, 7, 6]","[0, 0, 1, 0, 0, 1, 0, 1, 0, 1]",1
17,1,90,"[5, 5, 7, 7, 6, 7, 4, 5, 7, 5]","[0, 0, 0, 0, 0, 0, 0, 0, 0, 0]",1
17,1,91,"[3, 5, 3, 4, 3, 3, 4, 4, 3, 5]","[0, 0, 0, 1, 0, 0, 1, 1, 0, 0]",1
17,1,92,"[4, 4, 5, 4, 6, 5, 7, 6, 4, 6]","[0, 1, 1, 0, 0, 0, 1, 1, 1, 1]",1
17,1,93,"[6, 2, 1, 6, 3, 4, 3, 2, 6, 3]","[0, 0, 0, 1, 0, 1, 1, 1, 0, 1]",1
17,1,94,"[5, 4, 6, 4, 4, 8, 5, 2, 4, 5]","[1, 1, 0, 1, 0, 0, 0, 1, 0, 0]",1
17,1,95,"[4, 4, 4, 4, 4, 4, 5, 4, 7, 5]","[0, 1, 0, 0, 1, 0, 1, 1, 0, 1]",1
17,1,96,"[4, 2, 3, 3, 4, 4, 5, 3, 5, 4]","[0, 1, 0, 1, 0, 0, 0, 0, 0, 0]",1
17,1,97,"[3, 2, 3, 3, 6, 4, 4, 2, 3, 3]","[0, 0, 0, 1, 0, 0, 1, 0, 0, 0]",1
17,1,98,"[9, 7, 3, 2, 9, 8, 9, 7, 2, 3]","[1, 0, 0, 0, 0, 0, 0, 0, 1, 0]",1
17,1,99,"[3, 2, 2, 4, 2, 3, 3, 4, 3, 3]","[0, 0, 0, 0, 0, 0, 0, 1, 0, 0]",1
17,1,100,"[2, 2, 1, 3, 2, 2, 2, 2, 2, 2]","[0, 0, 0, 0, 0, 0, 0, 0, 0, 0]",1
17,1,101,"[4, 6, 2, 4, 3, 4, 4, 5, 5, 5]","[0, 0, 0, 0, 0, 0, 0, 0, 0, 0]",1
17,1,102,"[1, 8, 1, 1, 2, 5, 4, 1, 1, 5]","[0, 0, 0, 0, 0, 0, 0, 0, 0, 0]",1
17,1,103,"[3, 2, 2, 2, 9, 2, 3, 2, 2, 3]","[0, 0, 0, 0, 1, 0, 0, 0, 0, 0]",1
17,1,104,"[8, 8, 8, 9, 9, 8, 8, 8, 8, 9]","[1, 1, 1, 1, 1, 0, 1, 1, 1, 1]",1
17,1,105,"[5, 5, 4, 5, 4, 9, 5, 7, 5, 4]","[0, 0, 1, 1, 0, 1, 1, 1, 1, 1]",1
17,1,106,"[5, 2, 2, 3, 3, 2, 3, 3, 3, 3]","[0, 0, 0, 0, 0, 0, 0, 0, 0, 1]",1
17,1,107,"[4, 3, 2, 3, 5, 3, 3, 3, 6, 8]","[0, 0, 0, 0, 0, 1, 0, 0, 0, 0]",1
17,1,108,"[1, 5, 2, 6, 3, 5, 2, 3, 5, 3]","[0, 1, 0, 0, 0, 0, 0, 0, 0, 0]",1
17,1,109,"[4, 4, 2, 4, 7, 2, 3, 4, 3, 3]","[0, 1, 0, 0, 1, 0, 0, 0, 0, 0]",1
17,1,110,"[5, 2, 3, 5, 3, 3, 2, 5, 4, 2]","[0, 0, 0, 1, 1, 0, 0, 0, 1, 0]",1
17,1,111,"[5, 5, 5, 3, 5, 5, 5, 5, 4, 4]","[1, 0, 0, 0, 0, 1, 1, 0, 0, 0]",1
17,1,112,"[5, 5, 5, 5, 5, 5, 5, 5, 4, 6]","[1, 1, 0, 0, 0, 1, 0, 1, 1, 1]",1
17,1,113,"[4, 5, 1, 6, 3, 6, 2, 6, 5, 5]","[0, 1, 0, 0, 0, 0, 0, 0, 0, 0]",1
17,1,114,"[2, 1, 4, 2, 5, 1, 1, 2, 3, 2]","[0, 0, 0, 0, 0, 0, 0, 0, 0, 0]",1
17,1,115,"[5, 4, 6, 3, 6, 4, 5, 4, 8, 6]","[1, 0, 1, 1, 0, 1, 0, 0, 1, 1]",1
17,1,116,"[5, 3, 5, 6, 5, 5, 2, 5, 6, 4]","[1, 0, 1, 1, 0, 0, 0, 0, 0, 1]",1
17,1,117,"[3, 3, 3, 9, 2, 3, 3, 3, 7, 4]","[0, 1, 0, 1, 0, 0, 0, 0, 0, 0]",1
17,1,118,"[5, 5, 5, 3, 5, 5, 5, 6, 5, 6]","[0, 0, 0, 0, 0, 0, 1, 1, 0, 1]",1
17,1,119,"[6, 6, 7, 6, 6, 6, 7, 6, 6, 6]","[0, 1, 1, 1, 1, 1, 0, 1, 0, 1]",1
17,1,120,"[5, 4, 8, 7, 4, 5, 7, 6, 5, 6]","[0, 0, 0, 0, 1, 0, 1, 1, 1, 1]",1
17,1,121,"[2, 2, 2, 2, 2, 2, 2, 2, 3, 2]","[0, 0, 0, 0, 0, 1, 0, 0, 0, 0]",1
17,1,122,"[4, 3, 3, 4, 4, 5, 4, 4, 5, 4]","[0, 1, 0, 1, 0, 0, 0, 0, 0, 0]",1
17,1,123,"[2, 3, 3, 2, 5, 3, 3, 4, 5, 4]","[0, 0, 0, 0, 0, 0, 0, 0, 0, 0]",1
17,1,124,"[4, 4, 4, 3, 4, 3, 3, 5, 4, 4]","[0, 0, 0, 0, 1, 0, 0, 0, 0, 0]",1
17,1,125,"[2, 3, 3, 3, 3, 4, 2, 4, 3, 3]","[0, 0, 0, 0, 0, 0, 1, 0, 0, 0]",1
17,1,126,"[3, 2, 2, 3, 3, 3, 3, 3, 3, 2]","[0, 0, 0, 0, 0, 0, 0, 0, 0, 0]",1
17,1,127,"[4, 3, 5, 4, 4, 7, 4, 4, 4, 3]","[0, 0, 0, 1, 0, 1, 0, 0, 1, 0]",1
17,1,128,"[6, 6, 2, 5, 5, 6, 2, 7, 7, 7]","[1, 0, 1, 1, 0, 0, 1, 0, 1, 0]",1
17,1,129,"[4, 4, 4, 5, 7, 3, 3, 6, 3, 4]","[1, 0, 0, 1, 0, 0, 0, 0, 0, 1]",1
17,1,130,"[6, 7, 8, 7, 8, 5, 5, 5, 6, 5]","[0, 1, 1, 1, 1, 1, 0, 1, 1, 1]",1
17,1,131,"[1, 8, 1, 1, 1, 1, 8, 5, 1, 8]","[0, 1, 0, 0, 0, 0, 0, 0, 0, 0]",1
17,1,132,"[2, 6, 3, 7, 3, 3, 2, 5, 3, 3]","[0, 0, 0, 0, 0, 0, 0, 1, 0, 0]",1
17,1,133,"[3, 3, 3, 3, 4, 3, 3, 4, 3, 3]","[0, 1, 0, 0, 0, 0, 0, 0, 0, 0]",1
17,1,134,"[5, 4, 4, 6, 2, 6, 4, 4, 3, 4]","[1, 0, 0, 0, 0, 1, 0, 0, 0, 0]",1
17,1,135,"[7, 3, 6, 5, 4, 5, 4, 4, 3, 5]","[0, 0, 0, 0, 0, 0, 0, 0, 0, 0]",1
17,1,136,"[5, 7, 4, 5, 7, 6, 6, 5, 5, 6]","[0, 1, 0, 1, 1, 0, 1, 1, 0, 0]",1
17,1,137,"[4, 1, 4, 2, 3, 2, 4, 3, 2, 3]","[0, 0, 0, 0, 0, 0, 0, 1, 1, 0]",1
17,1,138,"[3, 3, 3, 3, 3, 3, 3, 3, 3, 3]","[0, 1, 1, 0, 1, 1, 1, 0, 0, 0]",1
17,1,139,"[7, 3, 5, 2, 3, 8, 7, 4, 7, 3]","[0, 1, 0, 0, 0, 0, 0, 0, 1, 0]",1
17,1,140,"[5, 4, 7, 4, 7, 5, 6, 4, 6, 4]","[0, 1, 0, 0, 0, 0, 1, 0, 0, 1]",1
17,1,141,"[1, 3, 6, 2, 2, 1, 5, 3, 2, 6]","[1, 0, 1, 1, 1, 0, 1, 1, 0, 0]",1
17,1,142,"[9, 6, 6, 4, 5, 6, 5, 2, 6, 6]","[0, 1, 0, 0, 0, 0, 0, 0, 1, 1]",1
17,1,143,"[3, 3, 4, 4, 3, 3, 7, 3, 3, 3]","[0, 0, 0, 0, 0, 1, 0, 0, 0, 0]",1
17,1,144,"[8, 5, 7, 6, 6, 7, 4, 4, 6, 4]","[0, 0, 0, 0, 0, 1, 0, 0, 0, 0]",1
17,1,145,"[5, 5, 5, 4, 5, 5, 4, 6, 6, 5]","[0, 0, 0, 0, 0, 0, 0, 1, 0, 1]",1
17,1,146,"[6, 6, 7, 6, 6, 6, 6, 7, 5, 6]","[0, 0, 1, 0, 0, 0, 1, 1, 0, 0]",1
17,1,147,"[6, 6, 7, 4, 5, 6, 5, 5, 5, 5]","[1, 0, 0, 0, 0, 0, 0, 0, 0, 0]",1
17,1,148,"[5, 5, 5, 4, 5, 5, 5, 5, 5, 5]","[0, 0, 0, 0, 0, 0, 0, 0, 0, 0]",1
17,1,149,"[1, 6, 4, 4, 6, 5, 6, 3, 3, 4]","[0, 0, 1, 0, 1, 0, 0, 0, 0, 1]",1
17,1,150,"[3, 5, 2, 3, 4, 3, 2, 2, 3, 7]","[0, 0, 0, 0, 0, 0, 0, 0, 0, 0]",1
17,1,151,"[4, 3, 2, 2, 3, 4, 4, 4, 5, 3]","[1, 1, 0, 0, 0, 0, 1, 0, 1, 0]",1
17,1,152,"[2, 2, 2, 3, 4, 2, 3, 2, 4, 4]","[0, 0, 1, 0, 0, 0, 0, 0, 0, 0]",1
17,1,153,"[2, 2, 4, 2, 2, 3, 4, 1, 3, 3]","[0, 0, 0, 0, 0, 0, 0, 0, 0, 0]",1
17,1,154,"[3, 4, 3, 3, 4, 2, 2, 6, 3, 3]","[0, 0, 1, 0, 0, 0, 0, 1, 0, 0]",1
17,1,155,"[6, 5, 4, 4, 5, 4, 5, 6, 4, 3]","[0, 0, 0, 0, 0, 1, 1, 0, 0, 0]",1
17,1,156,"[4, 4, 4, 4, 4, 3, 4, 4, 4, 4]","[0, 0, 0, 0, 0, 0, 1, 0, 0, 0]",1
17,1,157,"[5, 3, 4, 3, 4, 3, 4, 4, 4, 4]","[0, 0, 1, 0, 0, 0, 1, 0, 1, 0]",1
17,1,158,"[4, 2, 3, 3, 3, 9, 9, 3, 2, 8]","[0, 0, 0, 1, 0, 1, 0, 0, 0, 0]",1
17,1,159,"[6, 5, 6, 6, 6, 6, 6, 6, 6, 6]","[0, 0, 1, 1, 1, 0, 0, 1, 1, 1]",1
17,1,160,"[4, 2, 7, 4, 5, 4, 4, 2, 4, 4]","[1, 0, 1, 1, 1, 0, 0, 0, 1, 0]",1
17,1,161,"[9, 4, 9, 7, 7, 4, 4, 7, 8, 8]","[0, 0, 1, 1, 0, 1, 0, 1, 0, 1]",1
17,1,162,"[7, 6, 4, 4, 6, 9, 4, 7, 5, 2]","[1, 1, 1, 0, 0, 1, 1, 1, 0, 0]",1
17,1,163,"[2, 4, 3, 5, 5, 7, 5, 5, 4, 4]","[0, 0, 0, 0, 0, 0, 0, 0, 1, 1]",1
17,1,164,"[9, 9, 9, 9, 9, 9, 9, 9, 9, 9]","[0, 1, 0, 0, 1, 0, 0, 0, 0, 0]",1
17,1,165,"[3, 6, 3, 3, 3, 7, 3, 4, 3, 3]","[0, 0, 0, 0, 0, 1, 0, 1, 0, 0]",1
17,1,166,"[7, 8, 7, 4, 2, 5, 7, 7, 7, 4]","[0, 1, 1, 0, 0, 1, 1, 0, 0, 0]",1
17,1,167,"[9, 9, 9, 9, 9, 9, 9, 4, 9, 9]","[1, 1, 0, 1, 1, 1, 1, 1, 0, 0]",1
17,1,168,"[6, 2, 5, 7, 4, 8, 4, 2, 3, 5]","[0, 0, 1, 0, 0, 1, 0, 0, 0, 0]",1
17,1,169,"[6, 6, 6, 6, 5, 4, 5, 5, 7, 5]","[0, 0, 0, 1, 0, 1, 0, 0, 0, 0]",1
17,1,170,"[3, 4, 2, 6, 1, 3, 5, 5, 1, 3]","[0, 0, 1, 0, 0, 0, 0, 1, 0, 0]",1
17,1,171,"[1, 4, 6, 5, 5, 2, 3, 7, 8, 4]","[0, 0, 1, 1, 1, 0, 0, 1, 1, 0]",1
17,1,172,"[3, 4, 4, 4, 4, 5, 4, 5, 2, 7]","[1, 0, 0, 0, 0, 0, 0, 1, 0, 0]",1
17,1,173,"[5, 4, 5, 5, 5, 2, 5, 5, 4, 1]","[0, 0, 0, 0, 0, 0, 0, 0, 0, 0]",1
17,1,174,"[5, 5, 8, 5, 7, 5, 5, 5, 5, 5]","[0, 1, 1, 0, 0, 1, 1, 1, 0, 1]",1
17,1,175,"[3, 5, 3, 3, 3, 3, 3, 2, 4, 2]","[0, 0, 1, 0, 0, 0, 0, 1, 0, 0]",1
17,1,176,"[5, 5, 6, 4, 7, 5, 4, 5, 6, 5]","[1, 0, 0, 0, 0, 0, 0, 0, 1, 0]",1
17,1,177,"[2, 4, 2, 4, 1, 3, 2, 8, 1, 4]","[0, 0, 1, 0, 0, 1, 0, 1, 0, 1]",1
17,1,178,"[3, 6, 5, 4, 6, 6, 5, 6, 6, 6]","[1, 1, 0, 0, 0, 0, 0, 1, 1, 0]",1
17,1,179,"[6, 4, 4, 6, 4, 3, 9, 3, 4, 3]","[0, 1, 0, 0, 0, 0, 0, 0, 0, 0]",1
17,1,180,"[1, 7, 2, 2, 2, 2, 2, 2, 2, 2]","[0, 1, 0, 0, 0, 1, 0, 0, 0, 0]",1
17,1,181,"[5, 4, 4, 5, 5, 5, 4, 5, 7, 7]","[0, 0, 0, 0, 0, 0, 0, 1, 1, 1]",1
17,1,182,"[2, 2, 3, 7, 7, 8, 5, 6, 7, 7]","[0, 0, 0, 1, 0, 0, 0, 0, 0, 1]",1
17,1,183,"[4, 3, 8, 9, 4, 4, 3, 8, 3, 3]","[0, 0, 1, 0, 1, 0, 0, 1, 1, 0]",1
17,1,184,"[1, 4, 4, 4, 4, 4, 4, 4, 7, 4]","[0, 0, 0, 0, 0, 0, 0, 0, 0, 1]",1
17,1,185,"[6, 6, 7, 6, 4, 7, 5, 5, 7, 7]","[0, 0, 1, 1, 0, 0, 1, 1, 1, 0]",1
17,1,186,"[6, 8, 7, 5, 5, 4, 6, 4, 3, 4]","[0, 0, 0, 1, 1, 0, 1, 0, 0, 1]",1
17,1,187,"[3, 4, 5, 5, 4, 4, 5, 4, 4, 3]","[0, 0, 1, 1, 0, 1, 0, 0, 0, 0]",1
17,1,188,"[5, 2, 5, 4, 3, 3, 4, 3, 2, 2]","[1, 0, 0, 0, 1, 0, 0, 0, 0, 0]",1
17,1,189,"[3, 3, 2, 3, 3, 3, 3, 3, 2, 4]","[0, 0, 0, 0, 0, 0, 0, 0, 0, 0]",1
17,1,190,"[8, 3, 3, 2, 9, 5, 2, 3, 5, 8]","[1, 0, 0, 0, 1, 0, 0, 0, 1, 0]",1
17,1,191,"[6, 6, 6, 6, 6, 6, 6, 6, 6, 3]","[0, 1, 1, 0, 1, 1, 0, 1, 1, 0]",1
17,1,192,"[4, 4, 9, 4, 4, 4, 4, 4, 4, 4]","[0, 0, 1, 0, 0, 0, 0, 0, 0, 0]",1
17,1,193,"[6, 5, 6, 5, 7, 7, 6, 6, 6, 6]","[0, 0, 1, 0, 0, 1, 1, 1, 0, 0]",1
17,1,194,"[3, 2, 4, 3, 1, 1, 5, 2, 4, 7]","[0, 0, 0, 0, 0, 0, 0, 0, 0, 0]",1
17,1,195,"[1, 6, 2, 1, 1, 1, 1, 1, 3, 1]","[1, 1, 0, 0, 0, 0, 0, 0, 0, 0]",1
17,1,196,"[4, 3, 4, 2, 3, 3, 3, 4, 3, 3]","[0, 0, 0, 0, 0, 1, 0, 1, 0, 1]",1
17,1,197,"[7, 7, 7, 7, 7, 6, 7, 7, 9, 2]","[1, 1, 1, 0, 0, 1, 1, 1, 1, 1]",1
17,1,198,"[2, 4, 6, 6, 4, 3, 3, 4, 4, 3]","[0, 0, 1, 0, 0, 0, 0, 0, 0, 0]",1
17,1,199,"[1, 2, 1, 2, 1, 2, 2, 2, 2, 2]","[0, 0, 0, 0, 0, 0, 0, 0, 0, 0]",1
17,1,200,"[3, 2, 2, 2, 2, 2, 2, 2, 3, 2]","[0, 0, 0, 0, 0, 0, 0, 0, 0, 0]",1
17,1,201,"[5, 5, 4, 4, 5, 8, 4, 3, 4, 4]","[0, 1, 1, 1, 1, 1, 0, 1, 0, 1]",1
17,1,202,"[4, 6, 4, 5, 5, 5, 5, 4, 5, 5]","[0, 1, 1, 1, 0, 1, 0, 0, 1, 0]",1
17,1,203,"[2, 3, 3, 3, 2, 3, 3, 3, 3, 3]","[0, 0, 0, 0, 0, 0, 0, 0, 0, 0]",1
17,1,204,"[1, 3, 2, 2, 2, 2, 2, 2, 3, 2]","[0, 0, 0, 0, 0, 0, 0, 0, 0, 0]",1
17,1,205,"[9, 9, 3, 9, 9, 9, 9, 9, 9, 9]","[1, 1, 1, 1, 1, 1, 1, 1, 1, 1]",1
17,1,206,"[6, 3, 6, 2, 3, 4, 5, 3, 3, 3]","[1, 0, 0, 0, 0, 0, 0, 0, 0, 0]",1
17,1,207,"[3, 4, 4, 3, 4, 3, 8, 4, 3, 3]","[0, 0, 0, 0, 0, 1, 1, 0, 0, 0]",1
17,1,208,"[2, 5, 9, 4, 4, 3, 5, 4, 4, 3]","[0, 0, 0, 1, 0, 0, 0, 0, 1, 1]",1
17,1,209,"[4, 4, 3, 3, 3, 4, 3, 4, 5, 3]","[0, 0, 0, 0, 1, 0, 0, 0, 0, 0]",1
18,0,0,"[5, 7, 4, 3, 4, 3, 2, 4, 2, 4]","[0, 0, 0, 0, 0, 0, 0, 0, 0, 0]",1
18,0,1,"[7, 5, 6, 6, 6, 6, 6, 9, 7, 6]","[0, 0, 0, 0, 1, 0, 0, 0, 1, 1]",1
18,0,2,"[6, 8, 5, 6, 8, 8, 6, 6, 3, 8]","[0, 0, 0, 0, 1, 0, 0, 0, 0, 0]",1
18,0,3,"[5, 5, 7, 6, 3, 7, 6, 5, 7, 5]","[0, 0, 0, 0, 1, 1, 0, 0, 1, 0]",1
18,0,4,"[2, 3, 1, 2, 5, 6, 5, 3, 3, 5]","[1, 0, 0, 0, 0, 0, 0, 0, 0, 1]",1
18,0,5,"[5, 8, 7, 4, 5, 5, 6, 5, 7, 4]","[0, 1, 0, 1, 0, 1, 0, 0, 0, 0]",1
18,0,6,"[9, 3, 6, 2, 2, 7, 2, 8, 6, 3]","[0, 0, 0, 0, 0, 0, 0, 1, 0, 0]",1
18,0,7,"[8, 7, 6, 7, 9, 8, 6, 7, 9, 8]","[0, 0, 0, 0, 1, 1, 0, 0, 0, 1]",1
18,0,8,"[4, 5, 5, 3, 4, 4, 4, 8, 3, 4]","[0, 1, 0, 0, 0, 0, 0, 1, 0, 0]",1
18,0,9,"[5, 6, 3, 5, 5, 4, 3, 6, 5, 3]","[0, 0, 0, 0, 0, 0, 0, 0, 0, 0]",1
18,0,10,"[6, 7, 6, 1, 5, 5, 1, 3, 5, 4]","[0, 1, 0, 0, 0, 0, 0, 0, 0, 0]",1
18,0,11,"[2, 5, 5, 7, 6, 6, 4, 5, 6, 5]","[0, 0, 0, 1, 0, 0, 0, 0, 0, 0]",1
18,0,12,"[7, 7, 7, 7, 8, 7, 7, 7, 7, 7]","[0, 1, 0, 1, 0, 0, 0, 1, 0, 0]",1
18,0,13,"[6, 4, 3, 4, 5, 6, 5, 3, 3, 4]","[0, 1, 0, 1, 0, 0, 0, 0, 0, 0]",1
18,0,14,"[7, 5, 7, 5, 6, 4, 6, 5, 5, 5]","[0, 0, 0, 1, 0, 0, 0, 0, 0, 0]",1
18,0,15,"[4, 4, 5, 4, 4, 5, 4, 5, 6, 5]","[0, 0, 0, 0, 0, 1, 0, 1, 0, 0]",1
18,0,16,"[4, 5, 3, 2, 3, 5, 3, 5, 4, 4]","[0, 0, 0, 0, 1, 0, 0, 0, 0, 1]",1
18,0,17,"[6, 7, 8, 6, 6, 7, 7, 6, 6, 5]","[0, 1, 0, 1, 0, 0, 0, 0, 0, 0]",1
18,0,18,"[6, 4, 6, 6, 6, 1, 6, 7, 5, 6]","[0, 0, 0, 1, 0, 0, 1, 0, 0, 0]",1
18,0,19,"[3, 3, 6, 2, 2, 3, 3, 4, 4, 6]","[0, 0, 0, 0, 0, 0, 0, 0, 0, 0]",1
18,0,20,"[5, 6, 6, 5, 6, 5, 4, 3, 6, 7]","[0, 0, 0, 0, 0, 0, 0, 0, 0, 0]",1
18,0,21,"[9, 8, 9, 6, 6, 9, 9, 8, 8, 1]","[0, 1, 0, 0, 1, 0, 0, 0, 0, 0]",1
18,0,22,"[3, 4, 4, 4, 4, 4, 4, 4, 4, 4]","[0, 0, 0, 0, 0, 0, 0, 0, 0, 0]",1
18,0,23,"[6, 3, 4, 5, 3, 7, 3, 5, 3, 5]","[0, 0, 1, 0, 0, 0, 0, 0, 0, 0]",1
18,0,24,"[5, 3, 1, 3, 5, 8, 4, 3, 6, 6]","[0, 0, 0, 0, 0, 0, 0, 0, 0, 0]",1
18,0,25,"[7, 7, 7, 7, 7, 7, 7, 7, 7, 8]","[1, 0, 0, 0, 0, 1, 1, 1, 0, 0]",1
18,0,26,"[9, 9, 9, 9, 9, 9, 6, 6, 6, 1]","[1, 1, 0, 0, 0, 0, 0, 1, 0, 0]",1
18,0,27,"[8, 7, 7, 8, 7, 7, 7, 7, 7, 7]","[1, 1, 1, 1, 1, 0, 0, 0, 1, 1]",1
18,0,28,"[8, 5, 6, 4, 5, 7, 9, 6, 6, 6]","[0, 0, 1, 0, 0, 0, 0, 1, 1, 0]",1
18,0,29,"[9, 9, 9, 9, 9, 9, 9, 9, 9, 9]","[0, 0, 0, 0, 0, 0, 0, 1, 0, 1]",1
18,0,30,"[8, 7, 5, 6, 6, 6, 6, 7, 4, 2]","[0, 0, 0, 0, 1, 0, 0, 1, 0, 0]",1
18,0,31,"[5, 5, 6, 5, 4, 4, 5, 5, 5, 5]","[0, 0, 0, 0, 1, 0, 0, 0, 0, 0]",1
18,0,32,"[4, 6, 6, 4, 3, 2, 5, 4, 4, 4]","[0, 0, 0, 0, 0, 1, 0, 1, 0, 0]",1
18,0,33,"[3, 3, 3, 3, 3, 3, 2, 3, 3, 3]","[0, 0, 0, 0, 0, 0, 0, 0, 0, 0]",1
18,0,34,"[9, 7, 7, 7, 7, 8, 5, 7, 7, 5]","[1, 0, 0, 0, 0, 0, 0, 0, 1, 0]",1
18,0,35,"[4, 4, 4, 5, 4, 4, 4, 7, 4, 5]","[0, 0, 0, 0, 0, 0, 0, 0, 0, 1]",1
18,0,36,"[2, 9, 9, 9, 8, 7, 9, 6, 5, 8]","[0, 0, 0, 0, 0, 0, 1, 0, 0, 0]",1
18,0,37,"[6, 7, 4, 6, 7, 7, 6, 6, 6, 5]","[0, 0, 0, 0, 0, 0, 0, 1, 0, 0]",1
18,0,38,"[6, 5, 5, 5, 4, 5, 4, 4, 5, 5]","[0, 0, 0, 0, 0, 0, 0, 0, 0, 0]",1
18,0,39,"[3, 1, 1, 2, 7, 4, 1, 1, 5, 1]","[0, 0, 0, 0, 0, 1, 0, 0, 0, 0]",1
18,0,40,"[3, 3, 3, 3, 3, 3, 3, 2, 3, 3]","[1, 0, 1, 0, 0, 0, 0, 0, 0, 0]",1
18,0,41,"[5, 3, 6, 2, 4, 5, 5, 5, 1, 4]","[0, 0, 0, 0, 0, 1, 0, 0, 0, 0]",1
18,0,42,"[3, 3, 3, 4, 4, 3, 3, 7, 2, 3]","[1, 0, 0, 0, 1, 0, 1, 1, 0, 0]",1
18,0,43,"[7, 7, 9, 5, 7, 7, 4, 4, 1, 8]","[0, 1, 1, 0, 1, 1, 0, 0, 0, 0]",1
18,0,44,"[5, 5, 4, 2, 8, 4, 6, 4, 5, 3]","[1, 0, 0, 0, 0, 0, 0, 0, 0, 0]",1
18,0,45,"[4, 4, 4, 4, 5, 4, 6, 5, 5, 3]","[0, 0, 0, 1, 0, 0, 0, 0, 1, 0]",1
18,0,46,"[3, 3, 4, 3, 5, 2, 3, 3, 3, 3]","[0, 0, 0, 0, 0, 0, 0, 0, 0, 0]",1
18,0,47,"[9, 6, 6, 6, 6, 6, 8, 4, 5, 9]","[0, 0, 0, 1, 0, 1, 0, 0, 0, 0]",1
18,0,48,"[5, 5, 5, 5, 5, 5, 5, 6, 6, 6]","[0, 0, 1, 0, 0, 1, 0, 1, 0, 0]",1
18,0,49,"[3, 4, 4, 5, 1, 4, 4, 4, 5, 5]","[0, 1, 0, 0, 0, 0, 0, 1, 0, 0]",1
18,0,50,"[6, 7, 5, 7, 7, 6, 5, 8, 6, 8]","[0, 1, 1, 0, 1, 1, 1, 1, 0, 1]",1
18,0,51,"[4, 1, 6, 6, 6, 5, 5, 6, 5, 6]","[0, 0, 0, 1, 0, 0, 1, 0, 0, 0]",1
18,0,52,"[3, 4, 3, 5, 2, 2, 3, 4, 1, 2]","[0, 0, 0, 0, 0, 0, 0, 1, 0, 0]",1
18,0,53,"[4, 4, 4, 4, 4, 3, 4, 4, 3, 4]","[0, 0, 0, 0, 0, 0, 0, 0, 0, 0]",1
18,0,54,"[9, 9, 4, 9, 5, 7, 6, 6, 9, 8]","[1, 0, 0, 0, 0, 0, 0, 0, 1, 0]",1
18,0,55,"[6, 6, 7, 6, 6, 6, 6, 7, 6, 7]","[0, 1, 0, 1, 0, 1, 0, 1, 0, 1]",1
18,0,56,"[1, 1, 1, 1, 1, 1, 1, 3, 5, 1]","[0, 0, 0, 0, 0, 0, 1, 0, 0, 0]",1
18,0,57,"[4, 9, 4, 4, 4, 4, 5, 2, 3, 6]","[0, 0, 0, 0, 0, 0, 0, 0, 0, 0]",1
18,0,58,"[6, 5, 5, 2, 2, 6, 6, 6, 6, 5]","[0, 0, 0, 1, 0, 0, 0, 0, 0, 1]",1
18,0,59,"[1, 2, 4, 4, 5, 4, 4, 4, 3, 4]","[0, 0, 0, 0, 0, 0, 0, 0, 0, 0]",1
18,0,60,"[3, 3, 6, 5, 6, 3, 5, 6, 7, 3]","[1, 0, 1, 0, 0, 0, 0, 0, 0, 0]",1
18,0,61,"[7, 4, 3, 5, 4, 5, 4, 5, 3, 3]","[0, 0, 0, 0, 0, 1, 0, 1, 0, 0]",1
18,0,62,"[9, 9, 8, 9, 9, 9, 9, 9, 9, 9]","[1, 1, 0, 0, 0, 0, 1, 0, 1, 1]",1
18,0,63,"[6, 5, 6, 6, 5, 6, 6, 6, 6, 6]","[0, 1, 0, 0, 0, 0, 0, 1, 0, 0]",1
18,0,64,"[4, 4, 5, 3, 4, 1, 5, 4, 4, 4]","[0, 0, 0, 0, 0, 0, 0, 0, 0, 0]",1
18,0,65,"[4, 4, 3, 6, 5, 5, 3, 5, 5, 5]","[0, 0, 0, 0, 0, 0, 0, 0, 0, 0]",1
18,0,66,"[5, 5, 8, 4, 5, 6, 5, 3, 4, 5]","[0, 1, 1, 0, 0, 0, 0, 0, 0, 0]",1
18,0,67,"[5, 5, 3, 7, 6, 6, 5, 6, 5, 5]","[0, 1, 1, 0, 0, 0, 0, 0, 0, 1]",1
18,0,68,"[5, 4, 4, 4, 5, 5, 7, 5, 7, 5]","[0, 0, 0, 1, 0, 0, 1, 0, 1, 0]",1
18,0,69,"[6, 6, 2, 2, 5, 4, 6, 6, 6, 4]","[0, 0, 0, 0, 0, 0, 0, 0, 0, 0]",1
18,0,70,"[5, 8, 6, 6, 6, 6, 6, 6, 6, 5]","[0, 1, 0, 0, 0, 0, 0, 0, 0, 0]",1
18,0,71,"[5, 5, 8, 5, 5, 5, 5, 5, 5, 6]","[0, 0, 0, 0, 1, 0, 0, 0, 0, 1]",1
18,0,72,"[5, 5, 5, 4, 4, 5, 4, 4, 4, 5]","[0, 0, 0, 0, 0, 0, 0, 0, 0, 0]",1
18,0,73,"[6, 5, 6, 5, 5, 6, 6, 7, 6, 7]","[1, 0, 0, 0, 0, 1, 1, 1, 0, 0]",1
18,0,74,"[7, 5, 4, 4, 2, 1, 1, 3, 2, 4]","[0, 0, 0, 0, 0, 0, 0, 0, 0, 0]",1
18,0,75,"[3, 7, 2, 2, 3, 4, 4, 2, 3, 2]","[0, 0, 0, 0, 0, 0, 1, 0, 0, 0]",1
18,0,76,"[5, 4, 2, 3, 7, 2, 5, 1, 4, 5]","[0, 0, 0, 1, 1, 0, 0, 0, 0, 1]",1
18,0,77,"[5, 6, 6, 8, 6, 6, 6, 8, 9, 7]","[0, 0, 0, 0, 0, 1, 0, 0, 0, 1]",1
18,0,78,"[5, 6, 5, 5, 5, 6, 5, 7, 6, 7]","[1, 1, 1, 0, 1, 0, 0, 0, 0, 0]",1
18,0,79,"[9, 3, 5, 6, 4, 3, 4, 4, 4, 6]","[0, 0, 0, 0, 0, 0, 0, 1, 0, 1]",1
18,0,80,"[7, 6, 7, 8, 8, 8, 9, 9, 7, 8]","[0, 0, 0, 0, 0, 0, 0, 0, 0, 1]",1
18,0,81,"[5, 5, 5, 5, 5, 6, 4, 5, 5, 1]","[1, 0, 0, 0, 0, 0, 0, 0, 0, 0]",1
18,0,82,"[8, 5, 7, 6, 6, 7, 6, 6, 5, 4]","[1, 0, 1, 0, 0, 0, 0, 0, 1, 0]",1
18,0,83,"[8, 7, 6, 7, 6, 6, 8, 7, 6, 2]","[1, 1, 0, 0, 1, 0, 1, 0, 0, 0]",1
18,0,84,"[5, 5, 3, 3, 5, 5, 6, 1, 7, 3]","[0, 0, 0, 0, 0, 0, 0, 0, 1, 0]",1
18,0,85,"[6, 6, 6, 6, 5, 7, 6, 6, 6, 6]","[0, 0, 0, 0, 0, 0, 1, 0, 0, 1]",1
18,0,86,"[8, 9, 9, 9, 9, 9, 9, 5, 9, 9]","[1, 1, 0, 0, 0, 1, 1, 1, 0, 0]",1
18,0,87,"[5, 4, 7, 5, 5, 5, 2, 1, 5, 3]","[0, 0, 0, 0, 1, 0, 0, 0, 0, 0]",1
18,0,88,"[5, 6, 9, 5, 6, 6, 5, 5, 5, 6]","[0, 1, 0, 0, 1, 0, 1, 0, 1, 0]",1
18,0,89,"[6, 4, 6, 7, 7, 5, 6, 6, 7, 6]","[1, 0, 0, 0, 0, 0, 1, 0, 0, 0]",1
18,0,90,"[9, 9, 9, 9, 9, 9, 9, 9, 9, 9]","[0, 0, 1, 1, 1, 1, 0, 0, 1, 1]",1
18,0,91,"[6, 5, 5, 6, 5, 6, 4, 4, 5, 9]","[1, 1, 0, 0, 0, 0, 0, 0, 0, 0]",1
18,0,92,"[5, 6, 8, 7, 5, 4, 4, 5, 5, 4]","[1, 0, 1, 0, 1, 0, 0, 0, 0, 0]",1
18,0,93,"[4, 1, 1, 4, 1, 7, 3, 3, 3, 3]","[0, 0, 0, 0, 1, 1, 0, 0, 0, 0]",1
18,0,94,"[5, 5, 3, 5, 9, 7, 8, 7, 6, 4]","[0, 1, 0, 1, 0, 0, 1, 1, 0, 0]",1
18,0,95,"[2, 2, 2, 2, 2, 3, 2, 3, 2, 2]","[0, 0, 0, 0, 0, 0, 0, 0, 0, 0]",1
18,0,96,"[6, 4, 4, 5, 6, 3, 4, 4, 6, 4]","[1, 0, 1, 0, 0, 1, 0, 0, 0, 0]",1
18,0,97,"[3, 4, 4, 5, 6, 5, 4, 4, 1, 4]","[0, 0, 0, 0, 0, 1, 0, 0, 0, 1]",1
18,0,98,"[9, 9, 9, 9, 9, 9, 9, 9, 9, 9]","[1, 0, 1, 0, 0, 1, 0, 1, 0, 1]",1
18,0,99,"[3, 6, 2, 2, 2, 1, 2, 2, 3, 2]","[0, 0, 1, 0, 0, 1, 1, 0, 0, 0]",1
18,0,100,"[4, 3, 6, 4, 9, 2, 3, 3, 4, 4]","[0, 0, 0, 0, 0, 0, 0, 0, 0, 0]",1
18,0,101,"[9, 8, 8, 8, 8, 8, 8, 8, 8, 8]","[0, 0, 0, 1, 0, 0, 0, 0, 0, 0]",1
18,0,102,"[3, 5, 2, 4, 5, 6, 5, 7, 2, 7]","[0, 0, 0, 1, 0, 1, 0, 1, 0, 1]",1
18,0,103,"[7, 7, 7, 7, 7, 7, 7, 7, 7, 7]","[0, 0, 0, 1, 1, 0, 0, 0, 0, 0]",1
18,0,104,"[8, 9, 9, 9, 9, 9, 9, 9, 9, 9]","[0, 0, 0, 0, 0, 1, 0, 1, 0, 0]",1
18,0,105,"[6, 5, 7, 8, 5, 5, 6, 8, 6, 5]","[0, 0, 0, 0, 0, 1, 0, 0, 0, 0]",1
18,0,106,"[6, 6, 5, 6, 5, 5, 5, 5, 6, 6]","[0, 0, 1, 0, 0, 0, 0, 0, 0, 0]",1
18,0,107,"[7, 4, 4, 3, 5, 4, 4, 4, 2, 4]","[0, 0, 0, 0, 0, 0, 1, 0, 0, 0]",1
18,0,108,"[4, 7, 2, 4, 5, 5, 1, 9, 8, 4]","[0, 0, 0, 1, 0, 0, 1, 1, 1, 1]",1
18,0,109,"[4, 5, 6, 9, 6, 8, 5, 7, 5, 6]","[0, 0, 0, 0, 1, 0, 0, 0, 0, 0]",1
18,0,110,"[8, 7, 2, 9, 9, 9, 8, 7, 9, 8]","[1, 1, 0, 1, 1, 0, 1, 0, 1, 1]",1
18,0,111,"[7, 3, 7, 6, 8, 9, 7, 7, 7, 8]","[0, 0, 0, 1, 1, 1, 1, 0, 0, 0]",1
18,0,112,"[4, 4, 4, 4, 4, 5, 4, 4, 4, 4]","[0, 0, 0, 0, 0, 0, 0, 0, 1, 0]",1
18,0,113,"[7, 3, 1, 5, 6, 3, 4, 4, 7, 4]","[0, 0, 0, 0, 0, 0, 0, 0, 1, 0]",1
18,0,114,"[3, 3, 3, 4, 4, 4, 7, 2, 5, 3]","[0, 1, 0, 0, 0, 0, 0, 0, 0, 0]",1
18,0,115,"[9, 9, 9, 8, 6, 9, 9, 9, 9, 9]","[0, 0, 0, 0, 1, 0, 0, 1, 0, 1]",1
18,0,116,"[9, 4, 9, 9, 9, 9, 9, 9, 9, 9]","[1, 0, 0, 1, 0, 0, 1, 1, 0, 1]",1
18,0,117,"[6, 5, 5, 5, 5, 5, 5, 5, 5, 5]","[0, 0, 0, 0, 0, 0, 1, 0, 0, 0]",1
18,0,118,"[7, 7, 7, 3, 7, 7, 8, 7, 7, 8]","[1, 0, 0, 1, 0, 0, 1, 0, 0, 1]",1
18,0,119,"[5, 4, 6, 5, 5, 5, 5, 5, 6, 5]","[0, 1, 0, 1, 0, 1, 0, 0, 0, 0]",1
18,0,120,"[7, 7, 8, 7, 5, 4, 4, 5, 6, 5]","[1, 1, 0, 1, 0, 0, 0, 0, 0, 0]",1
18,0,121,"[5, 5, 5, 5, 5, 5, 6, 5, 5, 5]","[0, 0, 1, 0, 0, 1, 0, 1, 0, 0]",1
18,0,122,"[5, 6, 4, 7, 5, 5, 5, 5, 5, 5]","[0, 1, 0, 1, 0, 0, 0, 0, 0, 1]",1
18,0,123,"[5, 5, 6, 6, 6, 8, 6, 5, 5, 6]","[0, 0, 0, 0, 0, 0, 0, 0, 0, 1]",1
18,0,124,"[8, 9, 7, 9, 7, 9, 8, 9, 2, 7]","[0, 1, 0, 0, 1, 0, 0, 1, 0, 0]",1
18,0,125,"[5, 5, 5, 6, 5, 5, 5, 5, 5, 5]","[1, 0, 1, 0, 1, 0, 0, 0, 0, 0]",1
18,0,126,"[6, 4, 7, 7, 8, 6, 7, 5, 5, 4]","[1, 0, 0, 0, 0, 0, 0, 0, 0, 0]",1
18,0,127,"[4, 5, 4, 4, 4, 4, 4, 5, 4, 5]","[0, 1, 0, 0, 0, 0, 1, 1, 0, 0]",1
18,0,128,"[8, 7, 7, 7, 8, 6, 7, 8, 6, 5]","[0, 0, 0, 1, 0, 1, 0, 1, 0, 0]",1
18,0,129,"[7, 6, 6, 6, 7, 7, 7, 9, 7, 5]","[0, 0, 1, 0, 0, 1, 1, 1, 0, 0]",1
18,0,130,"[7, 9, 6, 7, 8, 2, 7, 7, 7, 4]","[0, 1, 0, 1, 0, 0, 1, 1, 0, 0]",1
18,0,131,"[6, 7, 6, 6, 6, 8, 5, 5, 9, 6]","[0, 0, 1, 0, 0, 1, 1, 0, 1, 1]",1
18,0,132,"[7, 4, 2, 4, 6, 5, 5, 6, 6, 7]","[1, 0, 0, 0, 0, 1, 0, 0, 0, 0]",1
18,0,133,"[9, 9, 9, 9, 9, 9, 9, 4, 9, 9]","[0, 0, 0, 0, 1, 1, 0, 0, 0, 0]",1
18,0,134,"[6, 6, 5, 7, 6, 6, 6, 7, 9, 6]","[0, 0, 0, 0, 0, 1, 0, 1, 0, 0]",1
18,0,135,"[8, 6, 6, 7, 7, 8, 4, 5, 4, 4]","[1, 1, 0, 0, 1, 1, 0, 0, 0, 0]",1
18,0,136,"[5, 7, 2, 6, 7, 6, 6, 7, 9, 7]","[0, 0, 0, 1, 0, 0, 0, 0, 1, 1]",1
18,0,137,"[5, 3, 6, 5, 7, 3, 5, 5, 7, 7]","[0, 1, 1, 0, 0, 0, 1, 0, 0, 1]",1
18,0,138,"[4, 5, 5, 5, 5, 5, 5, 6, 5, 5]","[0, 0, 0, 0, 0, 0, 0, 1, 0, 0]",1
18,0,139,"[3, 3, 4, 4, 4, 4, 4, 4, 6, 4]","[0, 0, 0, 0, 0, 0, 0, 0, 0, 0]",1
18,0,140,"[5, 6, 8, 5, 8, 8, 5, 4, 5, 3]","[0, 0, 0, 1, 1, 0, 0, 0, 0, 0]",1
18,0,141,"[4, 4, 4, 5, 2, 5, 2, 4, 5, 4]","[0, 0, 0, 0, 0, 0, 0, 0, 1, 0]",1
18,0,142,"[3, 5, 6, 5, 8, 6, 4, 6, 6, 5]","[0, 0, 0, 0, 0, 0, 0, 1, 0, 0]",1
18,0,143,"[4, 8, 5, 4, 5, 4, 4, 5, 4, 9]","[0, 0, 0, 0, 0, 0, 0, 0, 0, 0]",1
18,0,144,"[8, 6, 6, 7, 7, 7, 6, 9, 6, 6]","[1, 0, 0, 0, 0, 0, 0, 0, 0, 0]",1
18,0,145,"[6, 6, 7, 6, 8, 6, 6, 6, 6, 6]","[0, 0, 1, 0, 0, 0, 0, 0, 0, 0]",1
18,0,146,"[6, 5, 7, 7, 1, 6, 6, 6, 6, 6]","[0, 0, 0, 0, 0, 0, 0, 0, 0, 0]",1
18,0,147,"[5, 6, 7, 6, 1, 5, 6, 5, 5, 6]","[0, 0, 0, 0, 0, 0, 0, 0, 0, 0]",1
18,0,148,"[5, 4, 5, 4, 1, 5, 4, 5, 5, 4]","[0, 0, 0, 1, 0, 0, 1, 0, 0, 1]",1
18,0,149,"[5, 5, 6, 7, 7, 5, 5, 5, 6, 7]","[0, 0, 0, 1, 0, 0, 0, 1, 0, 0]",1
18,0,150,"[4, 6, 3, 5, 6, 5, 6, 3, 7, 6]","[0, 0, 0, 0, 0, 0, 0, 0, 0, 0]",1
18,0,151,"[6, 4, 4, 4, 5, 7, 5, 6, 4, 3]","[0, 0, 0, 0, 0, 0, 0, 0, 0, 0]",1
18,0,152,"[5, 2, 4, 4, 6, 5, 5, 5, 5, 3]","[0, 0, 0, 0, 0, 0, 0, 1, 0, 0]",1
18,0,153,"[6, 6, 6, 7, 6, 6, 5, 7, 7, 6]","[0, 0, 0, 0, 0, 0, 1, 1, 1, 0]",1
18,0,154,"[5, 9, 3, 8, 6, 7, 9, 7, 9, 9]","[1, 1, 0, 1, 0, 0, 0, 0, 0, 1]",1
18,0,155,"[4, 5, 6, 9, 8, 4, 4, 4, 5, 5]","[0, 0, 0, 0, 0, 0, 0, 0, 0, 0]",1
18,0,156,"[2, 2, 2, 3, 1, 2, 2, 2, 2, 2]","[0, 0, 0, 0, 0, 0, 0, 0, 0, 0]",1
18,0,157,"[6, 6, 5, 1, 6, 5, 7, 6, 5, 6]","[0, 0, 1, 0, 0, 0, 1, 0, 0, 0]",1
18,0,158,"[8, 7, 7, 7, 7, 7, 8, 7, 7, 7]","[0, 1, 1, 1, 0, 0, 1, 0, 0, 1]",1
18,0,159,"[5, 6, 7, 6, 6, 5, 5, 6, 6, 6]","[1, 0, 0, 0, 0, 1, 0, 0, 0, 0]",1
18,0,160,"[5, 5, 5, 6, 9, 6, 9, 6, 9, 6]","[0, 0, 0, 0, 0, 0, 1, 0, 0, 0]",1
18,0,161,"[4, 5, 6, 4, 5, 4, 5, 5, 4, 5]","[0, 0, 0, 0, 0, 0, 0, 0, 0, 0]",1
18,0,162,"[9, 9, 9, 2, 9, 9, 8, 9, 8, 9]","[0, 0, 0, 0, 0, 0, 0, 0, 1, 0]",1
18,0,163,"[7, 7, 6, 8, 8, 4, 7, 8, 5, 8]","[1, 0, 0, 0, 0, 0, 0, 0, 0, 0]",1
18,0,164,"[9, 9, 9, 9, 9, 9, 9, 9, 9, 9]","[0, 0, 1, 1, 0, 1, 0, 0, 0, 0]",1
18,0,165,"[6, 6, 6, 6, 7, 6, 6, 6, 8, 6]","[0, 0, 0, 0, 1, 0, 1, 0, 0, 1]",1
18,0,166,"[1, 7, 6, 7, 6, 6, 8, 5, 8, 6]","[0, 0, 0, 0, 0, 0, 0, 0, 0, 0]",1
18,0,167,"[8, 6, 7, 7, 7, 7, 7, 7, 7, 8]","[0, 0, 1, 0, 0, 0, 0, 0, 0, 1]",1
18,0,168,"[6, 7, 7, 6, 7, 7, 6, 7, 7, 6]","[1, 0, 0, 0, 1, 0, 0, 0, 0, 0]",1
18,0,169,"[6, 5, 7, 6, 6, 7, 6, 5, 6, 7]","[0, 0, 0, 0, 0, 0, 0, 0, 0, 0]",1
18,0,170,"[9, 9, 9, 9, 9, 9, 7, 9, 9, 4]","[1, 0, 1, 0, 0, 0, 0, 0, 1, 1]",1
18,0,171,"[3, 9, 6, 6, 9, 6, 6, 6, 2, 6]","[0, 0, 0, 1, 0, 0, 1, 0, 1, 0]",1
18,0,172,"[3, 8, 6, 7, 7, 7, 7, 7, 8, 6]","[1, 1, 0, 0, 1, 0, 0, 0, 0, 0]",1
18,0,173,"[8, 7, 6, 4, 8, 8, 6, 5, 8, 5]","[0, 0, 0, 0, 0, 0, 0, 1, 0, 0]",1
18,0,174,"[8, 4, 5, 8, 5, 5, 2, 8, 4, 9]","[0, 0, 0, 0, 0, 0, 0, 0, 0, 1]",1
18,0,175,"[4, 4, 1, 4, 4, 4, 4, 4, 5, 4]","[0, 0, 0, 0, 0, 0, 0, 0, 0, 0]",1
18,0,176,"[7, 7, 7, 7, 5, 7, 7, 2, 6, 5]","[0, 0, 0, 0, 1, 0, 0, 0, 0, 0]",1
18,0,177,"[3, 9, 8, 1, 6, 8, 6, 9, 9, 9]","[0, 1, 1, 0, 1, 0, 0, 1, 0, 1]",1
18,0,178,"[7, 6, 5, 6, 7, 8, 6, 6, 7, 6]","[0, 0, 0, 0, 0, 0, 0, 0, 0, 1]",1
18,0,179,"[8, 6, 9, 6, 9, 7, 7, 8, 7, 8]","[0, 0, 0, 0, 1, 1, 0, 1, 0, 0]",1
18,0,180,"[4, 4, 4, 4, 5, 4, 4, 4, 5, 9]","[1, 0, 0, 0, 0, 1, 0, 0, 0, 0]",1
18,0,181,"[6, 5, 3, 3, 8, 4, 2, 2, 7, 6]","[0, 0, 0, 0, 0, 0, 0, 0, 0, 0]",1
18,0,182,"[9, 9, 6, 1, 9, 6, 8, 9, 9, 9]","[1, 1, 1, 0, 0, 0, 1, 1, 0, 0]",1
18,0,183,"[6, 5, 6, 6, 6, 5, 8, 6, 6, 5]","[0, 1, 0, 1, 0, 0, 0, 0, 0, 0]",1
18,0,184,"[8, 5, 6, 6, 7, 6, 6, 6, 7, 6]","[0, 0, 0, 1, 0, 0, 0, 1, 1, 0]",1
18,0,185,"[7, 4, 8, 2, 6, 3, 5, 6, 3, 7]","[0, 0, 0, 0, 1, 0, 0, 0, 1, 0]",1
18,0,186,"[8, 9, 4, 9, 9, 9, 4, 6, 4, 4]","[0, 1, 0, 0, 0, 1, 0, 0, 0, 1]",1
18,0,187,"[7, 5, 5, 4, 6, 5, 6, 4, 5, 4]","[1, 1, 0, 0, 0, 0, 0, 1, 0, 1]",1
18,0,188,"[9, 9, 8, 9, 9, 9, 9, 9, 9, 9]","[0, 1, 1, 0, 0, 1, 1, 1, 0, 0]",1
18,0,189,"[5, 5, 5, 5, 5, 5, 5, 6, 6, 5]","[1, 0, 0, 0, 0, 0, 0, 0, 0, 0]",1
18,0,190,"[6, 7, 1, 5, 5, 6, 6, 5, 3, 6]","[1, 0, 0, 0, 0, 0, 0, 0, 0, 0]",1
18,0,191,"[9, 9, 9, 9, 9, 9, 1, 9, 9, 9]","[0, 0, 1, 0, 1, 0, 0, 1, 1, 0]",1
18,0,192,"[9, 9, 8, 9, 9, 9, 8, 9, 9, 8]","[1, 1, 1, 0, 0, 1, 1, 0, 1, 1]",1
18,0,193,"[6, 6, 4, 6, 6, 5, 9, 6, 5, 6]","[0, 0, 0, 1, 0, 0, 0, 0, 0, 1]",1
18,0,194,"[5, 4, 7, 5, 8, 8, 7, 5, 5, 7]","[1, 0, 0, 1, 1, 1, 1, 0, 1, 0]",1
18,0,195,"[3, 2, 4, 3, 2, 3, 4, 1, 4, 1]","[1, 0, 0, 1, 0, 1, 0, 0, 0, 0]",1
18,0,196,"[2, 5, 4, 5, 5, 1, 4, 4, 3, 4]","[0, 0, 0, 0, 0, 0, 0, 0, 0, 0]",1
18,0,197,"[6, 6, 6, 6, 6, 6, 5, 6, 1, 6]","[0, 0, 1, 0, 1, 0, 0, 1, 0, 0]",1
18,0,198,"[5, 7, 3, 1, 5, 5, 1, 3, 5, 5]","[0, 0, 0, 1, 0, 0, 0, 0, 0, 0]",1
18,0,199,"[5, 5, 5, 5, 5, 5, 5, 5, 5, 5]","[1, 1, 0, 0, 0, 0, 1, 1, 0, 0]",1
18,0,200,"[5, 4, 5, 5, 5, 4, 5, 6, 6, 5]","[0, 0, 0, 0, 0, 0, 0, 0, 0, 0]",1
18,0,201,"[8, 3, 8, 8, 7, 9, 6, 6, 9, 7]","[1, 0, 0, 0, 1, 0, 0, 0, 1, 0]",1
18,0,202,"[5, 6, 5, 6, 5, 9, 5, 5, 6, 5]","[0, 0, 1, 0, 1, 1, 0, 0, 0, 0]",1
18,0,203,"[3, 4, 3, 4, 4, 4, 4, 8, 4, 2]","[0, 0, 0, 0, 0, 0, 0, 0, 0, 0]",1
18,0,204,"[7, 8, 8, 9, 7, 9, 9, 8, 7, 8]","[1, 0, 1, 0, 0, 0, 1, 0, 0, 0]",1
18,0,205,"[9, 9, 9, 8, 2, 8, 9, 9, 9, 9]","[0, 1, 0, 0, 0, 0, 0, 1, 0, 1]",1
18,0,206,"[3, 8, 8, 8, 8, 8, 3, 8, 8, 8]","[0, 1, 0, 1, 1, 0, 0, 0, 0, 0]",1
18,0,207,"[8, 4, 4, 4, 6, 4, 4, 3, 4, 3]","[0, 0, 0, 0, 0, 0, 0, 0, 0, 0]",1
18,0,208,"[7, 8, 7, 6, 7, 7, 7, 7, 8, 7]","[0, 0, 0, 0, 0, 1, 1, 0, 1, 1]",1
18,0,209,"[6, 5, 4, 5, 7, 5, 5, 7, 4, 6]","[0, 0, 0, 0, 1, 0, 0, 0, 0, 0]",1
18,1,0,"[4, 6, 7, 4, 4, 4, 3, 3, 5, 5]","[1, 0, 1, 0, 0, 0, 0, 0, 1, 0]",1
18,1,1,"[7, 4, 4, 5, 4, 4, 4, 5, 6, 4]","[0, 1, 0, 0, 0, 0, 0, 0, 0, 1]",1
18,1,2,"[5, 4, 2, 5, 5, 5, 5, 2, 5, 5]","[1, 1, 1, 0, 1, 1, 1, 0, 1, 1]",1
18,1,3,"[6, 6, 6, 7, 5, 7, 7, 6, 6, 6]","[0, 0, 1, 0, 0, 0, 0, 0, 0, 0]",1
18,1,4,"[4, 4, 4, 5, 4, 5, 3, 5, 2, 3]","[0, 0, 0, 1, 1, 0, 1, 0, 0, 0]",1
18,1,5,"[2, 5, 6, 6, 5, 5, 3, 3, 6, 5]","[0, 1, 0, 0, 0, 1, 0, 1, 1, 0]",1
18,1,6,"[4, 2, 4, 4, 3, 3, 4, 6, 5, 8]","[0, 0, 0, 0, 0, 1, 0, 1, 0, 0]",1
18,1,7,"[4, 5, 4, 4, 5, 6, 6, 3, 5, 4]","[1, 0, 0, 0, 1, 0, 1, 1, 1, 0]",1
18,1,8,"[3, 3, 3, 3, 3, 3, 3, 3, 4, 4]","[0, 0, 0, 0, 0, 0, 0, 0, 0, 0]",1
18,1,9,"[1, 3, 3, 4, 5, 4, 3, 6, 1, 3]","[0, 0, 0, 0, 1, 0, 0, 0, 0, 1]",1
18,1,10,"[4, 5, 4, 5, 4, 5, 4, 5, 3, 2]","[0, 0, 0, 0, 0, 0, 0, 0, 1, 0]",1
18,1,11,"[4, 6, 5, 9, 5, 4, 4, 2, 2, 6]","[1, 0, 0, 0, 0, 0, 0, 0, 0, 0]",1
18,1,12,"[6, 2, 4, 4, 4, 4, 3, 4, 4, 5]","[0, 0, 0, 1, 0, 0, 0, 0, 0, 0]",1
18,1,13,"[5, 6, 5, 5, 5, 5, 5, 4, 4, 8]","[1, 0, 0, 0, 0, 0, 0, 1, 0, 1]",1
18,1,14,"[3, 4, 4, 4, 5, 4, 4, 4, 9, 4]","[0, 0, 0, 0, 0, 0, 0, 0, 0, 1]",1
18,1,15,"[5, 5, 4, 5, 4, 5, 4, 4, 3, 5]","[0, 0, 0, 0, 0, 0, 0, 1, 1, 1]",1
18,1,16,"[6, 5, 4, 6, 6, 4, 8, 4, 5, 8]","[1, 1, 0, 0, 0, 0, 1, 1, 0, 0]",1
18,1,17,"[4, 5, 5, 5, 5, 4, 7, 5, 6, 5]","[0, 0, 1, 0, 0, 1, 1, 0, 0, 1]",1
18,1,18,"[4, 5, 4, 4, 4, 5, 5, 5, 2, 5]","[0, 0, 0, 0, 0, 0, 0, 0, 1, 0]",1
18,1,19,"[2, 4, 2, 2, 2, 3, 2, 3, 1, 2]","[1, 1, 0, 1, 0, 0, 0, 0, 0, 0]",1
18,1,20,"[5, 4, 4, 6, 4, 5, 4, 6, 4, 3]","[1, 0, 1, 0, 0, 1, 0, 0, 0, 0]",1
18,1,21,"[4, 7, 8, 1, 2, 5, 4, 7, 6, 5]","[0, 0, 0, 0, 0, 0, 0, 0, 0, 0]",1
18,1,22,"[5, 3, 3, 3, 3, 3, 3, 3, 3, 3]","[0, 0, 0, 0, 0, 1, 1, 1, 0, 0]",1
18,1,23,"[3, 3, 4, 3, 4, 3, 3, 3, 5, 3]","[1, 0, 0, 0, 0, 1, 0, 0, 0, 0]",1
18,1,24,"[4, 2, 5, 6, 3, 6, 2, 6, 2, 5]","[0, 0, 0, 1, 0, 0, 0, 0, 0, 0]",1
18,1,25,"[3, 3, 3, 3, 3, 3, 3, 3, 3, 3]","[0, 0, 0, 0, 0, 0, 0, 0, 0, 0]",1
18,1,26,"[9, 9, 9, 9, 9, 9, 9, 9, 9, 9]","[0, 0, 0, 0, 0, 1, 1, 0, 1, 1]",1
18,1,27,"[4, 4, 4, 3, 3, 4, 4, 4, 3, 4]","[0, 0, 0, 0, 0, 0, 0, 0, 0, 0]",1
18,1,28,"[4, 4, 3, 4, 4, 2, 4, 4, 4, 4]","[0, 1, 0, 1, 0, 0, 0, 0, 0, 0]",1
18,1,29,"[1, 5, 9, 9, 8, 9, 8, 9, 7, 9]","[0, 0, 1, 0, 0, 1, 0, 0, 0, 0]",1
18,1,30,"[7, 5, 2, 8, 7, 6, 6, 7, 7, 6]","[1, 0, 0, 0, 0, 1, 1, 0, 0, 0]",1
18,1,31,"[3, 3, 3, 3, 3, 3, 3, 9, 4, 3]","[1, 1, 0, 0, 0, 1, 0, 1, 0, 0]",1
18,1,32,"[8, 3, 3, 3, 4, 4, 4, 4, 4, 4]","[0, 0, 0, 0, 1, 0, 0, 1, 0, 0]",1
18,1,33,"[4, 3, 4, 3, 4, 4, 5, 4, 4, 4]","[0, 0, 0, 0, 0, 1, 0, 0, 0, 0]",1
18,1,34,"[4, 4, 5, 5, 4, 5, 6, 3, 5, 5]","[0, 0, 0, 0, 0, 1, 0, 0, 0, 0]",1
18,1,35,"[7, 3, 3, 3, 7, 2, 3, 1, 6, 2]","[1, 0, 0, 0, 1, 0, 0, 0, 0, 0]",1
18,1,36,"[7, 8, 4, 4, 4, 3, 6, 1, 1, 2]","[0, 0, 0, 0, 0, 0, 0, 0, 0, 0]",1
18,1,37,"[2, 6, 4, 3, 6, 5, 4, 5, 3, 4]","[0, 1, 0, 0, 1, 1, 0, 0, 0, 0]",1
18,1,38,"[4, 4, 4, 3, 4, 6, 4, 4, 3, 5]","[0, 0, 0, 0, 1, 0, 0, 0, 0, 1]",1
18,1,39,"[2, 1, 1, 6, 1, 1, 8, 1, 1, 2]","[0, 0, 0, 1, 0, 0, 1, 0, 0, 0]",1
18,1,40,"[2, 2, 2, 2, 3, 2, 2, 1, 2, 1]","[0, 0, 0, 0, 0, 0, 0, 0, 0, 0]",1
18,1,41,"[6, 3, 5, 4, 5, 4, 5, 5, 5, 4]","[1, 0, 0, 0, 0, 0, 0, 1, 0, 0]",1
18,1,42,"[2, 9, 3, 3, 3, 3, 3, 3, 4, 3]","[0, 0, 0, 0, 0, 1, 1, 0, 0, 0]",1
18,1,43,"[2, 4, 3, 3, 2, 4, 3, 3, 3, 2]","[0, 0, 0, 0, 0, 0, 0, 0, 0, 0]",1
18,1,44,"[3, 3, 4, 3, 4, 4, 4, 2, 4, 4]","[0, 1, 0, 0, 0, 0, 0, 0, 0, 0]",1
18,1,45,"[7, 4, 6, 3, 5, 5, 4, 5, 4, 3]","[0, 0, 1, 0, 1, 0, 1, 0, 0, 0]",1
18,1,46,"[4, 4, 4, 2, 4, 4, 4, 4, 8, 4]","[0, 0, 0, 0, 0, 0, 0, 0, 0, 0]",1
18,1,47,"[1, 4, 5, 4, 4, 3, 4, 5, 8, 3]","[0, 0, 0, 0, 0, 0, 0, 0, 1, 0]",1
18,1,48,"[4, 2, 4, 3, 3, 3, 3, 3, 3, 4]","[0, 0, 0, 0, 0, 0, 0, 0, 0, 1]",1
18,1,49,"[5, 4, 3, 5, 5, 7, 4, 6, 4, 4]","[0, 1, 0, 0, 1, 0, 0, 0, 0, 0]",1
18,1,50,"[4, 4, 4, 4, 5, 4, 5, 4, 3, 3]","[0, 0, 0, 1, 1, 0, 0, 0, 0, 0]",1
18,1,51,"[5, 6, 3, 3, 4, 3, 3, 4, 3, 3]","[1, 1, 1, 0, 0, 0, 0, 0, 0, 0]",1
18,1,52,"[1, 5, 3, 7, 3, 6, 2, 3, 5, 3]","[0, 0, 1, 1, 0, 1, 1, 0, 1, 0]",1
18,1,53,"[3, 3, 3, 4, 3, 3, 3, 4, 2, 3]","[0, 0, 0, 0, 0, 0, 0, 0, 0, 0]",1
18,1,54,"[1, 2, 1, 1, 1, 6, 1, 2, 4, 1]","[0, 0, 0, 0, 0, 1, 0, 0, 0, 0]",1
18,1,55,"[5, 5, 6, 4, 6, 5, 5, 5, 7, 5]","[0, 0, 1, 1, 0, 1, 0, 1, 0, 1]",1
18,1,56,"[4, 6, 3, 4, 4, 4, 4, 4, 4, 4]","[0, 0, 0, 0, 0, 1, 0, 0, 1, 0]",1
18,1,57,"[4, 5, 5, 5, 3, 5, 3, 5, 3, 4]","[0, 1, 1, 1, 0, 1, 0, 0, 1, 1]",1
18,1,58,"[3, 3, 2, 2, 1, 4, 3, 3, 6, 3]","[0, 0, 0, 0, 0, 0, 0, 1, 0, 0]",1
18,1,59,"[4, 4, 4, 4, 5, 4, 4, 3, 4, 3]","[0, 0, 0, 0, 0, 0, 0, 0, 0, 0]",1
18,1,60,"[5, 4, 3, 3, 2, 3, 3, 2, 3, 2]","[0, 0, 0, 0, 0, 0, 0, 0, 0, 0]",1
18,1,61,"[3, 3, 4, 4, 4, 4, 2, 4, 4, 4]","[0, 0, 0, 0, 0, 1, 0, 0, 0, 1]",1
18,1,62,"[8, 3, 7, 9, 8, 8, 6, 8, 8, 8]","[0, 0, 0, 0, 1, 1, 0, 1, 1, 0]",1
18,1,63,"[5, 4, 4, 3, 4, 4, 4, 4, 3, 4]","[0, 0, 0, 0, 0, 0, 0, 0, 1, 0]",1
18,1,64,"[7, 7, 6, 7, 7, 3, 9, 6, 4, 5]","[1, 0, 1, 0, 0, 0, 0, 0, 0, 1]",1
18,1,65,"[5, 3, 3, 3, 3, 3, 7, 1, 3, 2]","[0, 1, 0, 0, 0, 0, 0, 0, 0, 0]",1
18,1,66,"[4, 4, 6, 7, 5, 1, 4, 6, 4, 5]","[0, 0, 1, 1, 0, 0, 0, 0, 0, 0]",1
18,1,67,"[1, 3, 5, 6, 2, 3, 4, 5, 6, 5]","[0, 0, 0, 1, 1, 0, 0, 0, 0, 0]",1
18,1,68,"[5, 6, 4, 5, 5, 4, 5, 4, 4, 4]","[0, 0, 0, 0, 0, 0, 0, 1, 0, 0]",1
18,1,69,"[3, 5, 4, 6, 6, 5, 2, 6, 3, 2]","[0, 0, 0, 0, 0, 0, 0, 0, 0, 0]",1
18,1,70,"[4, 3, 4, 4, 3, 4, 5, 2, 4, 3]","[0, 0, 0, 0, 0, 0, 0, 0, 1, 0]",1
18,1,71,"[3, 3, 3, 3, 3, 3, 3, 3, 3, 3]","[0, 0, 0, 0, 0, 0, 0, 0, 0, 0]",1
18,1,72,"[4, 3, 3, 2, 3, 3, 4, 3, 3, 3]","[0, 1, 0, 0, 0, 0, 0, 1, 0, 0]",1
18,1,73,"[1, 1, 1, 1, 4, 4, 1, 7, 1, 3]","[0, 0, 0, 1, 1, 0, 0, 1, 0, 0]",1
18,1,74,"[2, 1, 4, 4, 3, 5, 4, 4, 6, 1]","[0, 0, 0, 0, 0, 0, 0, 0, 0, 0]",1
18,1,75,"[9, 9, 8, 9, 9, 8, 3, 9, 8, 3]","[1, 1, 1, 0, 0, 0, 1, 0, 0, 0]",1
18,1,76,"[3, 3, 6, 9, 3, 3, 6, 3, 2, 1]","[0, 0, 1, 0, 0, 0, 0, 0, 0, 0]",1
18,1,77,"[5, 4, 2, 4, 4, 4, 4, 4, 5, 5]","[0, 1, 0, 0, 1, 0, 0, 0, 1, 1]",1
18,1,78,"[4, 5, 4, 3, 4, 5, 5, 4, 3, 5]","[0, 1, 0, 0, 0, 0, 0, 0, 0, 0]",1
18,1,79,"[5, 5, 4, 4, 4, 1, 6, 4, 2, 4]","[0, 0, 0, 0, 0, 0, 1, 0, 0, 0]",1
18,1,80,"[8, 8, 8, 7, 7, 7, 8, 8, 6, 9]","[0, 0, 0, 1, 1, 0, 0, 1, 1, 1]",1
18,1,81,"[5, 7, 4, 8, 3, 3, 5, 5, 5, 8]","[0, 1, 0, 1, 0, 1, 0, 0, 1, 0]",1
18,1,82,"[6, 4, 5, 5, 3, 4, 6, 5, 5, 5]","[1, 0, 1, 0, 0, 0, 1, 0, 0, 0]",1
18,1,83,"[6, 4, 6, 6, 6, 5, 6, 4, 4, 3]","[1, 1, 1, 0, 1, 0, 1, 0, 0, 0]",1
18,1,84,"[1, 1, 1, 1, 1, 1, 1, 1, 1, 1]","[0, 0, 0, 0, 0, 0, 1, 0, 0, 0]",1
18,1,85,"[3, 3, 3, 8, 3, 2, 3, 3, 3, 3]","[0, 0, 0, 1, 0, 0, 0, 0, 0, 0]",1
18,1,86,"[1, 5, 6, 5, 5, 7, 6, 6, 1, 6]","[0, 0, 0, 1, 0, 1, 0, 1, 0, 0]",1
18,1,87,"[5, 1, 4, 4, 1, 2, 4, 2, 4, 5]","[0, 0, 0, 0, 0, 0, 0, 0, 0, 0]",1
18,1,88,"[1, 5, 4, 4, 4, 3, 4, 4, 5, 5]","[0, 0, 1, 1, 0, 0, 0, 0, 1, 1]",1
18,1,89,"[3, 1, 4, 4, 4, 4, 5, 3, 3, 4]","[0, 0, 1, 0, 0, 1, 1, 0, 0, 0]",1
18,1,90,"[6, 6, 6, 1, 6, 6, 6, 6, 8, 6]","[1, 1, 1, 0, 1, 0, 0, 1, 0, 0]",1
18,1,91,"[3, 3, 3, 3, 3, 3, 4, 3, 3, 3]","[0, 1, 1, 0, 1, 1, 0, 0, 0, 0]",1
18,1,92,"[5, 5, 6, 4, 6, 6, 5, 6, 4, 5]","[0, 0, 0, 0, 0, 1, 0, 0, 0, 0]",1
18,1,93,"[1, 4, 6, 5, 7, 3, 7, 4, 1, 3]","[0, 0, 0, 0, 1, 0, 0, 0, 0, 0]",1
18,1,94,"[2, 5, 6, 2, 4, 6, 7, 3, 2, 5]","[1, 0, 1, 1, 0, 0, 0, 0, 0, 0]",1
18,1,95,"[4, 6, 3, 4, 4, 4, 4, 4, 3, 5]","[0, 1, 0, 0, 0, 0, 1, 0, 0, 0]",1
18,1,96,"[5, 2, 5, 2, 4, 2, 2, 1, 6, 4]","[1, 1, 1, 1, 1, 0, 0, 1, 1, 0]",1
18,1,97,"[2, 6, 2, 4, 2, 5, 4, 3, 4, 1]","[0, 1, 0, 0, 0, 0, 0, 0, 0, 0]",1
18,1,98,"[9, 7, 4, 2, 9, 9, 9, 5, 3, 3]","[0, 1, 0, 0, 0, 0, 1, 0, 0, 0]",1
18,1,99,"[4, 3, 3, 7, 4, 3, 2, 3, 1, 3]","[0, 0, 0, 0, 0, 0, 0, 0, 0, 0]",1
18,1,100,"[1, 4, 2, 3, 1, 3, 2, 3, 2, 2]","[0, 0, 0, 0, 0, 0, 0, 0, 0, 0]",1
18,1,101,"[1, 6, 6, 4, 3, 4, 3, 4, 5, 4]","[0, 0, 1, 0, 0, 0, 0, 0, 0, 0]",1
18,1,102,"[1, 7, 1, 1, 3, 3, 1, 1, 2, 3]","[0, 1, 1, 0, 0, 1, 1, 0, 0, 0]",1
18,1,103,"[2, 2, 3, 2, 7, 2, 3, 1, 2, 2]","[0, 0, 0, 0, 0, 0, 0, 0, 0, 0]",1
18,1,104,"[9, 1, 9, 4, 6, 9, 6, 3, 8, 9]","[0, 0, 1, 1, 0, 0, 0, 0, 1, 0]",1
18,1,105,"[5, 4, 5, 7, 5, 5, 4, 4, 5, 5]","[1, 0, 0, 1, 1, 0, 1, 0, 1, 0]",1
18,1,106,"[4, 4, 8, 4, 1, 4, 4, 4, 4, 3]","[1, 0, 0, 0, 0, 1, 0, 0, 0, 0]",1
18,1,107,"[2, 3, 2, 3, 6, 2, 2, 2, 9, 2]","[1, 1, 0, 0, 0, 0, 0, 0, 0, 0]",1
18,1,108,"[2, 5, 1, 4, 5, 3, 3, 8, 2, 2]","[0, 1, 0, 0, 0, 0, 1, 0, 0, 0]",1
18,1,109,"[3, 3, 4, 4, 9, 4, 5, 6, 4, 4]","[0, 0, 0, 0, 0, 0, 0, 0, 0, 0]",1
18,1,110,"[4, 2, 2, 7, 1, 2, 3, 3, 4, 8]","[0, 0, 0, 0, 0, 0, 1, 0, 0, 1]",1
18,1,111,"[6, 5, 4, 7, 3, 4, 7, 6, 5, 4]","[0, 0, 0, 0, 0, 0, 0, 0, 0, 1]",1
18,1,112,"[5, 6, 6, 6, 6, 6, 6, 7, 6, 5]","[1, 0, 0, 0, 1, 1, 1, 0, 1, 0]",1
18,1,113,"[2, 7, 5, 5, 7, 2, 6, 5, 2, 6]","[0, 0, 0, 0, 0, 0, 1, 0, 1, 1]",1
18,1,114,"[3, 2, 3, 3, 4, 5, 3, 2, 3, 5]","[0, 0, 0, 1, 0, 0, 0, 0, 0, 0]",1
18,1,115,"[4, 6, 4, 4, 4, 6, 5, 6, 5, 5]","[1, 1, 1, 0, 1, 1, 1, 1, 1, 0]",1
18,1,116,"[5, 4, 4, 5, 6, 5, 5, 5, 5, 8]","[0, 1, 0, 0, 0, 0, 0, 0, 1, 1]",1
18,1,117,"[4, 4, 4, 3, 3, 6, 3, 3, 3, 4]","[0, 0, 0, 0, 0, 0, 0, 0, 0, 1]",1
18,1,118,"[7, 5, 4, 5, 8, 6, 5, 6, 5, 6]","[1, 1, 0, 1, 0, 0, 0, 0, 0, 1]",1
18,1,119,"[5, 5, 4, 4, 3, 4, 4, 3, 4, 4]","[1, 1, 0, 0, 0, 1, 0, 0, 0, 1]",1
18,1,120,"[5, 6, 6, 6, 6, 6, 5, 4, 5, 6]","[1, 1, 0, 1, 1, 0, 0, 0, 0, 1]",1
18,1,121,"[3, 3, 3, 2, 3, 3, 3, 3, 3, 3]","[0, 0, 0, 0, 0, 0, 0, 0, 0, 0]",1
18,1,122,"[5, 4, 4, 3, 4, 4, 4, 4, 4, 4]","[1, 1, 0, 0, 0, 0, 0, 0, 0, 1]",1
18,1,123,"[4, 2, 3, 3, 3, 3, 3, 3, 3, 3]","[0, 0, 0, 1, 1, 0, 0, 0, 0, 0]",1
18,1,124,"[3, 3, 3, 3, 3, 8, 2, 2, 5, 5]","[0, 1, 0, 0, 0, 0, 0, 0, 0, 0]",1
18,1,125,"[2, 3, 3, 4, 3, 2, 3, 3, 3, 3]","[1, 0, 0, 1, 0, 0, 0, 0, 0, 1]",1
18,1,126,"[2, 4, 3, 3, 3, 2, 4, 4, 4, 2]","[0, 0, 1, 0, 0, 0, 0, 0, 0, 0]",1
18,1,127,"[3, 3, 3, 3, 3, 3, 3, 3, 3, 3]","[0, 0, 0, 1, 0, 0, 0, 0, 0, 0]",1
18,1,128,"[3, 4, 4, 6, 6, 5, 4, 7, 5, 2]","[1, 0, 0, 1, 0, 0, 1, 1, 1, 1]",1
18,1,129,"[2, 2, 4, 6, 6, 4, 5, 4, 5, 4]","[1, 0, 1, 0, 0, 0, 0, 0, 0, 0]",1
18,1,130,"[5, 5, 8, 8, 5, 4, 5, 8, 5, 6]","[0, 0, 0, 1, 0, 0, 0, 0, 0, 0]",1
18,1,131,"[1, 7, 1, 1, 1, 1, 8, 5, 1, 1]","[1, 1, 0, 0, 0, 0, 1, 0, 0, 1]",1
18,1,132,"[3, 1, 3, 3, 3, 6, 3, 3, 5, 5]","[0, 0, 0, 1, 0, 1, 0, 0, 0, 1]",1
18,1,133,"[7, 7, 8, 8, 6, 6, 7, 8, 7, 8]","[1, 1, 0, 1, 1, 0, 0, 0, 0, 1]",1
18,1,134,"[7, 5, 7, 8, 5, 3, 7, 7, 9, 2]","[0, 0, 0, 1, 0, 0, 0, 0, 1, 0]",1
18,1,135,"[5, 3, 5, 4, 4, 6, 4, 5, 6, 5]","[0, 0, 1, 0, 1, 0, 0, 0, 1, 0]",1
18,1,136,"[6, 4, 6, 5, 5, 6, 6, 4, 4, 5]","[0, 0, 0, 1, 0, 1, 0, 1, 1, 0]",1
18,1,137,"[6, 7, 4, 2, 3, 3, 1, 6, 2, 3]","[0, 0, 0, 0, 0, 0, 0, 0, 0, 0]",1
18,1,138,"[7, 8, 8, 8, 9, 8, 8, 8, 8, 8]","[1, 1, 1, 1, 1, 1, 0, 1, 1, 1]",1
18,1,139,"[3, 3, 4, 3, 3, 5, 4, 3, 4, 3]","[0, 0, 1, 1, 0, 0, 0, 0, 1, 0]",1
18,1,140,"[8, 4, 7, 8, 5, 5, 5, 5, 5, 6]","[0, 0, 1, 1, 0, 0, 1, 0, 1, 1]",1
18,1,141,"[2, 6, 6, 6, 5, 6, 6, 6, 2, 3]","[0, 1, 0, 0, 1, 0, 0, 0, 0, 0]",1
18,1,142,"[6, 9, 6, 5, 6, 6, 1, 4, 3, 5]","[0, 0, 1, 0, 0, 1, 0, 0, 0, 1]",1
18,1,143,"[2, 2, 3, 3, 3, 3, 3, 3, 3, 5]","[0, 0, 0, 0, 0, 0, 0, 0, 0, 0]",1
18,1,144,"[6, 7, 6, 7, 6, 2, 6, 5, 4, 7]","[1, 0, 1, 0, 1, 0, 0, 0, 1, 0]",1
18,1,145,"[5, 5, 5, 6, 5, 5, 5, 5, 6, 5]","[0, 0, 0, 1, 0, 0, 0, 0, 0, 0]",1
18,1,146,"[6, 6, 6, 6, 5, 6, 6, 6, 4, 6]","[0, 0, 1, 0, 0, 0, 1, 1, 1, 0]",1
18,1,147,"[4, 4, 5, 5, 4, 6, 5, 4, 6, 6]","[0, 1, 1, 0, 0, 0, 0, 1, 1, 1]",1
18,1,148,"[5, 5, 4, 5, 4, 5, 8, 4, 3, 5]","[0, 1, 0, 0, 0, 0, 1, 0, 0, 0]",1
18,1,149,"[4, 4, 8, 8, 4, 8, 4, 1, 6, 6]","[0, 0, 0, 1, 0, 1, 1, 0, 0, 0]",1
18,1,150,"[4, 3, 3, 3, 7, 4, 7, 4, 2, 4]","[0, 0, 0, 0, 0, 0, 0, 0, 0, 0]",1
18,1,151,"[2, 3, 3, 4, 3, 3, 3, 4, 2, 3]","[0, 0, 1, 0, 1, 0, 0, 0, 0, 0]",1
18,1,152,"[8, 3, 3, 3, 3, 8, 2, 2, 3, 4]","[0, 0, 0, 0, 0, 0, 0, 0, 1, 0]",1
18,1,153,"[2, 3, 4, 3, 7, 2, 2, 4, 3, 4]","[0, 0, 1, 0, 1, 0, 0, 0, 0, 0]",1
18,1,154,"[3, 4, 3, 3, 3, 4, 5, 3, 4, 3]","[0, 0, 0, 1, 0, 0, 0, 0, 1, 0]",1
18,1,155,"[6, 4, 5, 3, 7, 6, 5, 6, 5, 5]","[0, 0, 1, 0, 1, 1, 0, 0, 0, 0]",1
18,1,156,"[4, 4, 4, 4, 4, 4, 4, 4, 4, 4]","[0, 0, 0, 0, 1, 0, 0, 0, 0, 0]",1
18,1,157,"[4, 3, 4, 4, 6, 2, 3, 2, 3, 4]","[0, 0, 0, 0, 0, 0, 0, 1, 0, 0]",1
18,1,158,"[9, 9, 9, 2, 9, 5, 2, 2, 2, 3]","[0, 1, 0, 0, 0, 1, 0, 0, 0, 0]",1
18,1,159,"[6, 3, 5, 6, 4, 6, 6, 6, 6, 6]","[1, 1, 1, 0, 0, 1, 0, 1, 0, 0]",1
18,1,160,"[7, 5, 5, 4, 5, 6, 4, 6, 1, 7]","[1, 0, 0, 1, 0, 0, 1, 1, 0, 1]",1
18,1,161,"[4, 4, 5, 5, 5, 2, 4, 1, 4, 3]","[0, 0, 0, 0, 0, 1, 1, 0, 0, 0]",1
18,1,162,"[7, 4, 3, 6, 6, 4, 4, 7, 6, 7]","[0, 0, 0, 0, 0, 0, 0, 0, 0, 0]",1
18,1,163,"[6, 7, 7, 7, 6, 7, 4, 2, 6, 3]","[0, 1, 0, 0, 1, 0, 0, 0, 0, 0]",1
18,1,164,"[9, 9, 9, 9, 9, 9, 9, 9, 9, 9]","[1, 0, 0, 0, 0, 1, 1, 0, 0, 1]",1
18,1,165,"[2, 2, 1, 2, 6, 1, 2, 2, 2, 1]","[0, 0, 0, 0, 0, 0, 0, 0, 0, 0]",1
18,1,166,"[8, 9, 8, 6, 9, 5, 9, 9, 4, 9]","[1, 1, 0, 0, 1, 0, 0, 0, 0, 1]",1
18,1,167,"[8, 9, 9, 8, 9, 9, 8, 8, 9, 9]","[1, 1, 0, 0, 1, 1, 0, 1, 1, 1]",1
18,1,168,"[3, 4, 4, 5, 6, 5, 4, 1, 6, 7]","[0, 0, 0, 0, 1, 1, 0, 1, 1, 0]",1
18,1,169,"[7, 6, 5, 4, 5, 5, 8, 6, 6, 5]","[1, 0, 0, 0, 1, 0, 0, 1, 0, 0]",1
18,1,170,"[5, 6, 7, 6, 5, 2, 1, 6, 8, 5]","[0, 0, 1, 0, 0, 0, 0, 0, 1, 0]",1
18,1,171,"[7, 7, 7, 6, 7, 3, 7, 4, 7, 4]","[0, 0, 0, 0, 0, 0, 0, 0, 0, 0]",1
18,1,172,"[5, 3, 5, 5, 4, 5, 4, 3, 5, 4]","[0, 0, 0, 0, 0, 0, 1, 0, 0, 0]",1
18,1,173,"[5, 5, 3, 4, 1, 5, 4, 5, 5, 8]","[0, 0, 1, 0, 0, 0, 0, 0, 0, 0]",1
18,1,174,"[5, 6, 5, 6, 6, 3, 5, 4, 5, 5]","[0, 1, 1, 0, 1, 1, 1, 0, 0, 0]",1
18,1,175,"[3, 3, 2, 9, 3, 3, 3, 2, 3, 3]","[1, 0, 0, 0, 0, 0, 0, 0, 0, 0]",1
18,1,176,"[6, 6, 6, 5, 6, 6, 9, 5, 5, 6]","[0, 1, 0, 0, 1, 1, 1, 0, 1, 0]",1
18,1,177,"[5, 3, 5, 3, 4, 1, 6, 4, 5, 2]","[1, 1, 1, 0, 0, 0, 0, 0, 0, 1]",1
18,1,178,"[6, 8, 7, 6, 6, 6, 6, 4, 4, 8]","[1, 1, 0, 1, 0, 1, 0, 0, 1, 1]",1
18,1,179,"[4, 5, 6, 7, 4, 3, 4, 4, 5, 5]","[1, 1, 0, 0, 0, 0, 0, 0, 0, 0]",1
18,1,180,"[9, 3, 3, 3, 3, 4, 3, 4, 3, 3]","[1, 0, 0, 0, 0, 0, 0, 0, 0, 0]",1
18,1,181,"[5, 6, 6, 3, 5, 4, 7, 5, 5, 4]","[1, 1, 0, 1, 0, 1, 0, 1, 1, 0]",1
18,1,182,"[1, 3, 3, 4, 3, 3, 3, 5, 2, 3]","[0, 0, 0, 1, 0, 1, 1, 0, 0, 1]",1
18,1,183,"[3, 3, 6, 3, 3, 3, 3, 4, 4, 3]","[0, 0, 1, 1, 0, 0, 0, 0, 1, 0]",1
18,1,184,"[6, 4, 5, 6, 5, 4, 4, 2, 4, 7]","[0, 1, 0, 0, 1, 0, 0, 0, 0, 0]",1
18,1,185,"[5, 7, 4, 7, 6, 6, 7, 7, 8, 5]","[0, 0, 1, 1, 0, 0, 0, 1, 1, 0]",1
18,1,186,"[7, 3, 6, 5, 3, 4, 6, 5, 3, 4]","[0, 1, 0, 1, 0, 1, 1, 0, 0, 0]",1
18,1,187,"[5, 4, 4, 5, 4, 3, 4, 6, 5, 5]","[0, 0, 0, 0, 0, 0, 0, 0, 1, 0]",1
18,1,188,"[5, 8, 5, 7, 4, 5, 5, 3, 4, 3]","[1, 0, 0, 0, 0, 0, 1, 1, 1, 0]",1
18,1,189,"[3, 3, 3, 3, 3, 2, 3, 4, 3, 2]","[0, 0, 0, 0, 1, 0, 0, 0, 0, 0]",1
18,1,190,"[8, 3, 2, 1, 5, 5, 5, 4, 7, 5]","[1, 0, 0, 0, 1, 0, 0, 1, 1, 1]",1
18,1,191,"[5, 5, 5, 5, 5, 5, 4, 4, 5, 5]","[1, 0, 1, 0, 0, 0, 0, 0, 0, 0]",1
18,1,192,"[4, 4, 5, 4, 4, 4, 4, 5, 4, 4]","[0, 0, 0, 0, 0, 0, 0, 1, 0, 0]",1
18,1,193,"[4, 3, 6, 3, 7, 8, 8, 4, 2, 4]","[0, 0, 0, 0, 0, 0, 1, 0, 1, 1]",1
18,1,194,"[5, 4, 2, 2, 2, 3, 6, 6, 6, 5]","[0, 0, 0, 0, 0, 0, 1, 0, 0, 1]",1
18,1,195,"[1, 1, 1, 1, 2, 2, 3, 1, 2, 6]","[0, 0, 0, 0, 0, 1, 1, 0, 1, 0]",1
18,1,196,"[3, 3, 7, 3, 3, 2, 3, 3, 4, 4]","[0, 0, 1, 0, 0, 0, 0, 0, 0, 0]",1
18,1,197,"[7, 7, 7, 7, 8, 7, 7, 7, 5, 7]","[1, 1, 1, 1, 1, 0, 0, 0, 1, 1]",1
18,1,198,"[5, 1, 2, 3, 7, 2, 4, 2, 5, 1]","[0, 0, 0, 0, 1, 0, 0, 0, 1, 0]",1
18,1,199,"[2, 3, 2, 3, 2, 2, 2, 1, 2, 2]","[0, 0, 0, 0, 0, 0, 0, 0, 0, 0]",1
18,1,200,"[1, 2, 2, 3, 2, 2, 4, 2, 3, 1]","[0, 0, 0, 0, 0, 0, 0, 0, 0, 0]",1
18,1,201,"[4, 5, 5, 6, 4, 9, 4, 3, 3, 3]","[0, 0, 0, 1, 0, 1, 0, 0, 0, 1]",1
18,1,202,"[5, 5, 5, 5, 5, 7, 5, 5, 6, 5]","[0, 0, 0, 0, 0, 0, 0, 0, 0, 0]",1
18,1,203,"[3, 3, 3, 2, 5, 3, 3, 3, 3, 3]","[0, 0, 1, 0, 1, 0, 0, 0, 0, 0]",1
18,1,204,"[3, 2, 2, 2, 3, 2, 2, 2, 7, 2]","[0, 0, 0, 0, 0, 0, 0, 0, 0, 0]",1
18,1,205,"[7, 8, 7, 7, 7, 6, 7, 7, 5, 7]","[0, 1, 1, 1, 1, 1, 1, 1, 1, 1]",1
18,1,206,"[3, 2, 4, 3, 3, 3, 2, 3, 3, 4]","[0, 0, 0, 0, 0, 0, 0, 0, 0, 0]",1
18,1,207,"[2, 1, 3, 8, 7, 2, 2, 3, 9, 2]","[0, 0, 0, 1, 0, 0, 0, 0, 1, 0]",1
18,1,208,"[5, 4, 7, 5, 5, 4, 4, 1, 6, 5]","[1, 0, 0, 1, 0, 0, 0, 0, 0, 0]",1
18,1,209,"[2, 4, 3, 3, 4, 3, 4, 4, 4, 4]","[0, 0, 0, 0, 0, 0, 0, 1, 1, 1]",1
19,0,0,"[4, 9, 8, 6, 4, 4, 4, 4, 6, 4]","[0, 0, 0, 0, 0, 0, 0, 0, 1, 0]",1
19,0,1,"[6, 6, 6, 1, 8, 6, 6, 6, 9, 5]","[0, 0, 0, 0, 0, 0, 0, 0, 0, 1]",1
19,0,2,"[9, 2, 8, 8, 9, 9, 2, 6, 5, 3]","[0, 0, 1, 1, 0, 0, 1, 0, 0, 0]",1
19,0,3,"[6, 6, 5, 7, 5, 5, 6, 6, 5, 6]","[0, 0, 0, 0, 0, 0, 0, 0, 1, 1]",1
19,0,4,"[3, 2, 3, 3, 5, 4, 3, 5, 2, 3]","[1, 0, 0, 0, 0, 0, 0, 0, 0, 0]",1
19,0,5,"[5, 6, 8, 5, 8, 5, 3, 5, 4, 4]","[0, 0, 1, 0, 0, 0, 0, 0, 0, 0]",1
19,0,6,"[3, 4, 3, 5, 4, 3, 3, 4, 3, 4]","[0, 0, 0, 0, 0, 0, 0, 0, 0, 0]",1
19,0,7,"[9, 7, 8, 7, 5, 3, 6, 6, 6, 7]","[0, 0, 0, 0, 0, 0, 0, 0, 0, 0]",1
19,0,8,"[3, 4, 5, 4, 5, 4, 4, 4, 4, 4]","[0, 1, 1, 1, 0, 0, 0, 0, 1, 0]",1
19,0,9,"[7, 8, 1, 3, 7, 3, 5, 4, 7, 5]","[0, 0, 0, 0, 0, 0, 0, 0, 0, 0]",1
19,0,10,"[5, 5, 4, 5, 4, 3, 5, 5, 5, 5]","[0, 0, 0, 0, 0, 0, 0, 1, 0, 0]",1
19,0,11,"[5, 5, 5, 5, 5, 5, 5, 5, 5, 3]","[0, 0, 0, 1, 1, 0, 0, 0, 0, 0]",1
19,0,12,"[6, 6, 6, 6, 9, 6, 6, 7, 8, 6]","[0, 0, 0, 0, 0, 0, 0, 0, 0, 0]",1
19,0,13,"[5, 4, 5, 6, 4, 2, 4, 4, 7, 4]","[1, 1, 0, 1, 0, 0, 0, 0, 0, 0]",1
19,0,14,"[5, 6, 5, 5, 5, 6, 5, 5, 5, 4]","[0, 0, 1, 0, 0, 0, 1, 0, 0, 1]",1
19,0,15,"[5, 3, 5, 5, 5, 3, 5, 4, 5, 4]","[0, 1, 0, 0, 0, 1, 0, 0, 0, 0]",1
19,0,16,"[7, 4, 4, 7, 5, 4, 8, 7, 4, 4]","[0, 0, 1, 1, 0, 0, 1, 0, 1, 0]",1
19,0,17,"[8, 7, 7, 6, 6, 6, 5, 6, 8, 6]","[1, 0, 0, 0, 0, 0, 1, 0, 0, 0]",1
19,0,18,"[4, 4, 1, 4, 9, 3, 2, 5, 3, 4]","[1, 0, 0, 0, 1, 0, 0, 0, 0, 0]",1
19,0,19,"[2, 3, 4, 3, 1, 3, 3, 3, 4, 5]","[0, 0, 0, 0, 0, 0, 0, 0, 0, 0]",1
19,0,20,"[7, 2, 5, 4, 5, 6, 5, 3, 4, 5]","[1, 0, 0, 0, 0, 0, 0, 0, 1, 0]",1
19,0,21,"[9, 9, 3, 4, 1, 9, 9, 1, 1, 9]","[0, 0, 0, 0, 0, 0, 0, 0, 0, 0]",1
19,0,22,"[1, 4, 4, 4, 3, 4, 4, 5, 4, 4]","[0, 0, 0, 0, 0, 0, 0, 0, 0, 0]",1
19,0,23,"[5, 3, 3, 5, 4, 3, 3, 4, 4, 4]","[1, 0, 0, 1, 0, 0, 1, 1, 0, 0]",1
19,0,24,"[4, 3, 2, 5, 4, 8, 2, 6, 3, 1]","[1, 0, 0, 0, 0, 0, 0, 0, 0, 0]",1
19,0,25,"[6, 3, 6, 6, 6, 6, 6, 6, 6, 6]","[0, 0, 0, 0, 1, 0, 0, 0, 0, 0]",1
19,0,26,"[9, 9, 9, 9, 9, 9, 9, 9, 8, 9]","[0, 0, 0, 1, 0, 0, 1, 0, 0, 1]",1
19,0,27,"[6, 6, 6, 6, 6, 6, 7, 6, 6, 6]","[0, 0, 0, 0, 1, 1, 1, 1, 0, 0]",1
19,0,28,"[5, 5, 6, 5, 6, 6, 7, 6, 5, 5]","[1, 0, 0, 1, 0, 1, 1, 0, 0, 0]",1
19,0,29,"[7, 9, 9, 9, 9, 9, 9, 9, 9, 9]","[0, 1, 1, 0, 0, 1, 0, 1, 0, 0]",1
19,0,30,"[5, 5, 6, 6, 6, 5, 6, 5, 6, 6]","[0, 0, 0, 1, 0, 0, 0, 0, 0, 1]",1
19,0,31,"[5, 3, 2, 5, 5, 4, 6, 5, 7, 5]","[1, 0, 0, 0, 0, 0, 0, 0, 0, 0]",1
19,0,32,"[4, 4, 6, 5, 4, 4, 5, 4, 4, 4]","[0, 1, 0, 1, 0, 0, 0, 1, 0, 1]",1
19,0,33,"[8, 3, 4, 3, 5, 3, 3, 3, 3, 3]","[0, 0, 0, 1, 0, 0, 0, 0, 0, 0]",1
19,0,34,"[3, 6, 6, 6, 7, 7, 7, 6, 6, 9]","[0, 1, 0, 1, 1, 1, 1, 1, 0, 1]",1
19,0,35,"[4, 4, 4, 5, 9, 4, 4, 6, 4, 3]","[0, 0, 0, 0, 0, 0, 0, 0, 0, 0]",1
19,0,36,"[8, 4, 5, 6, 6, 8, 5, 5, 5, 5]","[0, 0, 0, 0, 0, 0, 1, 0, 0, 0]",1
19,0,37,"[5, 7, 5, 5, 5, 6, 4, 6, 8, 5]","[1, 0, 1, 0, 0, 0, 1, 0, 0, 0]",1
19,0,38,"[5, 5, 4, 4, 3, 6, 5, 4, 5, 5]","[0, 0, 0, 0, 0, 0, 0, 0, 0, 1]",1
19,0,39,"[1, 1, 1, 1, 1, 1, 3, 6, 1, 5]","[0, 0, 0, 0, 0, 1, 0, 0, 0, 0]",1
19,0,40,"[3, 3, 3, 3, 3, 1, 3, 3, 2, 3]","[0, 1, 0, 0, 0, 0, 0, 0, 0, 0]",1
19,0,41,"[3, 7, 5, 4, 4, 4, 4, 2, 4, 4]","[0, 0, 0, 0, 0, 1, 0, 0, 0, 0]",1
19,0,42,"[3, 4, 4, 4, 3, 4, 4, 3, 3, 4]","[0, 0, 1, 1, 0, 1, 0, 0, 0, 0]",1
19,0,43,"[7, 7, 7, 6, 8, 7, 4, 6, 3, 5]","[0, 0, 0, 1, 0, 0, 0, 0, 0, 0]",1
19,0,44,"[6, 4, 5, 8, 4, 4, 5, 4, 6, 3]","[1, 0, 1, 1, 0, 0, 0, 0, 0, 0]",1
19,0,45,"[5, 5, 6, 4, 5, 6, 4, 5, 8, 5]","[0, 0, 0, 1, 0, 1, 0, 0, 0, 0]",1
19,0,46,"[3, 3, 3, 5, 3, 1, 4, 3, 3, 2]","[0, 0, 1, 1, 0, 0, 0, 0, 0, 0]",1
19,0,47,"[6, 6, 6, 7, 6, 7, 6, 7, 6, 9]","[0, 0, 0, 1, 1, 0, 0, 0, 0, 1]",1
19,0,48,"[5, 5, 5, 2, 5, 5, 4, 4, 6, 5]","[0, 0, 1, 0, 0, 0, 0, 1, 0, 0]",1
19,0,49,"[4, 4, 6, 4, 4, 4, 4, 4, 4, 4]","[0, 1, 0, 0, 1, 1, 0, 0, 0, 0]",1
19,0,50,"[6, 7, 7, 7, 6, 9, 8, 9, 7, 6]","[1, 0, 0, 0, 0, 0, 1, 0, 1, 0]",1
19,0,51,"[5, 5, 5, 6, 5, 6, 5, 4, 6, 5]","[1, 1, 0, 0, 0, 0, 0, 1, 1, 0]",1
19,0,52,"[4, 3, 4, 3, 3, 5, 1, 3, 2, 3]","[0, 0, 0, 1, 0, 0, 0, 0, 0, 1]",1
19,0,53,"[5, 5, 4, 5, 4, 7, 4, 4, 5, 3]","[0, 0, 0, 0, 0, 0, 0, 1, 0, 0]",1
19,0,54,"[6, 8, 3, 9, 7, 8, 9, 9, 6, 8]","[1, 0, 0, 1, 1, 0, 1, 0, 0, 0]",1
19,0,55,"[8, 6, 6, 6, 7, 6, 3, 8, 6, 4]","[1, 0, 1, 1, 1, 0, 1, 0, 0, 1]",1
19,0,56,"[6, 1, 2, 5, 3, 1, 1, 1, 1, 7]","[0, 0, 0, 1, 0, 1, 0, 0, 0, 1]",1
19,0,57,"[5, 2, 5, 3, 4, 6, 5, 3, 2, 2]","[0, 0, 0, 0, 0, 0, 0, 1, 0, 0]",1
19,0,58,"[6, 5, 5, 8, 6, 6, 3, 7, 3, 7]","[0, 0, 1, 1, 0, 0, 0, 0, 0, 0]",1
19,0,59,"[3, 5, 5, 5, 4, 4, 6, 3, 5, 4]","[0, 0, 0, 0, 0, 0, 0, 0, 0, 0]",1
19,0,60,"[5, 6, 2, 3, 2, 3, 7, 4, 3, 5]","[0, 0, 0, 0, 0, 0, 1, 0, 0, 0]",1
19,0,61,"[5, 4, 4, 3, 4, 4, 3, 3, 4, 4]","[0, 1, 0, 0, 0, 0, 0, 0, 0, 0]",1
19,0,62,"[8, 7, 8, 8, 8, 7, 1, 7, 9, 7]","[1, 0, 0, 0, 1, 1, 0, 0, 1, 0]",1
19,0,63,"[6, 2, 6, 6, 6, 6, 5, 6, 5, 6]","[0, 1, 0, 1, 0, 0, 0, 1, 0, 1]",1
19,0,64,"[3, 3, 4, 4, 1, 7, 5, 7, 4, 4]","[1, 1, 0, 0, 0, 0, 0, 0, 0, 0]",1
19,0,65,"[3, 5, 3, 3, 3, 3, 3, 2, 3, 1]","[0, 0, 0, 0, 0, 1, 0, 0, 0, 0]",1
19,0,66,"[5, 5, 8, 4, 6, 7, 4, 6, 6, 6]","[0, 0, 0, 0, 1, 0, 0, 0, 0, 0]",1
19,0,67,"[6, 6, 5, 5, 5, 6, 5, 3, 6, 2]","[0, 0, 0, 0, 1, 1, 0, 0, 0, 0]",1
19,0,68,"[2, 3, 7, 8, 8, 4, 4, 7, 7, 8]","[0, 0, 0, 1, 1, 0, 0, 1, 1, 0]",1
19,0,69,"[4, 3, 3, 3, 4, 4, 3, 4, 4, 5]","[0, 0, 0, 0, 0, 0, 0, 0, 0, 0]",1
19,0,70,"[6, 6, 6, 5, 5, 6, 6, 2, 7, 6]","[1, 0, 1, 0, 0, 0, 1, 0, 0, 0]",1
19,0,71,"[5, 5, 5, 5, 5, 5, 5, 5, 5, 5]","[0, 0, 0, 0, 0, 0, 0, 0, 0, 0]",1
19,0,72,"[4, 7, 4, 3, 4, 5, 5, 4, 4, 4]","[0, 0, 0, 0, 1, 0, 0, 0, 0, 0]",1
19,0,73,"[7, 7, 7, 7, 8, 4, 5, 6, 7, 6]","[1, 0, 0, 1, 1, 1, 0, 0, 0, 1]",1
19,0,74,"[4, 5, 2, 1, 6, 5, 4, 2, 2, 4]","[0, 0, 0, 0, 0, 0, 0, 1, 0, 0]",1
19,0,75,"[7, 6, 7, 6, 8, 7, 7, 7, 7, 8]","[1, 0, 1, 1, 1, 1, 1, 1, 1, 1]",1
19,0,76,"[5, 4, 5, 3, 1, 3, 3, 4, 6, 5]","[0, 0, 1, 0, 0, 0, 0, 0, 0, 0]",1
19,0,77,"[9, 6, 6, 7, 6, 6, 6, 6, 6, 6]","[0, 1, 0, 0, 0, 1, 0, 1, 1, 0]",1
19,0,78,"[3, 7, 6, 5, 5, 3, 6, 4, 4, 5]","[0, 0, 0, 0, 0, 0, 0, 0, 1, 0]",1
19,0,79,"[2, 6, 4, 5, 6, 6, 6, 5, 9, 5]","[0, 1, 0, 0, 0, 0, 0, 0, 0, 0]",1
19,0,80,"[7, 8, 6, 3, 6, 9, 8, 6, 7, 9]","[0, 0, 1, 0, 1, 1, 0, 1, 1, 1]",1
19,0,81,"[4, 6, 6, 6, 7, 4, 5, 6, 7, 4]","[0, 0, 1, 1, 0, 1, 1, 0, 0, 0]",1
19,0,82,"[4, 7, 5, 5, 7, 3, 6, 6, 5, 4]","[0, 0, 0, 0, 0, 0, 0, 0, 0, 0]",1
19,0,83,"[2, 3, 7, 8, 7, 5, 6, 4, 3, 6]","[0, 0, 0, 0, 0, 1, 0, 1, 1, 1]",1
19,0,84,"[2, 3, 1, 5, 3, 4, 7, 5, 4, 4]","[0, 0, 0, 0, 0, 0, 0, 1, 1, 1]",1
19,0,85,"[6, 5, 6, 6, 6, 7, 6, 6, 6, 6]","[1, 0, 0, 0, 0, 0, 0, 1, 0, 0]",1
19,0,86,"[8, 9, 9, 9, 9, 9, 9, 8, 9, 9]","[0, 0, 0, 0, 0, 0, 0, 0, 0, 1]",1
19,0,87,"[1, 5, 5, 7, 4, 5, 2, 4, 4, 3]","[0, 0, 0, 0, 0, 1, 0, 0, 0, 0]",1
19,0,88,"[6, 5, 4, 5, 5, 5, 9, 5, 4, 4]","[0, 1, 0, 0, 0, 1, 0, 0, 0, 0]",1
19,0,89,"[5, 6, 5, 7, 5, 7, 6, 5, 6, 6]","[1, 0, 0, 0, 0, 0, 0, 0, 0, 1]",1
19,0,90,"[9, 9, 9, 9, 9, 9, 9, 9, 9, 9]","[0, 0, 0, 1, 0, 0, 0, 0, 0, 0]",1
19,0,91,"[6, 8, 5, 4, 3, 9, 3, 5, 2, 6]","[1, 0, 0, 1, 0, 0, 0, 0, 0, 1]",1
19,0,92,"[9, 5, 3, 3, 4, 9, 7, 5, 7, 7]","[0, 1, 1, 0, 0, 0, 0, 0, 1, 0]",1
19,0,93,"[1, 4, 2, 1, 1, 2, 1, 4, 2, 1]","[0, 0, 0, 0, 1, 0, 0, 0, 0, 1]",1
19,0,94,"[7, 5, 4, 8, 7, 7, 6, 4, 8, 3]","[0, 0, 0, 0, 0, 1, 0, 1, 1, 0]",1
19,0,95,"[3, 3, 3, 2, 3, 4, 3, 3, 4, 3]","[1, 0, 0, 0, 0, 0, 0, 0, 0, 0]",1
19,0,96,"[4, 5, 5, 4, 5, 5, 5, 5, 6, 4]","[0, 0, 0, 0, 0, 0, 0, 0, 0, 0]",1
19,0,97,"[3, 5, 8, 3, 2, 4, 3, 6, 6, 1]","[0, 0, 0, 0, 0, 0, 0, 0, 0, 0]",1
19,0,98,"[9, 9, 9, 9, 9, 9, 9, 9, 9, 9]","[0, 0, 1, 0, 0, 0, 0, 1, 0, 0]",1
19,0,99,"[1, 2, 1, 3, 4, 1, 4, 5, 1, 3]","[0, 1, 0, 0, 0, 0, 1, 0, 0, 1]",1
19,0,100,"[6, 6, 4, 4, 3, 3, 3, 3, 3, 3]","[0, 0, 0, 1, 0, 0, 0, 0, 0, 0]",1
19,0,101,"[8, 8, 8, 8, 9, 8, 2, 9, 8, 8]","[0, 1, 0, 0, 0, 0, 0, 1, 0, 0]",1
19,0,102,"[7, 6, 8, 2, 6, 2, 8, 3, 7, 1]","[0, 0, 0, 1, 0, 0, 1, 1, 0, 0]",1
19,0,103,"[7, 7, 8, 7, 8, 7, 7, 7, 7, 7]","[1, 0, 0, 1, 0, 1, 0, 0, 1, 0]",1
19,0,104,"[9, 9, 9, 9, 9, 9, 9, 9, 9, 9]","[1, 0, 1, 0, 1, 1, 1, 1, 1, 0]",1
19,0,105,"[7, 6, 7, 6, 4, 7, 4, 8, 6, 6]","[0, 1, 0, 0, 1, 0, 1, 1, 1, 1]",1
19,0,106,"[4, 7, 4, 1, 5, 5, 2, 4, 4, 5]","[0, 0, 0, 1, 0, 1, 0, 0, 0, 0]",1
19,0,107,"[4, 4, 5, 4, 2, 5, 4, 4, 5, 5]","[0, 0, 0, 0, 0, 0, 0, 0, 1, 0]",1
19,0,108,"[6, 9, 7, 8, 8, 9, 7, 8, 6, 8]","[1, 1, 0, 1, 1, 1, 0, 0, 1, 0]",1
19,0,109,"[6, 6, 6, 6, 5, 6, 6, 6, 5, 6]","[1, 1, 0, 1, 1, 1, 0, 0, 0, 0]",1
19,0,110,"[7, 5, 5, 9, 8, 9, 7, 7, 6, 9]","[1, 0, 0, 1, 0, 0, 1, 1, 1, 0]",1
19,0,111,"[6, 9, 8, 5, 7, 7, 7, 8, 7, 5]","[0, 0, 0, 0, 0, 0, 0, 1, 0, 1]",1
19,0,112,"[4, 4, 4, 5, 4, 4, 4, 5, 4, 4]","[0, 0, 0, 0, 0, 0, 0, 0, 0, 0]",1
19,0,113,"[3, 2, 5, 5, 3, 4, 3, 4, 3, 4]","[0, 1, 0, 0, 0, 0, 0, 1, 0, 0]",1
19,0,114,"[2, 5, 3, 4, 4, 4, 3, 5, 3, 4]","[0, 0, 0, 0, 0, 0, 0, 0, 0, 0]",1
19,0,115,"[9, 9, 9, 8, 9, 9, 9, 5, 9, 9]","[0, 0, 0, 0, 1, 0, 1, 0, 1, 1]",1
19,0,116,"[9, 9, 9, 9, 7, 9, 8, 9, 9, 9]","[1, 1, 1, 1, 1, 0, 1, 0, 0, 0]",1
19,0,117,"[5, 5, 5, 6, 5, 5, 5, 5, 5, 5]","[0, 1, 0, 0, 0, 0, 0, 0, 0, 0]",1
19,0,118,"[7, 7, 8, 8, 7, 6, 7, 6, 7, 7]","[0, 0, 1, 0, 1, 1, 1, 0, 1, 1]",1
19,0,119,"[5, 6, 6, 7, 5, 6, 7, 7, 5, 6]","[0, 0, 0, 0, 0, 0, 0, 0, 0, 1]",1
19,0,120,"[5, 3, 7, 6, 4, 6, 6, 7, 2, 5]","[0, 0, 1, 0, 0, 0, 0, 1, 0, 0]",1
19,0,121,"[6, 6, 7, 6, 6, 6, 5, 7, 6, 6]","[0, 1, 0, 1, 0, 0, 1, 0, 0, 1]",1
19,0,122,"[5, 5, 5, 5, 4, 5, 5, 6, 5, 7]","[0, 1, 0, 0, 1, 0, 0, 0, 0, 0]",1
19,0,123,"[7, 5, 5, 6, 5, 5, 5, 5, 5, 5]","[0, 0, 0, 0, 0, 0, 0, 0, 0, 1]",1
19,0,124,"[9, 9, 7, 8, 8, 9, 9, 8, 8, 8]","[0, 1, 1, 1, 1, 0, 0, 0, 1, 1]",1
19,0,125,"[5, 5, 5, 4, 7, 5, 5, 5, 4, 5]","[0, 1, 1, 0, 1, 1, 0, 1, 1, 1]",1
19,0,126,"[7, 7, 9, 7, 7, 6, 6, 7, 4, 7]","[1, 0, 0, 0, 0, 1, 0, 0, 0, 0]",1
19,0,127,"[5, 6, 5, 5, 5, 5, 4, 5, 5, 5]","[0, 0, 0, 0, 0, 0, 0, 0, 1, 1]",1
19,0,128,"[7, 8, 5, 8, 8, 5, 7, 5, 8, 8]","[0, 1, 0, 1, 0, 0, 1, 1, 1, 0]",1
19,0,129,"[5, 6, 4, 8, 7, 7, 7, 7, 7, 8]","[1, 0, 0, 1, 1, 1, 0, 1, 1, 1]",1
19,0,130,"[9, 8, 8, 7, 7, 7, 6, 7, 7, 7]","[0, 1, 0, 1, 0, 1, 1, 1, 1, 1]",1
19,0,131,"[5, 8, 7, 7, 9, 7, 5, 7, 7, 7]","[0, 1, 1, 0, 1, 0, 0, 0, 1, 0]",1
19,0,132,"[7, 4, 2, 4, 4, 4, 4, 4, 3, 4]","[0, 1, 0, 0, 0, 1, 0, 0, 0, 0]",1
19,0,133,"[9, 9, 9, 9, 9, 9, 6, 9, 9, 9]","[1, 0, 0, 0, 0, 0, 0, 0, 0, 0]",1
19,0,134,"[7, 6, 5, 7, 6, 6, 6, 6, 5, 8]","[0, 0, 0, 0, 0, 0, 1, 1, 0, 0]",1
19,0,135,"[5, 8, 7, 5, 7, 7, 6, 5, 6, 7]","[0, 0, 0, 1, 1, 0, 0, 1, 0, 1]",1
19,0,136,"[7, 7, 8, 8, 8, 8, 8, 6, 6, 6]","[0, 0, 0, 1, 0, 1, 1, 0, 0, 1]",1
19,0,137,"[7, 5, 5, 6, 5, 4, 6, 4, 6, 3]","[1, 0, 0, 1, 0, 0, 0, 0, 0, 0]",1
19,0,138,"[6, 5, 5, 5, 5, 5, 5, 5, 5, 5]","[0, 0, 1, 0, 0, 0, 0, 0, 0, 0]",1
19,0,139,"[3, 4, 4, 3, 4, 4, 3, 3, 4, 3]","[0, 0, 0, 0, 0, 1, 0, 0, 0, 0]",1
19,0,140,"[5, 8, 4, 6, 8, 8, 5, 6, 8, 5]","[0, 1, 0, 1, 1, 1, 0, 0, 1, 0]",1
19,0,141,"[3, 2, 4, 4, 4, 4, 5, 4, 4, 2]","[0, 0, 0, 0, 0, 0, 0, 0, 0, 0]",1
19,0,142,"[8, 6, 5, 3, 7, 3, 4, 5, 5, 2]","[0, 1, 1, 1, 0, 0, 0, 1, 0, 0]",1
19,0,143,"[4, 5, 4, 5, 4, 3, 4, 9, 5, 4]","[0, 0, 1, 0, 0, 0, 0, 0, 0, 0]",1
19,0,144,"[6, 5, 5, 9, 8, 5, 6, 4, 9, 5]","[0, 0, 0, 1, 0, 1, 1, 0, 0, 0]",1
19,0,145,"[7, 6, 6, 7, 6, 6, 6, 6, 6, 7]","[0, 0, 0, 0, 0, 0, 0, 0, 0, 0]",1
19,0,146,"[7, 7, 7, 7, 7, 7, 7, 8, 9, 7]","[1, 1, 0, 0, 0, 1, 1, 0, 1, 1]",1
19,0,147,"[3, 3, 5, 3, 4, 4, 3, 7, 3, 3]","[0, 0, 0, 0, 0, 0, 1, 0, 1, 0]",1
19,0,148,"[6, 6, 5, 7, 9, 6, 5, 4, 5, 5]","[0, 1, 1, 0, 0, 1, 0, 0, 0, 0]",1
19,0,149,"[4, 6, 4, 6, 5, 4, 8, 7, 5, 5]","[0, 0, 0, 0, 0, 0, 1, 0, 0, 0]",1
19,0,150,"[4, 5, 4, 4, 4, 4, 4, 5, 6, 4]","[1, 0, 0, 0, 0, 0, 0, 0, 0, 0]",1
19,0,151,"[8, 4, 4, 3, 6, 6, 4, 3, 5, 2]","[1, 0, 0, 0, 0, 0, 0, 0, 0, 0]",1
19,0,152,"[7, 5, 4, 2, 6, 6, 6, 7, 4, 5]","[0, 0, 0, 0, 0, 0, 0, 0, 0, 0]",1
19,0,153,"[5, 6, 5, 9, 5, 6, 4, 5, 4, 5]","[0, 0, 0, 1, 0, 0, 0, 0, 0, 0]",1
19,0,154,"[9, 8, 9, 8, 8, 9, 8, 7, 9, 8]","[1, 1, 1, 0, 0, 1, 0, 1, 1, 0]",1
19,0,155,"[4, 5, 8, 6, 5, 4, 5, 5, 5, 5]","[0, 0, 1, 1, 0, 0, 1, 0, 0, 1]",1
19,0,156,"[2, 2, 2, 1, 2, 2, 3, 2, 2, 2]","[0, 0, 0, 0, 0, 0, 0, 0, 0, 0]",1
19,0,157,"[6, 6, 6, 7, 5, 6, 5, 5, 4, 5]","[0, 1, 1, 0, 0, 0, 0, 0, 0, 0]",1
19,0,158,"[7, 6, 7, 7, 8, 7, 8, 7, 7, 7]","[0, 1, 1, 1, 0, 1, 0, 0, 0, 0]",1
19,0,159,"[7, 6, 3, 6, 6, 6, 6, 6, 5, 6]","[0, 0, 0, 1, 0, 0, 1, 0, 0, 1]",1
19,0,160,"[9, 5, 5, 5, 9, 9, 9, 9, 9, 9]","[1, 0, 1, 0, 0, 1, 1, 0, 0, 1]",1
19,0,161,"[5, 4, 4, 4, 5, 5, 5, 5, 5, 5]","[0, 1, 0, 0, 0, 0, 0, 0, 0, 1]",1
19,0,162,"[8, 5, 8, 9, 9, 8, 7, 9, 8, 9]","[0, 0, 0, 1, 0, 0, 0, 1, 1, 0]",1
19,0,163,"[6, 7, 6, 6, 6, 8, 6, 9, 5, 7]","[0, 0, 0, 0, 0, 0, 0, 1, 0, 0]",1
19,0,164,"[9, 9, 9, 9, 9, 9, 9, 9, 9, 9]","[0, 0, 1, 0, 0, 0, 1, 1, 0, 0]",1
19,0,165,"[5, 6, 5, 5, 5, 6, 1, 6, 5, 5]","[0, 0, 0, 0, 0, 0, 0, 1, 0, 0]",1
19,0,166,"[8, 7, 4, 8, 7, 4, 7, 8, 8, 7]","[1, 0, 0, 0, 0, 0, 0, 1, 1, 0]",1
19,0,167,"[4, 5, 5, 5, 5, 5, 5, 5, 5, 5]","[0, 1, 0, 0, 0, 0, 0, 1, 0, 0]",1
19,0,168,"[4, 8, 6, 9, 6, 4, 8, 4, 6, 8]","[1, 0, 1, 1, 1, 0, 1, 1, 1, 0]",1
19,0,169,"[6, 6, 6, 6, 6, 5, 5, 7, 6, 5]","[0, 0, 0, 1, 0, 0, 0, 0, 0, 0]",1
19,0,170,"[9, 9, 9, 9, 9, 9, 9, 9, 9, 4]","[1, 1, 1, 0, 0, 1, 1, 0, 0, 0]",1
19,0,171,"[8, 9, 9, 7, 9, 6, 4, 5, 8, 8]","[1, 0, 1, 1, 0, 0, 0, 0, 0, 0]",1
19,0,172,"[7, 5, 5, 6, 7, 6, 6, 5, 9, 6]","[0, 0, 1, 0, 0, 0, 1, 0, 0, 0]",1
19,0,173,"[2, 4, 2, 5, 5, 6, 7, 6, 7, 5]","[1, 0, 0, 0, 0, 0, 0, 0, 1, 1]",1
19,0,174,"[5, 7, 7, 5, 5, 6, 5, 5, 6, 8]","[0, 0, 0, 1, 0, 0, 0, 0, 1, 1]",1
19,0,175,"[4, 4, 4, 4, 1, 4, 4, 4, 5, 3]","[0, 0, 0, 0, 0, 0, 0, 0, 1, 0]",1
19,0,176,"[7, 3, 3, 3, 3, 3, 3, 3, 3, 3]","[0, 0, 1, 0, 0, 0, 0, 0, 0, 0]",1
19,0,177,"[9, 5, 2, 7, 1, 1, 9, 8, 9, 5]","[1, 0, 0, 0, 0, 0, 0, 0, 1, 0]",1
19,0,178,"[7, 7, 3, 6, 8, 7, 8, 7, 6, 7]","[0, 1, 1, 0, 0, 0, 1, 0, 0, 0]",1
19,0,179,"[5, 1, 9, 5, 9, 7, 9, 9, 6, 4]","[1, 0, 1, 0, 1, 0, 1, 0, 1, 0]",1
19,0,180,"[4, 4, 4, 4, 4, 4, 3, 5, 4, 4]","[0, 0, 0, 0, 0, 0, 0, 0, 0, 0]",1
19,0,181,"[4, 3, 4, 3, 5, 3, 5, 4, 6, 4]","[0, 0, 0, 0, 0, 0, 0, 1, 0, 0]",1
19,0,182,"[9, 8, 9, 1, 1, 9, 1, 6, 1, 6]","[1, 0, 0, 0, 0, 1, 0, 0, 0, 1]",1
19,0,183,"[7, 4, 5, 5, 6, 7, 5, 5, 5, 6]","[0, 0, 1, 1, 0, 0, 0, 1, 0, 0]",1
19,0,184,"[6, 2, 9, 3, 7, 6, 3, 5, 5, 6]","[0, 0, 1, 0, 0, 0, 0, 0, 0, 0]",1
19,0,185,"[7, 4, 3, 9, 3, 6, 8, 1, 8, 7]","[1, 1, 0, 1, 0, 0, 0, 0, 0, 1]",1
19,0,186,"[9, 9, 7, 9, 9, 9, 6, 5, 3, 5]","[0, 0, 1, 0, 1, 0, 0, 1, 0, 0]",1
19,0,187,"[6, 3, 4, 4, 4, 5, 4, 4, 5, 4]","[1, 0, 0, 0, 0, 0, 0, 0, 0, 0]",1
19,0,188,"[9, 9, 9, 8, 5, 9, 9, 9, 9, 5]","[0, 1, 1, 0, 0, 1, 1, 1, 0, 0]",1
19,0,189,"[5, 5, 5, 5, 5, 5, 5, 5, 5, 3]","[0, 0, 0, 0, 0, 0, 1, 1, 0, 0]",1
19,0,190,"[5, 4, 4, 4, 3, 5, 5, 3, 6, 6]","[0, 0, 0, 1, 0, 0, 0, 0, 1, 0]",1
19,0,191,"[9, 9, 9, 8, 9, 9, 3, 9, 9, 9]","[0, 1, 0, 0, 0, 1, 0, 0, 1, 1]",1
19,0,192,"[9, 9, 9, 9, 9, 3, 9, 9, 7, 8]","[0, 1, 0, 1, 1, 0, 0, 1, 0, 1]",1
19,0,193,"[6, 6, 7, 5, 6, 6, 6, 6, 6, 6]","[0, 0, 0, 0, 0, 0, 0, 0, 1, 0]",1
19,0,194,"[8, 8, 8, 7, 5, 5, 8, 5, 8, 5]","[1, 0, 0, 1, 0, 0, 0, 0, 1, 1]",1
19,0,195,"[1, 3, 2, 4, 4, 1, 4, 4, 5, 1]","[0, 0, 0, 1, 0, 0, 1, 1, 1, 0]",1
19,0,196,"[4, 4, 5, 4, 4, 1, 4, 5, 2, 2]","[1, 0, 0, 0, 1, 0, 1, 0, 0, 0]",1
19,0,197,"[7, 7, 7, 7, 7, 8, 7, 7, 7, 6]","[0, 0, 0, 0, 0, 0, 0, 1, 0, 0]",1
19,0,198,"[4, 1, 1, 2, 1, 2, 5, 3, 4, 3]","[0, 0, 0, 0, 0, 0, 0, 0, 0, 0]",1
19,0,199,"[4, 5, 4, 4, 4, 4, 4, 4, 4, 4]","[0, 0, 0, 0, 0, 0, 0, 0, 0, 0]",1
19,0,200,"[9, 5, 4, 4, 3, 3, 4, 3, 4, 4]","[1, 1, 1, 0, 0, 0, 0, 0, 0, 0]",1
19,0,201,"[8, 9, 9, 8, 9, 8, 9, 5, 9, 5]","[0, 0, 1, 0, 0, 0, 0, 0, 0, 0]",1
19,0,202,"[5, 7, 4, 6, 5, 4, 5, 6, 6, 4]","[0, 0, 0, 0, 0, 0, 0, 0, 1, 0]",1
19,0,203,"[3, 4, 5, 3, 7, 4, 3, 3, 4, 4]","[0, 0, 0, 0, 0, 0, 0, 0, 0, 0]",1
19,0,204,"[8, 8, 6, 9, 8, 8, 8, 8, 8, 8]","[0, 0, 1, 0, 1, 0, 1, 1, 0, 1]",1
19,0,205,"[9, 8, 9, 9, 9, 9, 9, 9, 9, 9]","[0, 1, 1, 1, 0, 1, 0, 1, 1, 0]",1
19,0,206,"[5, 8, 8, 8, 9, 8, 8, 8, 8, 5]","[0, 0, 1, 0, 1, 0, 1, 0, 0, 0]",1
19,0,207,"[4, 4, 4, 4, 5, 5, 4, 5, 5, 4]","[0, 0, 0, 0, 1, 0, 0, 0, 1, 0]",1
19,0,208,"[9, 9, 8, 9, 8, 9, 8, 9, 8, 7]","[0, 0, 1, 1, 1, 1, 0, 1, 0, 0]",1
19,0,209,"[6, 6, 6, 4, 6, 6, 5, 8, 4, 5]","[1, 0, 0, 0, 0, 0, 0, 1, 0, 1]",1
19,1,0,"[8, 6, 6, 1, 6, 7, 7, 7, 7, 7]","[0, 0, 0, 0, 0, 0, 0, 0, 1, 1]",1
19,1,1,"[5, 4, 4, 8, 4, 4, 5, 4, 4, 5]","[0, 0, 0, 1, 0, 0, 0, 0, 0, 0]",1
19,1,2,"[5, 9, 2, 5, 4, 4, 5, 1, 3, 1]","[1, 1, 0, 0, 0, 0, 0, 0, 0, 0]",1
19,1,3,"[6, 6, 6, 3, 4, 6, 6, 8, 3, 4]","[1, 0, 0, 0, 0, 0, 0, 0, 0, 1]",1
19,1,4,"[3, 4, 2, 3, 3, 2, 1, 3, 3, 4]","[0, 1, 0, 0, 0, 0, 0, 0, 0, 0]",1
19,1,5,"[3, 3, 4, 3, 5, 4, 3, 4, 5, 4]","[0, 1, 0, 0, 0, 0, 1, 0, 0, 1]",1
19,1,6,"[5, 4, 4, 4, 4, 7, 4, 3, 4, 4]","[0, 0, 0, 1, 0, 0, 0, 0, 0, 0]",1
19,1,7,"[6, 5, 6, 6, 6, 5, 5, 5, 6, 6]","[0, 0, 1, 1, 0, 0, 0, 0, 1, 0]",1
19,1,8,"[3, 3, 2, 3, 4, 8, 3, 3, 3, 3]","[0, 0, 0, 0, 0, 0, 0, 0, 0, 0]",1
19,1,9,"[3, 2, 2, 6, 4, 2, 3, 1, 4, 6]","[0, 0, 1, 1, 0, 0, 1, 1, 1, 0]",1
19,1,10,"[5, 5, 4, 4, 5, 5, 4, 2, 4, 4]","[0, 0, 0, 0, 1, 1, 0, 0, 0, 0]",1
19,1,11,"[3, 4, 4, 2, 3, 3, 2, 3, 2, 2]","[0, 0, 0, 0, 0, 1, 0, 0, 0, 0]",1
19,1,12,"[3, 4, 4, 5, 3, 4, 4, 4, 4, 4]","[1, 0, 0, 1, 0, 0, 1, 0, 0, 0]",1
19,1,13,"[3, 2, 3, 4, 3, 4, 3, 2, 3, 4]","[0, 0, 0, 1, 0, 0, 0, 0, 0, 0]",1
19,1,14,"[2, 2, 3, 2, 3, 6, 4, 2, 2, 2]","[0, 0, 0, 0, 0, 0, 0, 0, 0, 0]",1
19,1,15,"[7, 5, 5, 5, 5, 5, 5, 5, 5, 5]","[1, 0, 0, 0, 1, 0, 0, 0, 0, 1]",1
19,1,16,"[6, 1, 3, 5, 5, 4, 3, 4, 8, 4]","[1, 0, 1, 0, 0, 1, 0, 0, 0, 0]",1
19,1,17,"[5, 6, 5, 5, 5, 5, 4, 5, 7, 5]","[0, 1, 0, 0, 1, 0, 1, 0, 1, 0]",1
19,1,18,"[4, 4, 4, 4, 4, 5, 4, 5, 5, 5]","[0, 0, 0, 1, 0, 0, 0, 0, 0, 0]",1
19,1,19,"[2, 4, 4, 3, 8, 3, 3, 2, 3, 1]","[0, 0, 0, 0, 1, 1, 0, 0, 0, 0]",1
19,1,20,"[7, 4, 4, 5, 5, 4, 6, 4, 5, 7]","[1, 0, 1, 0, 0, 0, 1, 0, 0, 0]",1
19,1,21,"[9, 8, 3, 4, 5, 4, 6, 6, 6, 6]","[1, 1, 0, 0, 1, 0, 0, 0, 0, 0]",1
19,1,22,"[3, 3, 3, 3, 3, 3, 3, 3, 3, 3]","[0, 0, 0, 1, 0, 0, 0, 0, 1, 0]",1
19,1,23,"[3, 3, 3, 3, 4, 4, 3, 5, 3, 3]","[0, 1, 0, 0, 0, 1, 0, 0, 1, 0]",1
19,1,24,"[5, 5, 2, 4, 4, 3, 5, 3, 1, 2]","[0, 1, 1, 1, 0, 0, 0, 0, 0, 0]",1
19,1,25,"[2, 2, 2, 2, 3, 2, 2, 9, 2, 2]","[0, 0, 0, 0, 0, 1, 0, 1, 0, 0]",1
19,1,26,"[1, 9, 2, 3, 3, 6, 9, 8, 9, 4]","[0, 0, 0, 0, 0, 1, 0, 0, 1, 0]",1
19,1,27,"[4, 4, 1, 4, 4, 4, 4, 4, 4, 4]","[1, 1, 1, 0, 1, 0, 0, 0, 0, 1]",1
19,1,28,"[3, 3, 4, 3, 4, 3, 3, 3, 3, 3]","[0, 0, 0, 0, 0, 0, 0, 0, 0, 0]",1
19,1,29,"[9, 5, 9, 8, 9, 9, 6, 7, 9, 7]","[0, 0, 0, 1, 0, 0, 1, 0, 1, 0]",1
19,1,30,"[3, 6, 6, 5, 6, 5, 6, 6, 5, 6]","[0, 0, 1, 1, 1, 0, 0, 0, 1, 0]",1
19,1,31,"[5, 5, 5, 5, 5, 3, 5, 4, 5, 4]","[0, 0, 0, 0, 0, 0, 0, 0, 0, 0]",1
19,1,32,"[4, 3, 3, 4, 3, 4, 4, 2, 5, 3]","[1, 0, 0, 0, 0, 1, 0, 0, 0, 0]",1
19,1,33,"[4, 3, 2, 3, 4, 3, 4, 2, 2, 3]","[0, 0, 0, 0, 1, 1, 0, 0, 0, 1]",1
19,1,34,"[5, 6, 6, 6, 6, 5, 5, 6, 5, 5]","[0, 0, 0, 0, 1, 0, 0, 1, 0, 0]",1
19,1,35,"[3, 3, 2, 3, 9, 2, 5, 3, 7, 2]","[0, 0, 0, 0, 1, 0, 0, 0, 0, 0]",1
19,1,36,"[6, 5, 4, 6, 3, 3, 2, 2, 5, 3]","[0, 0, 0, 0, 0, 0, 0, 0, 0, 0]",1
19,1,37,"[3, 4, 3, 7, 5, 8, 5, 4, 3, 4]","[0, 0, 1, 1, 0, 0, 0, 0, 0, 0]",1
19,1,38,"[4, 3, 3, 3, 4, 3, 3, 5, 3, 3]","[0, 1, 0, 0, 0, 0, 0, 0, 0, 1]",1
19,1,39,"[1, 5, 1, 5, 1, 4, 3, 4, 5, 1]","[0, 1, 1, 1, 0, 1, 0, 0, 1, 0]",1
19,1,40,"[2, 2, 2, 2, 2, 2, 2, 2, 3, 3]","[0, 0, 0, 0, 0, 0, 0, 0, 0, 0]",1
19,1,41,"[6, 4, 4, 3, 4, 7, 4, 3, 3, 4]","[0, 1, 0, 0, 0, 1, 1, 1, 0, 0]",1
19,1,42,"[2, 3, 2, 3, 3, 3, 3, 2, 3, 3]","[0, 0, 0, 1, 0, 0, 0, 0, 0, 0]",1
19,1,43,"[3, 2, 4, 2, 3, 1, 3, 3, 3, 3]","[1, 0, 0, 0, 0, 0, 0, 0, 0, 1]",1
19,1,44,"[4, 5, 5, 3, 5, 4, 3, 4, 5, 4]","[0, 0, 0, 0, 1, 1, 1, 0, 0, 1]",1
19,1,45,"[4, 5, 3, 3, 4, 4, 4, 4, 4, 5]","[1, 0, 0, 0, 0, 0, 0, 1, 0, 0]",1
19,1,46,"[3, 3, 3, 2, 3, 3, 4, 3, 3, 3]","[0, 0, 0, 0, 0, 0, 0, 0, 0, 0]",1
19,1,47,"[4, 4, 4, 4, 4, 4, 4, 6, 8, 5]","[0, 1, 0, 0, 0, 0, 1, 0, 1, 0]",1
19,1,48,"[4, 4, 4, 2, 4, 4, 4, 4, 4, 5]","[0, 0, 1, 0, 0, 0, 1, 0, 0, 0]",1
19,1,49,"[5, 6, 4, 4, 5, 4, 6, 4, 5, 6]","[0, 1, 0, 1, 1, 0, 0, 0, 1, 1]",1
19,1,50,"[4, 3, 6, 4, 4, 3, 5, 4, 4, 2]","[1, 0, 0, 0, 0, 0, 0, 0, 0, 0]",1
19,1,51,"[3, 2, 3, 3, 2, 3, 3, 3, 3, 2]","[1, 0, 0, 0, 0, 0, 0, 0, 0, 0]",1
19,1,52,"[2, 4, 3, 1, 1, 1, 4, 1, 3, 1]","[0, 1, 1, 1, 0, 0, 0, 1, 0, 0]",1
19,1,53,"[4, 4, 4, 4, 4, 4, 6, 5, 3, 4]","[0, 1, 0, 0, 0, 0, 0, 0, 0, 0]",1
19,1,54,"[3, 4, 1, 3, 3, 1, 1, 3, 3, 2]","[0, 0, 0, 0, 0, 0, 0, 1, 0, 0]",1
19,1,55,"[6, 6, 6, 2, 6, 8, 7, 7, 6, 7]","[0, 0, 1, 0, 0, 0, 0, 0, 0, 0]",1
19,1,56,"[4, 4, 5, 4, 4, 4, 4, 3, 4, 4]","[1, 0, 0, 0, 0, 0, 0, 0, 0, 0]",1
19,1,57,"[5, 5, 4, 3, 3, 4, 4, 3, 6, 1]","[0, 1, 0, 0, 1, 0, 0, 0, 0, 1]",1
19,1,58,"[4, 2, 3, 4, 5, 4, 3, 2, 5, 3]","[0, 0, 0, 1, 0, 0, 0, 0, 0, 0]",1
19,1,59,"[4, 3, 5, 3, 3, 5, 6, 7, 5, 4]","[1, 0, 0, 0, 0, 0, 0, 0, 0, 1]",1
19,1,60,"[3, 2, 4, 1, 3, 4, 5, 2, 6, 4]","[1, 1, 0, 0, 0, 0, 0, 0, 1, 1]",1
19,1,61,"[4, 4, 5, 8, 4, 4, 3, 4, 4, 4]","[0, 0, 0, 0, 0, 0, 0, 0, 0, 0]",1
19,1,62,"[9, 9, 9, 9, 9, 9, 9, 9, 9, 9]","[0, 0, 1, 0, 0, 1, 1, 0, 1, 1]",1
19,1,63,"[6, 6, 6, 6, 6, 6, 4, 6, 6, 4]","[1, 1, 1, 0, 1, 0, 0, 1, 0, 0]",1
19,1,64,"[4, 3, 4, 4, 2, 2, 4, 4, 6, 5]","[0, 0, 0, 0, 0, 0, 1, 1, 1, 0]",1
19,1,65,"[3, 4, 5, 6, 3, 3, 4, 1, 6, 3]","[0, 0, 0, 0, 0, 0, 0, 0, 0, 0]",1
19,1,66,"[4, 8, 5, 5, 4, 2, 7, 4, 4, 5]","[0, 1, 0, 0, 1, 0, 1, 0, 0, 1]",1
19,1,67,"[3, 4, 4, 3, 4, 4, 3, 4, 3, 4]","[0, 1, 0, 0, 1, 1, 0, 1, 1, 1]",1
19,1,68,"[5, 4, 5, 5, 5, 3, 6, 5, 3, 5]","[0, 0, 1, 0, 0, 0, 0, 0, 0, 0]",1
19,1,69,"[2, 4, 6, 6, 4, 4, 5, 4, 5, 4]","[0, 1, 0, 0, 0, 0, 0, 0, 0, 0]",1
19,1,70,"[4, 4, 5, 5, 9, 5, 7, 5, 5, 4]","[1, 1, 0, 0, 1, 0, 0, 0, 0, 0]",1
19,1,71,"[3, 3, 3, 3, 4, 3, 3, 4, 4, 3]","[0, 0, 0, 0, 0, 0, 0, 0, 0, 0]",1
19,1,72,"[4, 3, 3, 3, 3, 3, 4, 4, 4, 3]","[0, 0, 0, 0, 0, 0, 0, 0, 0, 1]",1
19,1,73,"[1, 2, 1, 1, 3, 7, 4, 1, 3, 1]","[0, 0, 1, 1, 0, 1, 0, 1, 0, 0]",1
19,1,74,"[2, 2, 2, 2, 4, 1, 4, 3, 4, 2]","[0, 0, 0, 1, 0, 0, 0, 1, 0, 0]",1
19,1,75,"[3, 3, 3, 2, 2, 3, 3, 2, 2, 4]","[0, 0, 0, 0, 0, 0, 0, 0, 0, 0]",1
19,1,76,"[3, 3, 5, 8, 1, 4, 1, 3, 1, 1]","[0, 0, 0, 0, 0, 0, 0, 1, 0, 0]",1
19,1,77,"[9, 4, 4, 5, 5, 4, 4, 4, 7, 4]","[1, 0, 1, 0, 0, 0, 0, 0, 0, 0]",1
19,1,78,"[6, 8, 6, 6, 6, 6, 7, 6, 6, 2]","[1, 1, 0, 0, 0, 1, 0, 0, 0, 1]",1
19,1,79,"[3, 4, 2, 2, 3, 2, 4, 4, 3, 2]","[0, 1, 0, 0, 0, 1, 0, 1, 0, 0]",1
19,1,80,"[8, 7, 6, 5, 8, 7, 6, 8, 5, 7]","[1, 0, 1, 1, 0, 0, 0, 0, 1, 0]",1
19,1,81,"[5, 5, 5, 7, 5, 4, 6, 6, 8, 5]","[0, 0, 1, 1, 0, 0, 0, 0, 1, 1]",1
19,1,82,"[4, 4, 4, 5, 4, 5, 3, 4, 3, 4]","[0, 0, 0, 0, 0, 1, 0, 0, 1, 0]",1
19,1,83,"[8, 6, 6, 4, 5, 3, 5, 5, 8, 1]","[1, 1, 0, 0, 0, 0, 1, 0, 1, 0]",1
19,1,84,"[1, 1, 1, 1, 1, 3, 1, 4, 1, 1]","[0, 0, 0, 1, 0, 1, 0, 1, 1, 0]",1
19,1,85,"[3, 3, 3, 3, 3, 3, 2, 3, 3, 3]","[0, 1, 0, 1, 1, 0, 0, 0, 1, 0]",1
19,1,86,"[5, 6, 2, 6, 5, 6, 6, 6, 5, 7]","[0, 0, 0, 0, 0, 1, 0, 0, 0, 0]",1
19,1,87,"[4, 4, 3, 5, 2, 5, 3, 1, 2, 3]","[1, 1, 0, 0, 0, 1, 0, 1, 0, 1]",1
19,1,88,"[3, 3, 4, 3, 3, 3, 4, 3, 3, 3]","[0, 0, 0, 0, 1, 0, 0, 1, 0, 0]",1
19,1,89,"[3, 2, 3, 4, 6, 2, 3, 4, 8, 3]","[0, 0, 0, 0, 0, 0, 0, 1, 1, 0]",1
19,1,90,"[6, 6, 6, 6, 6, 6, 6, 7, 6, 6]","[0, 0, 0, 0, 0, 0, 0, 0, 1, 0]",1
19,1,91,"[2, 4, 4, 4, 4, 2, 6, 4, 3, 3]","[0, 0, 0, 0, 0, 0, 0, 0, 0, 1]",1
19,1,92,"[6, 4, 5, 4, 6, 5, 4, 5, 5, 4]","[0, 0, 0, 0, 1, 0, 0, 0, 0, 0]",1
19,1,93,"[2, 3, 2, 7, 3, 3, 4, 3, 5, 3]","[0, 0, 0, 1, 0, 0, 0, 0, 1, 0]",1
19,1,94,"[5, 3, 9, 4, 4, 4, 8, 4, 8, 5]","[0, 1, 1, 1, 0, 0, 0, 0, 1, 1]",1
19,1,95,"[5, 5, 5, 5, 6, 5, 5, 4, 5, 7]","[0, 1, 0, 1, 0, 0, 1, 0, 0, 0]",1
19,1,96,"[2, 4, 6, 3, 1, 4, 8, 8, 3, 1]","[0, 0, 1, 0, 0, 1, 1, 1, 0, 1]",1
19,1,97,"[2, 3, 4, 4, 5, 3, 2, 2, 2, 1]","[0, 0, 0, 0, 1, 0, 0, 0, 0, 0]",1
19,1,98,"[9, 6, 7, 2, 9, 9, 9, 7, 2, 3]","[0, 1, 0, 0, 1, 0, 0, 0, 0, 0]",1
19,1,99,"[3, 1, 3, 3, 4, 3, 5, 4, 3, 2]","[0, 0, 0, 0, 0, 0, 0, 0, 0, 0]",1
19,1,100,"[3, 2, 1, 2, 2, 1, 2, 4, 1, 3]","[0, 0, 0, 0, 0, 0, 0, 0, 0, 0]",1
19,1,101,"[4, 4, 3, 4, 2, 3, 4, 3, 4, 5]","[1, 0, 0, 1, 0, 0, 1, 0, 1, 0]",1
19,1,102,"[1, 4, 1, 4, 2, 6, 1, 4, 1, 4]","[0, 0, 0, 0, 0, 0, 0, 0, 0, 1]",1
19,1,103,"[2, 2, 1, 2, 2, 2, 2, 2, 3, 2]","[0, 0, 0, 0, 0, 0, 0, 0, 0, 0]",1
19,1,104,"[8, 9, 9, 8, 8, 8, 7, 7, 8, 5]","[1, 1, 1, 0, 1, 1, 0, 1, 1, 1]",1
19,1,105,"[5, 5, 2, 4, 5, 5, 3, 5, 5, 5]","[1, 0, 0, 0, 0, 1, 0, 1, 0, 1]",1
19,1,106,"[3, 4, 4, 3, 3, 4, 3, 3, 8, 4]","[0, 0, 0, 0, 0, 0, 0, 0, 1, 0]",1
19,1,107,"[3, 3, 3, 3, 4, 3, 4, 3, 3, 4]","[0, 0, 0, 0, 0, 0, 0, 0, 0, 1]",1
19,1,108,"[1, 3, 2, 5, 3, 3, 5, 3, 2, 6]","[0, 0, 0, 0, 0, 0, 0, 0, 0, 0]",1
19,1,109,"[4, 6, 4, 4, 7, 3, 4, 8, 2, 6]","[1, 0, 0, 0, 0, 0, 0, 1, 0, 0]",1
19,1,110,"[3, 7, 7, 3, 3, 8, 2, 4, 3, 5]","[0, 1, 1, 0, 0, 0, 0, 0, 0, 0]",1
19,1,111,"[7, 5, 5, 6, 6, 4, 7, 5, 5, 5]","[0, 0, 0, 0, 0, 0, 0, 0, 1, 1]",1
19,1,112,"[6, 5, 6, 5, 6, 6, 6, 6, 6, 7]","[0, 1, 0, 1, 1, 1, 1, 0, 1, 1]",1
19,1,113,"[4, 4, 2, 5, 4, 6, 5, 5, 4, 4]","[0, 1, 0, 1, 0, 0, 0, 1, 0, 0]",1
19,1,114,"[3, 4, 3, 3, 4, 2, 3, 3, 3, 4]","[0, 0, 0, 0, 0, 0, 0, 1, 0, 1]",1
19,1,115,"[9, 9, 8, 7, 7, 8, 4, 7, 4, 7]","[1, 1, 1, 1, 0, 1, 1, 1, 0, 1]",1
19,1,116,"[1, 2, 1, 2, 1, 2, 2, 3, 4, 8]","[0, 0, 0, 0, 0, 0, 0, 0, 0, 0]",1
19,1,117,"[3, 3, 8, 3, 3, 3, 3, 3, 3, 3]","[0, 0, 1, 0, 1, 0, 1, 0, 0, 0]",1
19,1,118,"[4, 5, 6, 5, 5, 5, 7, 5, 5, 6]","[0, 0, 1, 0, 0, 1, 1, 1, 0, 0]",1
19,1,119,"[5, 5, 5, 6, 6, 5, 5, 5, 6, 5]","[0, 1, 0, 1, 0, 0, 1, 0, 0, 1]",1
19,1,120,"[7, 7, 4, 7, 5, 2, 5, 4, 5, 4]","[0, 1, 0, 0, 0, 0, 0, 1, 0, 0]",1
19,1,121,"[3, 3, 2, 3, 4, 3, 3, 3, 3, 3]","[0, 0, 0, 0, 1, 0, 0, 1, 0, 1]",1
19,1,122,"[4, 4, 4, 4, 5, 4, 4, 4, 4, 4]","[0, 1, 0, 0, 0, 0, 1, 1, 0, 0]",1
19,1,123,"[2, 5, 2, 4, 2, 1, 3, 5, 4, 4]","[0, 0, 0, 0, 0, 0, 0, 1, 1, 0]",1
19,1,124,"[3, 7, 3, 7, 2, 4, 4, 2, 3, 7]","[0, 1, 0, 0, 0, 1, 0, 0, 1, 1]",1
19,1,125,"[4, 3, 2, 3, 3, 3, 3, 3, 2, 3]","[0, 0, 0, 0, 0, 0, 1, 0, 1, 1]",1
19,1,126,"[4, 3, 3, 4, 3, 4, 3, 3, 4, 4]","[1, 0, 0, 0, 0, 1, 0, 0, 0, 0]",1
19,1,127,"[4, 4, 4, 3, 4, 2, 5, 4, 4, 4]","[0, 0, 0, 0, 0, 0, 1, 0, 0, 0]",1
19,1,128,"[6, 5, 8, 4, 8, 5, 5, 6, 8, 3]","[0, 0, 1, 0, 1, 0, 0, 0, 1, 0]",1
19,1,129,"[4, 4, 5, 3, 4, 5, 3, 6, 4, 7]","[0, 1, 0, 0, 0, 0, 0, 1, 0, 0]",1
19,1,130,"[6, 6, 8, 7, 5, 5, 5, 5, 5, 9]","[0, 0, 1, 0, 0, 0, 1, 0, 0, 1]",1
19,1,131,"[1, 9, 1, 1, 6, 1, 7, 2, 4, 1]","[1, 1, 1, 1, 1, 1, 1, 0, 0, 1]",1
19,1,132,"[2, 3, 3, 4, 4, 3, 3, 6, 3, 3]","[1, 1, 0, 0, 0, 1, 0, 0, 0, 0]",1
19,1,133,"[8, 9, 9, 9, 8, 9, 8, 7, 9, 8]","[1, 1, 1, 1, 1, 0, 1, 1, 1, 1]",1
19,1,134,"[7, 7, 5, 2, 5, 6, 7, 7, 7, 7]","[1, 0, 0, 1, 0, 1, 0, 0, 1, 0]",1
19,1,135,"[6, 5, 3, 5, 5, 5, 6, 4, 4, 3]","[0, 0, 0, 0, 0, 0, 0, 1, 0, 0]",1
19,1,136,"[6, 6, 6, 5, 4, 5, 5, 5, 4, 5]","[1, 1, 0, 0, 0, 0, 0, 0, 0, 0]",1
19,1,137,"[2, 3, 2, 5, 2, 2, 4, 2, 4, 2]","[0, 0, 0, 0, 0, 0, 0, 0, 1, 0]",1
19,1,138,"[9, 9, 9, 7, 8, 9, 9, 9, 9, 9]","[1, 1, 1, 1, 1, 1, 1, 1, 1, 1]",1
19,1,139,"[4, 3, 4, 3, 4, 5, 5, 3, 5, 6]","[0, 0, 0, 0, 1, 0, 0, 0, 0, 1]",1
19,1,140,"[5, 6, 7, 4, 5, 6, 5, 5, 5, 6]","[1, 0, 1, 0, 0, 0, 0, 0, 0, 0]",1
19,1,141,"[3, 2, 4, 4, 2, 3, 3, 3, 2, 4]","[0, 0, 0, 0, 0, 0, 0, 0, 0, 0]",1
19,1,142,"[6, 6, 6, 2, 2, 1, 8, 8, 3, 5]","[1, 0, 0, 0, 0, 0, 0, 1, 0, 0]",1
19,1,143,"[3, 3, 7, 6, 3, 3, 3, 3, 4, 3]","[0, 0, 0, 0, 0, 0, 0, 0, 0, 0]",1
19,1,144,"[8, 5, 4, 8, 4, 6, 7, 6, 7, 7]","[0, 1, 1, 1, 0, 0, 0, 0, 1, 0]",1
19,1,145,"[5, 5, 4, 5, 4, 5, 4, 5, 5, 5]","[0, 1, 0, 0, 0, 1, 0, 0, 1, 0]",1
19,1,146,"[5, 5, 5, 5, 5, 5, 7, 5, 1, 5]","[1, 1, 0, 0, 0, 0, 0, 0, 0, 0]",1
19,1,147,"[6, 5, 5, 5, 4, 4, 4, 4, 5, 6]","[0, 0, 0, 0, 0, 0, 1, 1, 0, 0]",1
19,1,148,"[6, 5, 5, 5, 6, 5, 4, 5, 5, 4]","[0, 0, 0, 0, 0, 0, 0, 0, 0, 1]",1
19,1,149,"[8, 4, 3, 4, 3, 6, 7, 6, 4, 6]","[1, 1, 0, 0, 1, 1, 0, 1, 1, 0]",1
19,1,150,"[2, 1, 3, 3, 4, 2, 5, 2, 3, 3]","[0, 0, 0, 0, 1, 0, 0, 0, 0, 0]",1
19,1,151,"[4, 3, 3, 3, 3, 1, 4, 4, 1, 4]","[0, 0, 0, 0, 0, 0, 0, 1, 0, 0]",1
19,1,152,"[3, 3, 4, 3, 4, 2, 3, 3, 3, 4]","[0, 0, 0, 0, 0, 0, 0, 0, 0, 1]",1
19,1,153,"[2, 2, 4, 2, 3, 3, 7, 1, 1, 8]","[0, 0, 0, 0, 0, 0, 0, 0, 0, 0]",1
19,1,154,"[4, 2, 4, 3, 4, 4, 3, 2, 3, 6]","[0, 1, 1, 0, 1, 0, 0, 0, 0, 0]",1
19,1,155,"[6, 4, 4, 5, 4, 5, 4, 4, 4, 3]","[0, 1, 1, 1, 1, 0, 1, 1, 0, 0]",1
19,1,156,"[3, 3, 2, 3, 3, 3, 3, 3, 5, 4]","[0, 1, 0, 0, 0, 0, 0, 0, 0, 0]",1
19,1,157,"[4, 4, 4, 8, 4, 4, 4, 3, 4, 4]","[0, 0, 0, 1, 0, 1, 0, 0, 1, 1]",1
19,1,158,"[6, 2, 7, 2, 4, 2, 3, 1, 3, 2]","[0, 0, 0, 0, 0, 0, 0, 0, 0, 0]",1
19,1,159,"[6, 6, 6, 6, 6, 7, 6, 6, 7, 6]","[1, 1, 0, 0, 1, 1, 1, 1, 0, 1]",1
19,1,160,"[4, 8, 5, 7, 3, 6, 5, 4, 4, 2]","[0, 0, 0, 0, 0, 0, 0, 0, 0, 0]",1
19,1,161,"[5, 4, 5, 4, 5, 5, 5, 5, 4, 5]","[0, 0, 0, 1, 0, 0, 0, 1, 0, 1]",1
19,1,162,"[5, 9, 7, 3, 6, 4, 6, 3, 7, 4]","[0, 1, 1, 0, 0, 0, 0, 0, 0, 1]",1
19,1,163,"[6, 9, 5, 2, 5, 2, 5, 5, 4, 6]","[0, 0, 0, 0, 1, 0, 0, 0, 0, 0]",1
19,1,164,"[9, 9, 9, 9, 9, 9, 9, 9, 9, 9]","[1, 0, 0, 1, 1, 1, 1, 1, 0, 1]",1
19,1,165,"[3, 6, 3, 3, 3, 3, 3, 6, 2, 3]","[0, 0, 0, 0, 0, 0, 1, 0, 0, 0]",1
19,1,166,"[5, 4, 3, 9, 3, 3, 6, 2, 3, 3]","[0, 0, 0, 1, 0, 0, 0, 0, 0, 0]",1
19,1,167,"[9, 8, 9, 9, 8, 9, 9, 9, 9, 9]","[1, 1, 1, 1, 1, 1, 1, 1, 1, 0]",1
19,1,168,"[5, 6, 4, 6, 5, 3, 5, 5, 5, 2]","[0, 0, 0, 1, 0, 0, 0, 0, 0, 0]",1
19,1,169,"[5, 6, 5, 4, 7, 6, 6, 4, 5, 5]","[1, 1, 0, 0, 0, 0, 0, 0, 0, 1]",1
19,1,170,"[3, 5, 2, 5, 5, 3, 3, 3, 5, 2]","[0, 0, 0, 1, 0, 0, 0, 0, 0, 1]",1
19,1,171,"[2, 3, 7, 7, 5, 5, 5, 4, 7, 7]","[0, 0, 1, 1, 1, 1, 1, 1, 1, 0]",1
19,1,172,"[4, 6, 3, 4, 2, 7, 4, 5, 3, 5]","[0, 0, 0, 1, 0, 0, 0, 1, 1, 1]",1
19,1,173,"[4, 5, 4, 7, 5, 7, 5, 4, 5, 5]","[0, 0, 1, 1, 1, 1, 0, 0, 1, 0]",1
19,1,174,"[4, 4, 4, 6, 5, 4, 4, 3, 5, 5]","[0, 1, 1, 1, 0, 0, 0, 0, 0, 0]",1
19,1,175,"[2, 3, 2, 2, 1, 2, 3, 2, 2, 2]","[0, 0, 0, 0, 0, 0, 0, 0, 0, 0]",1
19,1,176,"[4, 4, 4, 4, 5, 4, 4, 4, 2, 4]","[0, 0, 1, 1, 1, 1, 0, 0, 1, 0]",1
19,1,177,"[4, 4, 5, 8, 5, 6, 4, 4, 5, 3]","[1, 0, 1, 1, 1, 1, 1, 1, 1, 0]",1
19,1,178,"[6, 5, 6, 9, 1, 6, 6, 6, 5, 4]","[1, 0, 0, 0, 0, 1, 1, 1, 1, 0]",1
19,1,179,"[4, 4, 7, 6, 5, 4, 3, 5, 3, 6]","[1, 1, 0, 0, 1, 1, 0, 1, 0, 0]",1
19,1,180,"[4, 3, 6, 1, 3, 3, 3, 3, 2, 3]","[1, 0, 0, 0, 0, 0, 1, 0, 0, 0]",1
19,1,181,"[5, 3, 6, 5, 4, 5, 6, 2, 3, 4]","[0, 0, 0, 0, 0, 0, 1, 0, 0, 0]",1
19,1,182,"[2, 7, 7, 9, 2, 9, 8, 3, 9, 8]","[0, 1, 1, 1, 1, 1, 1, 0, 1, 1]",1
19,1,183,"[6, 7, 2, 6, 5, 4, 7, 9, 5, 4]","[0, 0, 0, 0, 0, 0, 1, 0, 0, 1]",1
19,1,184,"[7, 2, 2, 3, 8, 4, 5, 2, 2, 7]","[0, 0, 0, 0, 0, 0, 0, 0, 0, 0]",1
19,1,185,"[3, 4, 6, 6, 4, 6, 6, 5, 7, 5]","[0, 0, 1, 0, 0, 0, 0, 0, 0, 1]",1
19,1,186,"[6, 4, 6, 2, 4, 4, 6, 6, 5, 1]","[0, 0, 0, 0, 0, 0, 1, 0, 1, 0]",1
19,1,187,"[3, 4, 5, 4, 4, 3, 4, 4, 3, 4]","[0, 0, 0, 0, 1, 0, 0, 1, 0, 0]",1
19,1,188,"[3, 4, 3, 3, 4, 3, 2, 1, 4, 4]","[0, 0, 0, 0, 0, 0, 1, 0, 0, 0]",1
19,1,189,"[3, 3, 3, 3, 5, 3, 2, 3, 2, 4]","[1, 0, 0, 0, 1, 0, 0, 0, 0, 0]",1
19,1,190,"[4, 4, 4, 2, 3, 4, 2, 6, 5, 3]","[0, 0, 0, 0, 1, 0, 0, 0, 0, 0]",1
19,1,191,"[3, 3, 2, 1, 2, 3, 3, 3, 2, 3]","[0, 0, 0, 0, 0, 0, 0, 1, 0, 0]",1
19,1,192,"[3, 3, 4, 6, 3, 2, 2, 4, 3, 2]","[0, 0, 1, 0, 0, 1, 0, 1, 0, 0]",1
19,1,193,"[5, 9, 5, 5, 5, 5, 5, 5, 5, 6]","[0, 1, 1, 1, 0, 1, 1, 0, 0, 1]",1
19,1,194,"[6, 3, 4, 4, 4, 1, 7, 4, 3, 6]","[1, 0, 0, 0, 0, 0, 0, 0, 0, 0]",1
19,1,195,"[1, 1, 3, 1, 1, 2, 7, 1, 1, 7]","[0, 0, 0, 0, 1, 0, 0, 1, 0, 0]",1
19,1,196,"[4, 3, 3, 4, 3, 3, 3, 2, 4, 4]","[0, 0, 0, 0, 0, 0, 1, 0, 0, 0]",1
19,1,197,"[5, 5, 5, 5, 6, 5, 6, 6, 6, 4]","[1, 1, 1, 0, 0, 0, 0, 1, 0, 0]",1
19,1,198,"[3, 6, 6, 3, 2, 1, 5, 5, 5, 6]","[0, 0, 0, 0, 0, 0, 0, 1, 1, 0]",1
19,1,199,"[3, 2, 2, 3, 2, 2, 2, 3, 2, 3]","[0, 0, 0, 0, 0, 0, 0, 0, 0, 0]",1
19,1,200,"[2, 2, 3, 9, 1, 2, 2, 2, 2, 2]","[0, 0, 0, 1, 0, 0, 0, 0, 0, 0]",1
19,1,201,"[4, 3, 4, 7, 8, 8, 2, 4, 4, 4]","[0, 0, 1, 0, 0, 1, 0, 0, 0, 0]",1
19,1,202,"[5, 5, 2, 5, 7, 4, 5, 5, 5, 5]","[0, 0, 0, 1, 1, 0, 0, 0, 0, 0]",1
19,1,203,"[3, 3, 4, 3, 2, 2, 3, 3, 3, 1]","[0, 0, 0, 0, 1, 1, 0, 0, 0, 0]",1
19,1,204,"[2, 2, 3, 8, 2, 3, 3, 2, 3, 2]","[0, 0, 0, 0, 0, 0, 0, 0, 0, 0]",1
19,1,205,"[9, 9, 9, 5, 9, 9, 8, 8, 4, 9]","[1, 1, 1, 1, 1, 1, 1, 1, 0, 1]",1
19,1,206,"[2, 4, 3, 4, 2, 3, 3, 2, 4, 5]","[0, 0, 0, 0, 0, 0, 0, 0, 1, 1]",1
19,1,207,"[3, 3, 2, 1, 2, 2, 2, 3, 2, 2]","[0, 0, 0, 0, 0, 0, 0, 0, 0, 0]",1
19,1,208,"[4, 3, 5, 4, 4, 6, 4, 3, 6, 4]","[0, 0, 0, 0, 0, 0, 0, 0, 0, 0]",1
19,1,209,"[2, 3, 2, 1, 2, 3, 3, 4, 3, 2]","[0, 0, 0, 0, 0, 1, 0, 0, 0, 0]",1
20,0,0,"[3, 3, 2, 3, 5, 8, 2, 4, 9, 9]","[0, 0, 0, 0, 0, 0, 1, 0, 1, 0]",1
20,0,1,"[6, 6, 5, 6, 6, 6, 6, 6, 6, 7]","[1, 0, 0, 0, 0, 0, 0, 0, 1, 1]",1
20,0,2,"[8, 8, 5, 5, 8, 6, 2, 6, 5, 8]","[1, 1, 1, 0, 1, 0, 1, 1, 1, 1]",1
20,0,3,"[5, 5, 3, 4, 5, 8, 6, 6, 5, 5]","[0, 0, 0, 0, 0, 0, 0, 1, 0, 0]",1
20,0,4,"[4, 3, 3, 3, 5, 5, 2, 4, 3, 1]","[0, 0, 0, 1, 1, 0, 0, 1, 0, 0]",1
20,0,5,"[6, 6, 6, 6, 6, 6, 6, 6, 5, 5]","[1, 0, 0, 1, 0, 0, 0, 1, 1, 1]",1
20,0,6,"[9, 3, 8, 3, 3, 7, 5, 3, 3, 3]","[0, 0, 0, 0, 0, 0, 0, 0, 0, 0]",1
20,0,7,"[6, 6, 9, 5, 7, 8, 7, 8, 7, 7]","[1, 0, 0, 0, 0, 0, 0, 0, 0, 0]",1
20,0,8,"[4, 3, 4, 5, 5, 4, 5, 4, 4, 6]","[0, 0, 0, 1, 0, 1, 0, 0, 1, 0]",1
20,0,9,"[7, 4, 1, 6, 5, 7, 5, 4, 4, 2]","[1, 1, 0, 1, 0, 0, 0, 0, 0, 0]",1
20,0,10,"[5, 4, 5, 4, 4, 5, 5, 4, 5, 3]","[0, 0, 0, 0, 0, 1, 0, 0, 0, 0]",1
20,0,11,"[5, 6, 7, 6, 5, 6, 5, 5, 5, 5]","[0, 0, 1, 0, 0, 0, 0, 0, 0, 0]",1
20,0,12,"[7, 6, 7, 5, 6, 6, 6, 6, 5, 6]","[1, 0, 0, 0, 0, 1, 0, 1, 0, 0]",1
20,0,13,"[3, 4, 4, 4, 5, 6, 5, 4, 5, 5]","[0, 0, 1, 0, 1, 0, 0, 0, 0, 0]",1
20,0,14,"[4, 5, 5, 6, 5, 5, 5, 9, 5, 3]","[0, 0, 0, 0, 0, 1, 0, 0, 0, 0]",1
20,0,15,"[5, 5, 5, 8, 4, 4, 4, 4, 4, 5]","[0, 0, 1, 1, 0, 0, 0, 0, 0, 0]",1
20,0,16,"[8, 3, 3, 8, 4, 2, 7, 6, 4, 4]","[1, 0, 0, 0, 0, 0, 1, 0, 0, 0]",1
20,0,17,"[4, 5, 6, 6, 5, 3, 6, 6, 7, 7]","[0, 0, 0, 1, 0, 1, 0, 1, 0, 1]",1
20,0,18,"[7, 7, 8, 7, 7, 3, 6, 7, 8, 8]","[1, 0, 1, 0, 0, 0, 1, 0, 1, 0]",1
20,0,19,"[3, 3, 3, 5, 3, 5, 4, 3, 2, 3]","[0, 0, 0, 0, 0, 0, 0, 0, 0, 0]",1
20,0,20,"[5, 5, 3, 8, 6, 8, 5, 5, 5, 5]","[1, 0, 0, 0, 0, 0, 0, 1, 0, 0]",1
20,0,21,"[9, 8, 9, 9, 9, 4, 8, 1, 9, 7]","[0, 0, 1, 0, 1, 0, 0, 0, 0, 0]",1
20,0,22,"[4, 4, 4, 4, 4, 7, 4, 4, 4, 4]","[0, 0, 0, 0, 0, 0, 0, 0, 0, 1]",1
20,0,23,"[5, 4, 6, 5, 4, 4, 4, 5, 3, 5]","[0, 0, 0, 0, 0, 0, 1, 0, 0, 0]",1
20,0,24,"[3, 4, 7, 4, 6, 4, 5, 2, 3, 3]","[0, 0, 0, 0, 0, 0, 0, 0, 0, 0]",1
20,0,25,"[4, 5, 4, 5, 5, 5, 6, 5, 5, 5]","[0, 0, 0, 1, 0, 0, 0, 0, 0, 1]",1
20,0,26,"[9, 6, 4, 9, 9, 9, 9, 6, 9, 9]","[0, 1, 1, 0, 0, 0, 0, 0, 0, 0]",1
20,0,27,"[5, 7, 7, 6, 6, 5, 6, 6, 6, 6]","[1, 0, 1, 0, 0, 0, 1, 1, 0, 0]",1
20,0,28,"[6, 5, 6, 7, 6, 7, 6, 5, 6, 5]","[0, 0, 0, 0, 1, 0, 0, 0, 0, 0]",1
20,0,29,"[9, 9, 9, 9, 9, 8, 9, 9, 9, 9]","[0, 0, 0, 0, 1, 0, 0, 0, 0, 0]",1
20,0,30,"[5, 6, 6, 4, 4, 9, 5, 5, 5, 6]","[0, 0, 0, 0, 0, 0, 0, 0, 0, 0]",1
20,0,31,"[6, 5, 4, 5, 6, 6, 6, 4, 6, 5]","[0, 0, 0, 1, 0, 1, 0, 0, 0, 0]",1
20,0,32,"[5, 4, 6, 6, 6, 4, 8, 3, 5, 5]","[1, 0, 0, 0, 0, 0, 0, 0, 0, 0]",1
20,0,33,"[5, 3, 4, 3, 3, 2, 3, 3, 3, 2]","[0, 0, 0, 0, 0, 0, 0, 0, 0, 0]",1
20,0,34,"[7, 7, 8, 7, 7, 6, 7, 9, 9, 6]","[1, 1, 0, 0, 0, 0, 0, 0, 1, 0]",1
20,0,35,"[5, 5, 5, 4, 5, 5, 4, 7, 4, 4]","[0, 0, 0, 0, 0, 0, 0, 0, 0, 0]",1
20,0,36,"[5, 5, 5, 4, 4, 9, 9, 8, 9, 4]","[0, 0, 0, 0, 0, 0, 1, 0, 0, 0]",1
20,0,37,"[5, 6, 3, 4, 6, 5, 5, 3, 7, 5]","[1, 0, 0, 1, 0, 0, 0, 0, 1, 0]",1
20,0,38,"[5, 6, 5, 5, 5, 5, 5, 6, 6, 1]","[0, 0, 1, 0, 0, 0, 0, 1, 1, 0]",1
20,0,39,"[6, 1, 1, 5, 3, 1, 1, 1, 3, 3]","[1, 0, 0, 1, 0, 0, 0, 0, 1, 0]",1
20,0,40,"[3, 3, 4, 3, 5, 3, 8, 3, 3, 3]","[0, 0, 0, 0, 0, 0, 0, 0, 0, 0]",1
20,0,41,"[5, 6, 4, 6, 5, 5, 6, 4, 5, 5]","[0, 0, 0, 0, 0, 0, 0, 0, 0, 0]",1
20,0,42,"[4, 3, 1, 4, 4, 3, 4, 4, 5, 1]","[0, 0, 0, 0, 0, 0, 0, 0, 0, 0]",1
20,0,43,"[9, 8, 8, 8, 4, 8, 6, 8, 3, 1]","[0, 1, 0, 0, 0, 0, 0, 1, 0, 0]",1
20,0,44,"[7, 5, 5, 7, 4, 4, 6, 3, 4, 3]","[0, 1, 0, 0, 0, 0, 0, 1, 0, 0]",1
20,0,45,"[3, 5, 3, 2, 5, 4, 5, 2, 6, 3]","[1, 0, 0, 0, 0, 0, 0, 0, 0, 0]",1
20,0,46,"[3, 3, 3, 7, 3, 2, 3, 3, 3, 4]","[0, 1, 0, 0, 0, 0, 1, 0, 0, 0]",1
20,0,47,"[6, 6, 8, 5, 6, 8, 5, 6, 6, 9]","[1, 0, 0, 0, 0, 1, 0, 1, 0, 1]",1
20,0,48,"[5, 5, 6, 5, 5, 5, 5, 5, 5, 5]","[0, 0, 0, 0, 0, 0, 0, 0, 1, 1]",1
20,0,49,"[4, 4, 4, 5, 6, 2, 5, 4, 4, 4]","[0, 0, 0, 0, 0, 0, 0, 0, 0, 1]",1
20,0,50,"[7, 7, 4, 7, 8, 7, 7, 6, 7, 2]","[0, 0, 0, 1, 0, 0, 0, 0, 0, 0]",1
20,0,51,"[5, 5, 5, 4, 5, 5, 6, 6, 4, 1]","[0, 0, 1, 0, 1, 0, 0, 0, 0, 0]",1
20,0,52,"[3, 2, 2, 2, 1, 4, 4, 2, 7, 3]","[0, 0, 0, 0, 0, 0, 1, 0, 0, 0]",1
20,0,53,"[4, 3, 4, 4, 7, 4, 4, 5, 4, 4]","[0, 0, 0, 0, 0, 0, 0, 0, 1, 0]",1
20,0,54,"[6, 5, 8, 8, 8, 8, 5, 8, 8, 7]","[0, 0, 0, 1, 0, 0, 0, 0, 0, 0]",1
20,0,55,"[8, 8, 8, 7, 9, 7, 8, 9, 8, 8]","[0, 1, 1, 0, 1, 1, 0, 0, 1, 1]",1
20,0,56,"[1, 2, 1, 1, 1, 1, 3, 1, 1, 1]","[0, 0, 0, 0, 0, 0, 1, 0, 0, 0]",1
20,0,57,"[6, 2, 4, 5, 5, 3, 3, 4, 4, 4]","[0, 0, 0, 0, 1, 0, 0, 0, 0, 0]",1
20,0,58,"[7, 5, 5, 6, 4, 6, 7, 6, 7, 7]","[0, 0, 1, 0, 0, 0, 1, 0, 0, 1]",1
20,0,59,"[5, 5, 4, 5, 5, 8, 4, 1, 4, 4]","[0, 0, 0, 0, 0, 0, 0, 0, 0, 1]",1
20,0,60,"[6, 4, 3, 4, 4, 2, 3, 2, 5, 4]","[0, 0, 0, 0, 0, 0, 0, 0, 1, 0]",1
20,0,61,"[8, 5, 5, 4, 5, 4, 5, 5, 4, 4]","[1, 1, 0, 1, 0, 0, 0, 1, 0, 0]",1
20,0,62,"[9, 9, 9, 9, 9, 9, 9, 9, 9, 9]","[1, 0, 1, 1, 0, 0, 0, 0, 0, 0]",1
20,0,63,"[4, 3, 6, 5, 5, 5, 6, 5, 4, 5]","[0, 0, 0, 0, 0, 0, 0, 0, 0, 0]",1
20,0,64,"[7, 2, 6, 6, 7, 7, 6, 7, 6, 7]","[1, 1, 0, 0, 0, 1, 1, 0, 0, 0]",1
20,0,65,"[3, 4, 1, 2, 5, 4, 5, 1, 5, 4]","[0, 0, 0, 0, 0, 0, 1, 0, 0, 0]",1
20,0,66,"[3, 7, 5, 5, 5, 5, 6, 5, 5, 3]","[0, 0, 0, 0, 0, 1, 0, 0, 0, 0]",1
20,0,67,"[5, 6, 3, 7, 5, 6, 5, 5, 5, 3]","[1, 0, 0, 0, 1, 0, 0, 1, 0, 0]",1
20,0,68,"[6, 6, 7, 6, 6, 7, 7, 4, 8, 8]","[0, 0, 0, 0, 0, 0, 0, 0, 1, 1]",1
20,0,69,"[3, 4, 3, 5, 3, 5, 2, 6, 4, 4]","[0, 0, 0, 0, 0, 0, 1, 1, 0, 0]",1
20,0,70,"[6, 6, 2, 6, 5, 5, 6, 6, 6, 6]","[0, 0, 0, 0, 0, 0, 0, 0, 0, 0]",1
20,0,71,"[5, 6, 5, 6, 5, 5, 5, 5, 5, 5]","[0, 0, 0, 0, 1, 0, 0, 0, 0, 0]",1
20,0,72,"[6, 5, 4, 4, 5, 4, 4, 4, 4, 5]","[1, 0, 0, 0, 0, 0, 0, 0, 0, 0]",1
20,0,73,"[7, 8, 6, 3, 8, 3, 7, 8, 8, 7]","[0, 0, 0, 0, 0, 1, 1, 1, 1, 0]",1
20,0,74,"[3, 4, 4, 6, 3, 6, 4, 3, 2, 3]","[0, 0, 0, 0, 0, 0, 1, 0, 0, 0]",1
20,0,75,"[8, 9, 8, 8, 4, 8, 8, 5, 9, 4]","[1, 0, 0, 0, 0, 0, 1, 0, 0, 1]",1
20,0,76,"[5, 2, 1, 6, 2, 7, 4, 1, 2, 5]","[0, 0, 0, 0, 0, 0, 0, 0, 0, 1]",1
20,0,77,"[7, 7, 4, 6, 7, 6, 7, 7, 7, 7]","[0, 0, 0, 0, 0, 0, 0, 0, 0, 1]",1
20,0,78,"[6, 5, 5, 5, 5, 5, 5, 3, 4, 6]","[0, 0, 1, 0, 0, 0, 0, 0, 0, 0]",1
20,0,79,"[7, 9, 9, 9, 9, 9, 9, 9, 9, 7]","[0, 1, 0, 0, 0, 0, 0, 1, 1, 0]",1
20,0,80,"[9, 8, 7, 7, 8, 8, 9, 9, 5, 7]","[0, 0, 0, 0, 1, 0, 0, 1, 0, 0]",1
20,0,81,"[6, 4, 6, 6, 4, 6, 6, 6, 2, 6]","[0, 0, 1, 0, 0, 0, 1, 1, 0, 0]",1
20,0,82,"[4, 6, 5, 5, 4, 8, 6, 5, 6, 6]","[0, 0, 0, 0, 0, 0, 0, 0, 0, 0]",1
20,0,83,"[6, 5, 4, 4, 7, 8, 6, 4, 5, 7]","[0, 0, 0, 0, 0, 1, 1, 0, 1, 0]",1
20,0,84,"[3, 3, 3, 3, 3, 5, 4, 3, 5, 8]","[0, 0, 0, 0, 1, 0, 1, 0, 0, 1]",1
20,0,85,"[2, 6, 6, 7, 5, 7, 6, 6, 5, 6]","[0, 0, 0, 0, 0, 0, 0, 0, 0, 0]",1
20,0,86,"[9, 9, 9, 9, 9, 9, 9, 8, 9, 9]","[1, 0, 0, 0, 0, 0, 0, 0, 1, 0]",1
20,0,87,"[4, 2, 4, 4, 5, 4, 2, 2, 5, 1]","[1, 0, 0, 0, 0, 0, 0, 0, 0, 0]",1
20,0,88,"[5, 4, 5, 5, 5, 5, 7, 4, 5, 5]","[0, 0, 0, 1, 0, 0, 0, 0, 0, 0]",1
20,0,89,"[7, 8, 7, 8, 7, 6, 7, 7, 7, 7]","[0, 0, 0, 0, 1, 0, 1, 0, 0, 0]",1
20,0,90,"[9, 9, 9, 9, 9, 9, 9, 9, 9, 9]","[0, 0, 0, 1, 0, 0, 0, 0, 0, 0]",1
20,0,91,"[6, 5, 5, 5, 7, 5, 5, 5, 8, 9]","[1, 0, 0, 0, 0, 1, 0, 1, 0, 0]",1
20,0,92,"[5, 5, 4, 4, 4, 8, 4, 4, 2, 4]","[0, 0, 0, 0, 0, 0, 0, 0, 0, 1]",1
20,0,93,"[3, 3, 7, 2, 5, 1, 2, 2, 2, 1]","[0, 0, 1, 0, 0, 0, 0, 0, 0, 0]",1
20,0,94,"[5, 6, 7, 4, 6, 7, 7, 6, 5, 5]","[0, 1, 1, 0, 0, 0, 1, 0, 0, 1]",1
20,0,95,"[3, 3, 3, 3, 3, 3, 4, 3, 3, 3]","[0, 0, 0, 0, 0, 1, 0, 0, 0, 0]",1
20,0,96,"[5, 3, 4, 3, 5, 6, 6, 5, 4, 5]","[0, 1, 1, 0, 1, 0, 0, 0, 1, 0]",1
20,0,97,"[5, 5, 3, 5, 5, 4, 3, 5, 4, 2]","[0, 0, 0, 0, 0, 0, 0, 0, 1, 0]",1
20,0,98,"[9, 9, 9, 9, 9, 9, 9, 9, 9, 9]","[0, 0, 0, 0, 0, 0, 0, 0, 0, 0]",1
20,0,99,"[2, 2, 3, 2, 2, 2, 2, 3, 2, 2]","[0, 0, 0, 0, 0, 0, 1, 0, 0, 0]",1
20,0,100,"[3, 5, 5, 4, 5, 1, 1, 2, 8, 5]","[0, 0, 0, 0, 0, 0, 0, 0, 0, 0]",1
20,0,101,"[9, 8, 8, 3, 9, 8, 5, 3, 7, 7]","[0, 1, 0, 0, 0, 0, 0, 0, 0, 0]",1
20,0,102,"[7, 8, 2, 1, 3, 1, 7, 7, 4, 7]","[1, 1, 0, 0, 0, 0, 1, 0, 0, 0]",1
20,0,103,"[7, 8, 7, 7, 8, 6, 6, 7, 7, 7]","[0, 0, 0, 0, 0, 0, 0, 0, 0, 0]",1
20,0,104,"[9, 9, 9, 9, 9, 9, 9, 9, 9, 9]","[0, 1, 1, 1, 0, 0, 1, 0, 1, 1]",1
20,0,105,"[7, 7, 6, 6, 6, 6, 6, 7, 8, 5]","[0, 1, 1, 0, 1, 0, 1, 0, 1, 0]",1
20,0,106,"[7, 5, 6, 5, 5, 5, 4, 2, 5, 7]","[1, 0, 0, 0, 1, 0, 0, 0, 0, 0]",1
20,0,107,"[4, 5, 6, 5, 6, 5, 4, 5, 6, 5]","[1, 0, 0, 0, 0, 0, 0, 1, 0, 0]",1
20,0,108,"[9, 7, 5, 6, 5, 8, 5, 7, 9, 6]","[0, 1, 1, 0, 0, 0, 0, 1, 0, 0]",1
20,0,109,"[6, 5, 5, 7, 6, 6, 6, 6, 6, 5]","[0, 0, 0, 0, 1, 0, 1, 0, 0, 0]",1
20,0,110,"[9, 6, 8, 9, 8, 8, 8, 7, 9, 6]","[1, 1, 0, 1, 0, 0, 0, 1, 1, 0]",1
20,0,111,"[7, 8, 8, 7, 7, 9, 8, 7, 6, 7]","[1, 1, 0, 1, 0, 1, 0, 0, 0, 0]",1
20,0,112,"[9, 3, 4, 4, 5, 4, 4, 4, 4, 4]","[0, 0, 0, 0, 0, 1, 0, 0, 1, 0]",1
20,0,113,"[4, 4, 6, 4, 3, 5, 3, 6, 3, 7]","[0, 0, 0, 0, 0, 0, 1, 1, 0, 0]",1
20,0,114,"[6, 3, 2, 2, 1, 2, 9, 4, 3, 2]","[0, 0, 0, 1, 0, 0, 0, 0, 0, 0]",1
20,0,115,"[9, 9, 9, 9, 9, 9, 8, 9, 9, 9]","[0, 0, 1, 0, 1, 1, 1, 0, 1, 1]",1
20,0,116,"[9, 9, 9, 9, 9, 9, 9, 9, 9, 9]","[0, 1, 0, 0, 0, 1, 0, 1, 1, 0]",1
20,0,117,"[5, 5, 5, 5, 5, 5, 5, 5, 5, 5]","[0, 0, 0, 0, 0, 0, 1, 0, 0, 0]",1
20,0,118,"[6, 7, 7, 7, 6, 7, 7, 7, 7, 6]","[1, 0, 1, 0, 1, 0, 1, 0, 0, 0]",1
20,0,119,"[5, 5, 4, 5, 6, 6, 5, 5, 5, 5]","[0, 0, 0, 0, 1, 0, 0, 0, 0, 0]",1
20,0,120,"[4, 7, 6, 4, 7, 6, 6, 6, 7, 6]","[0, 0, 0, 0, 1, 0, 0, 0, 0, 0]",1
20,0,121,"[6, 6, 5, 5, 5, 6, 6, 5, 5, 6]","[0, 1, 0, 0, 0, 0, 0, 0, 0, 0]",1
20,0,122,"[5, 6, 6, 5, 6, 6, 6, 6, 6, 6]","[0, 0, 1, 1, 0, 0, 0, 1, 0, 0]",1
20,0,123,"[6, 5, 5, 7, 7, 5, 5, 6, 6, 6]","[0, 1, 0, 0, 0, 0, 0, 1, 1, 0]",1
20,0,124,"[9, 9, 9, 9, 7, 8, 9, 8, 8, 8]","[1, 0, 0, 1, 0, 0, 1, 1, 0, 1]",1
20,0,125,"[5, 6, 6, 5, 5, 5, 6, 5, 9, 6]","[0, 0, 0, 0, 0, 0, 0, 0, 1, 0]",1
20,0,126,"[5, 4, 6, 6, 7, 7, 6, 6, 6, 5]","[0, 1, 0, 0, 0, 1, 0, 0, 0, 0]",1
20,0,127,"[3, 4, 4, 4, 4, 4, 5, 3, 5, 4]","[0, 0, 0, 0, 0, 0, 0, 0, 0, 0]",1
20,0,128,"[6, 6, 8, 7, 7, 6, 8, 7, 6, 7]","[0, 0, 0, 0, 0, 0, 0, 0, 0, 0]",1
20,0,129,"[6, 6, 7, 5, 8, 4, 6, 5, 6, 7]","[1, 1, 0, 0, 1, 1, 0, 1, 1, 0]",1
20,0,130,"[7, 7, 7, 7, 8, 7, 6, 7, 3, 6]","[0, 0, 0, 0, 0, 0, 0, 0, 0, 0]",1
20,0,131,"[7, 7, 5, 7, 5, 8, 6, 7, 7, 6]","[0, 0, 0, 1, 0, 0, 0, 0, 0, 1]",1
20,0,132,"[4, 6, 5, 5, 4, 4, 3, 4, 6, 4]","[0, 0, 0, 0, 0, 0, 0, 0, 1, 0]",1
20,0,133,"[7, 9, 9, 2, 2, 9, 3, 9, 9, 7]","[0, 0, 0, 0, 0, 0, 0, 0, 0, 1]",1
20,0,134,"[6, 7, 7, 3, 8, 7, 5, 5, 6, 8]","[0, 0, 1, 0, 1, 0, 1, 0, 0, 0]",1
20,0,135,"[8, 5, 8, 6, 7, 7, 6, 6, 6, 5]","[1, 0, 1, 1, 0, 0, 0, 1, 0, 0]",1
20,0,136,"[6, 4, 6, 6, 6, 7, 6, 7, 7, 7]","[1, 0, 0, 0, 1, 1, 1, 1, 0, 0]",1
20,0,137,"[3, 3, 3, 5, 2, 7, 4, 6, 8, 3]","[0, 0, 0, 0, 0, 0, 0, 1, 0, 0]",1
20,0,138,"[7, 3, 7, 7, 7, 7, 7, 6, 7, 7]","[0, 0, 0, 1, 1, 0, 0, 0, 0, 0]",1
20,0,139,"[3, 4, 4, 5, 4, 4, 4, 3, 7, 4]","[0, 0, 0, 0, 1, 0, 0, 0, 0, 0]",1
20,0,140,"[8, 5, 6, 6, 5, 9, 5, 7, 5, 5]","[0, 0, 0, 0, 0, 0, 0, 0, 0, 1]",1
20,0,141,"[1, 5, 5, 2, 3, 1, 5, 2, 5, 7]","[0, 0, 0, 0, 0, 0, 1, 1, 0, 0]",1
20,0,142,"[7, 5, 7, 3, 7, 5, 4, 7, 3, 2]","[0, 0, 1, 0, 1, 0, 0, 1, 1, 0]",1
20,0,143,"[3, 5, 4, 3, 2, 3, 5, 3, 5, 5]","[1, 0, 0, 0, 0, 0, 0, 0, 1, 0]",1
20,0,144,"[8, 7, 7, 6, 6, 7, 7, 6, 6, 7]","[0, 0, 0, 0, 0, 0, 0, 0, 0, 1]",1
20,0,145,"[6, 6, 5, 6, 3, 6, 6, 7, 7, 5]","[0, 1, 0, 0, 0, 0, 0, 1, 0, 0]",1
20,0,146,"[9, 8, 8, 2, 8, 7, 8, 8, 8, 8]","[1, 0, 0, 0, 0, 1, 0, 0, 0, 0]",1
20,0,147,"[6, 4, 2, 4, 2, 1, 3, 3, 5, 2]","[0, 0, 1, 0, 0, 0, 0, 0, 1, 0]",1
20,0,148,"[6, 5, 5, 5, 4, 5, 5, 8, 5, 5]","[0, 0, 0, 0, 0, 0, 0, 0, 0, 0]",1
20,0,149,"[5, 6, 4, 4, 4, 5, 5, 5, 5, 6]","[1, 0, 0, 0, 0, 1, 0, 1, 0, 0]",1
20,0,150,"[4, 4, 4, 4, 6, 4, 4, 5, 4, 4]","[0, 0, 0, 0, 0, 0, 0, 0, 0, 0]",1
20,0,151,"[6, 4, 4, 4, 3, 5, 5, 7, 8, 4]","[0, 0, 0, 0, 0, 0, 0, 0, 0, 0]",1
20,0,152,"[5, 4, 2, 4, 3, 4, 5, 5, 3, 4]","[0, 0, 0, 0, 0, 0, 1, 0, 0, 0]",1
20,0,153,"[6, 6, 5, 6, 9, 5, 6, 6, 6, 6]","[0, 0, 0, 0, 0, 0, 0, 0, 0, 0]",1
20,0,154,"[8, 9, 8, 8, 6, 4, 8, 8, 9, 9]","[0, 0, 0, 1, 0, 0, 0, 1, 0, 1]",1
20,0,155,"[4, 4, 5, 6, 5, 4, 4, 4, 4, 5]","[0, 0, 0, 0, 0, 0, 0, 1, 1, 0]",1
20,0,156,"[3, 3, 3, 4, 3, 3, 3, 3, 3, 3]","[0, 0, 0, 0, 0, 0, 0, 0, 0, 0]",1
20,0,157,"[6, 5, 7, 6, 5, 1, 5, 5, 4, 3]","[0, 0, 0, 1, 0, 0, 0, 0, 0, 0]",1
20,0,158,"[7, 8, 7, 6, 8, 7, 7, 7, 7, 7]","[0, 0, 1, 0, 1, 0, 0, 1, 0, 1]",1
20,0,159,"[7, 6, 7, 7, 7, 7, 7, 6, 7, 7]","[0, 0, 1, 0, 0, 0, 0, 0, 1, 1]",1
20,0,160,"[9, 5, 9, 5, 9, 9, 5, 5, 9, 9]","[1, 0, 1, 0, 1, 0, 0, 0, 1, 0]",1
20,0,161,"[5, 4, 5, 5, 5, 5, 6, 5, 6, 5]","[0, 0, 0, 1, 1, 0, 1, 1, 1, 0]",1
20,0,162,"[4, 7, 7, 8, 1, 9, 9, 9, 9, 9]","[0, 0, 0, 1, 0, 0, 1, 0, 0, 1]",1
20,0,163,"[6, 6, 5, 6, 5, 5, 8, 4, 6, 5]","[1, 0, 1, 1, 0, 0, 0, 0, 0, 0]",1
20,0,164,"[9, 9, 9, 9, 9, 9, 9, 9, 9, 9]","[0, 0, 0, 1, 0, 0, 1, 0, 0, 1]",1
20,0,165,"[5, 7, 5, 4, 5, 6, 5, 4, 8, 9]","[1, 0, 1, 0, 0, 0, 0, 1, 0, 0]",1
20,0,166,"[6, 4, 5, 9, 7, 3, 8, 2, 3, 8]","[0, 1, 0, 1, 1, 0, 1, 1, 0, 1]",1
20,0,167,"[9, 8, 9, 9, 8, 8, 9, 9, 7, 9]","[0, 0, 0, 1, 0, 0, 0, 0, 0, 0]",1
20,0,168,"[5, 8, 7, 7, 6, 7, 7, 7, 7, 7]","[0, 1, 1, 0, 0, 0, 1, 0, 1, 0]",1
20,0,169,"[7, 6, 7, 7, 6, 6, 5, 6, 6, 6]","[1, 0, 0, 1, 0, 1, 0, 0, 0, 1]",1
20,0,170,"[9, 9, 8, 9, 9, 9, 9, 9, 4, 9]","[0, 1, 1, 1, 0, 1, 0, 0, 0, 0]",1
20,0,171,"[3, 3, 4, 6, 2, 2, 1, 3, 2, 3]","[1, 0, 1, 0, 0, 0, 0, 0, 0, 1]",1
20,0,172,"[6, 5, 4, 6, 7, 5, 6, 5, 6, 6]","[0, 1, 0, 0, 1, 1, 0, 0, 1, 1]",1
20,0,173,"[9, 4, 8, 9, 6, 6, 7, 7, 9, 5]","[1, 0, 0, 0, 0, 1, 0, 1, 1, 0]",1
20,0,174,"[7, 6, 6, 6, 6, 6, 6, 5, 5, 6]","[0, 0, 0, 0, 0, 1, 0, 0, 0, 0]",1
20,0,175,"[2, 4, 3, 4, 5, 5, 3, 4, 5, 4]","[0, 0, 0, 0, 0, 1, 0, 0, 0, 1]",1
20,0,176,"[5, 7, 9, 9, 1, 7, 3, 3, 1, 3]","[0, 1, 0, 0, 1, 1, 0, 0, 0, 0]",1
20,0,177,"[1, 5, 1, 4, 6, 6, 1, 5, 5, 3]","[0, 0, 0, 1, 1, 1, 0, 0, 1, 0]",1
20,0,178,"[7, 7, 7, 6, 7, 6, 7, 7, 7, 6]","[1, 0, 1, 0, 0, 0, 1, 0, 0, 0]",1
20,0,179,"[6, 5, 8, 6, 4, 9, 8, 6, 5, 1]","[0, 0, 0, 0, 1, 1, 0, 1, 0, 0]",1
20,0,180,"[6, 6, 5, 5, 5, 5, 6, 5, 6, 5]","[0, 0, 0, 0, 0, 0, 0, 0, 1, 0]",1
20,0,181,"[7, 6, 6, 3, 6, 5, 6, 4, 2, 6]","[0, 0, 0, 0, 0, 0, 0, 0, 0, 0]",1
20,0,182,"[3, 4, 2, 5, 3, 3, 3, 3, 3, 3]","[0, 0, 0, 0, 0, 0, 0, 1, 0, 0]",1
20,0,183,"[8, 9, 8, 8, 7, 3, 8, 8, 7, 8]","[0, 1, 1, 1, 1, 0, 0, 0, 1, 0]",1
20,0,184,"[5, 6, 5, 6, 6, 6, 7, 5, 3, 5]","[0, 0, 1, 0, 0, 0, 0, 0, 0, 0]",1
20,0,185,"[2, 3, 6, 4, 8, 4, 7, 1, 2, 6]","[0, 0, 0, 0, 0, 0, 0, 0, 0, 0]",1
20,0,186,"[8, 8, 3, 9, 8, 7, 4, 3, 5, 7]","[0, 0, 0, 1, 0, 0, 0, 0, 0, 1]",1
20,0,187,"[4, 4, 4, 4, 4, 4, 7, 6, 4, 5]","[0, 0, 0, 0, 0, 0, 0, 0, 0, 0]",1
20,0,188,"[9, 9, 9, 8, 9, 9, 9, 9, 9, 9]","[0, 0, 0, 0, 0, 0, 1, 0, 0, 1]",1
20,0,189,"[5, 5, 5, 5, 5, 4, 5, 5, 5, 8]","[1, 0, 0, 0, 0, 0, 0, 1, 0, 0]",1
20,0,190,"[6, 5, 6, 6, 5, 2, 6, 7, 4, 6]","[0, 0, 0, 0, 0, 0, 0, 0, 0, 0]",1
20,0,191,"[7, 9, 9, 8, 9, 9, 9, 9, 9, 9]","[0, 0, 0, 1, 0, 1, 0, 0, 0, 1]",1
20,0,192,"[9, 9, 9, 9, 9, 9, 9, 8, 9, 9]","[0, 0, 1, 0, 1, 0, 1, 1, 1, 1]",1
20,0,193,"[5, 4, 5, 4, 5, 8, 6, 6, 5, 6]","[0, 0, 1, 1, 0, 0, 0, 0, 0, 0]",1
20,0,194,"[8, 4, 7, 8, 8, 6, 5, 5, 5, 8]","[0, 0, 1, 1, 1, 0, 0, 0, 0, 1]",1
20,0,195,"[3, 3, 3, 4, 6, 4, 1, 3, 2, 6]","[0, 0, 0, 0, 0, 0, 0, 1, 0, 0]",1
20,0,196,"[3, 5, 4, 4, 5, 3, 4, 7, 3, 2]","[0, 0, 0, 0, 0, 0, 0, 1, 0, 0]",1
20,0,197,"[7, 6, 8, 8, 8, 7, 7, 8, 7, 7]","[0, 0, 0, 1, 0, 1, 0, 1, 0, 0]",1
20,0,198,"[6, 4, 4, 3, 3, 4, 3, 3, 2, 5]","[0, 0, 0, 1, 0, 0, 0, 0, 0, 0]",1
20,0,199,"[4, 4, 4, 4, 4, 4, 4, 4, 4, 4]","[0, 0, 0, 1, 0, 0, 0, 1, 0, 0]",1
20,0,200,"[4, 5, 4, 4, 4, 4, 4, 4, 4, 4]","[0, 1, 0, 0, 0, 0, 1, 0, 0, 0]",1
20,0,201,"[8, 8, 8, 6, 7, 5, 9, 6, 8, 6]","[0, 0, 0, 0, 0, 0, 0, 1, 0, 0]",1
20,0,202,"[4, 6, 5, 5, 7, 4, 5, 5, 4, 5]","[0, 0, 0, 1, 0, 0, 0, 0, 0, 0]",1
20,0,203,"[4, 5, 4, 5, 5, 5, 5, 4, 5, 4]","[0, 0, 0, 1, 0, 0, 0, 1, 0, 0]",1
20,0,204,"[7, 8, 8, 8, 8, 7, 8, 8, 7, 8]","[1, 0, 1, 0, 1, 0, 1, 1, 1, 0]",1
20,0,205,"[7, 9, 9, 9, 8, 9, 9, 9, 9, 9]","[0, 0, 0, 0, 1, 1, 1, 0, 0, 1]",1
20,0,206,"[8, 8, 8, 9, 6, 8, 2, 9, 8, 3]","[0, 0, 1, 0, 0, 0, 0, 0, 1, 0]",1
20,0,207,"[4, 5, 2, 8, 8, 4, 4, 4, 2, 4]","[0, 0, 0, 1, 0, 0, 0, 0, 0, 0]",1
20,0,208,"[7, 8, 7, 7, 7, 7, 9, 5, 8, 8]","[0, 1, 0, 1, 1, 1, 0, 0, 0, 0]",1
20,0,209,"[5, 7, 5, 5, 8, 5, 6, 5, 2, 5]","[0, 0, 1, 0, 0, 1, 0, 0, 1, 0]",1
20,1,0,"[2, 8, 8, 2, 3, 2, 2, 3, 1, 3]","[0, 0, 1, 0, 0, 0, 0, 0, 0, 0]",1
20,1,1,"[3, 4, 4, 4, 4, 4, 5, 4, 4, 4]","[0, 0, 0, 0, 0, 0, 1, 0, 1, 0]",1
20,1,2,"[6, 5, 5, 2, 6, 1, 6, 4, 2, 5]","[0, 0, 1, 0, 0, 0, 1, 0, 0, 0]",1
20,1,3,"[4, 6, 3, 2, 6, 7, 6, 6, 6, 4]","[0, 0, 0, 0, 0, 0, 0, 0, 0, 0]",1
20,1,4,"[3, 4, 3, 2, 2, 3, 3, 4, 3, 3]","[1, 0, 0, 0, 0, 0, 0, 0, 1, 0]",1
20,1,5,"[4, 5, 5, 4, 5, 4, 5, 5, 4, 6]","[0, 0, 0, 0, 0, 0, 0, 0, 1, 1]",1
20,1,6,"[5, 3, 5, 3, 3, 3, 3, 3, 4, 3]","[0, 1, 0, 0, 0, 0, 0, 0, 0, 0]",1
20,1,7,"[5, 5, 4, 5, 5, 5, 5, 5, 5, 5]","[1, 1, 1, 0, 0, 1, 0, 1, 1, 0]",1
20,1,8,"[2, 2, 3, 3, 3, 3, 3, 3, 3, 3]","[0, 0, 0, 0, 0, 0, 0, 0, 1, 0]",1
20,1,9,"[2, 4, 4, 1, 3, 2, 4, 3, 3, 5]","[0, 0, 0, 0, 0, 0, 1, 0, 0, 0]",1
20,1,10,"[2, 4, 4, 7, 7, 4, 8, 4, 3, 5]","[0, 0, 1, 1, 1, 0, 0, 0, 0, 0]",1
20,1,11,"[3, 3, 3, 3, 2, 3, 4, 4, 3, 3]","[0, 0, 1, 0, 0, 0, 0, 1, 0, 1]",1
20,1,12,"[4, 4, 4, 4, 4, 4, 4, 4, 3, 4]","[0, 1, 1, 0, 0, 1, 1, 0, 0, 0]",1
20,1,13,"[3, 4, 3, 3, 3, 3, 1, 3, 4, 2]","[0, 0, 0, 0, 0, 0, 0, 0, 0, 0]",1
20,1,14,"[2, 3, 3, 3, 2, 5, 4, 3, 3, 4]","[0, 0, 0, 0, 0, 0, 0, 0, 0, 0]",1
20,1,15,"[5, 5, 5, 5, 5, 5, 4, 5, 4, 5]","[0, 1, 0, 0, 0, 0, 1, 0, 0, 0]",1
20,1,16,"[7, 4, 6, 4, 6, 5, 4, 4, 6, 5]","[0, 0, 0, 0, 0, 1, 0, 0, 1, 1]",1
20,1,17,"[5, 5, 5, 3, 5, 4, 5, 5, 6, 4]","[1, 1, 1, 0, 1, 0, 0, 1, 1, 1]",1
20,1,18,"[4, 5, 4, 5, 4, 4, 5, 5, 3, 4]","[0, 0, 0, 0, 0, 0, 1, 0, 0, 1]",1
20,1,19,"[3, 3, 2, 3, 3, 3, 3, 3, 3, 4]","[0, 0, 0, 0, 0, 0, 0, 0, 0, 1]",1
20,1,20,"[6, 6, 5, 4, 4, 5, 4, 5, 1, 5]","[0, 1, 1, 1, 1, 0, 0, 1, 0, 1]",1
20,1,21,"[6, 8, 5, 6, 6, 7, 4, 3, 5, 6]","[0, 1, 0, 0, 1, 0, 0, 1, 1, 1]",1
20,1,22,"[3, 3, 3, 2, 2, 3, 7, 3, 3, 4]","[0, 0, 0, 1, 0, 0, 0, 1, 0, 1]",1
20,1,23,"[3, 3, 4, 3, 2, 4, 4, 4, 3, 2]","[0, 0, 0, 0, 0, 0, 0, 1, 0, 1]",1
20,1,24,"[5, 7, 4, 5, 4, 4, 4, 7, 7, 5]","[0, 0, 0, 1, 0, 0, 0, 0, 0, 0]",1
20,1,25,"[2, 2, 2, 2, 2, 2, 2, 3, 2, 2]","[0, 0, 0, 0, 0, 0, 0, 0, 0, 0]",1
20,1,26,"[9, 9, 9, 9, 4, 9, 9, 9, 9, 9]","[0, 0, 0, 1, 1, 0, 1, 0, 1, 0]",1
20,1,27,"[4, 3, 4, 4, 4, 4, 4, 4, 4, 4]","[0, 1, 0, 0, 1, 0, 0, 0, 0, 1]",1
20,1,28,"[4, 3, 4, 5, 4, 5, 4, 5, 3, 4]","[1, 0, 1, 0, 1, 1, 0, 1, 0, 0]",1
20,1,29,"[9, 6, 9, 7, 9, 9, 6, 9, 6, 9]","[1, 1, 0, 0, 0, 0, 1, 0, 0, 0]",1
20,1,30,"[8, 8, 8, 8, 7, 8, 5, 8, 9, 1]","[0, 0, 1, 0, 1, 0, 0, 1, 1, 0]",1
20,1,31,"[5, 6, 5, 5, 6, 5, 9, 5, 5, 5]","[0, 0, 0, 0, 0, 0, 0, 1, 0, 0]",1
20,1,32,"[6, 4, 4, 4, 4, 3, 4, 4, 5, 4]","[0, 0, 0, 1, 1, 0, 1, 0, 1, 0]",1
20,1,33,"[3, 3, 6, 3, 4, 4, 3, 3, 3, 5]","[0, 0, 1, 0, 1, 0, 0, 0, 0, 1]",1
20,1,34,"[4, 5, 8, 5, 5, 5, 5, 5, 5, 5]","[1, 0, 1, 0, 0, 0, 0, 0, 1, 0]",1
20,1,35,"[3, 3, 3, 6, 3, 2, 9, 2, 8, 2]","[0, 0, 0, 0, 0, 0, 1, 0, 0, 0]",1
20,1,36,"[6, 4, 4, 7, 5, 4, 5, 3, 7, 4]","[0, 0, 0, 0, 0, 0, 0, 0, 1, 0]",1
20,1,37,"[5, 3, 8, 4, 3, 5, 3, 4, 2, 4]","[0, 0, 1, 0, 0, 0, 0, 0, 0, 0]",1
20,1,38,"[4, 3, 4, 5, 3, 8, 4, 3, 9, 3]","[0, 0, 0, 0, 0, 0, 0, 0, 1, 1]",1
20,1,39,"[3, 1, 1, 7, 5, 1, 3, 1, 1, 1]","[1, 0, 1, 1, 1, 0, 0, 0, 0, 1]",1
20,1,40,"[2, 2, 2, 2, 2, 2, 2, 2, 1, 2]","[0, 0, 0, 0, 0, 0, 0, 0, 0, 0]",1
20,1,41,"[3, 4, 3, 4, 6, 4, 7, 5, 3, 5]","[0, 0, 1, 0, 0, 0, 1, 0, 1, 0]",1
20,1,42,"[1, 3, 3, 3, 3, 3, 3, 3, 4, 3]","[0, 0, 0, 0, 0, 1, 0, 0, 0, 0]",1
20,1,43,"[2, 8, 3, 4, 2, 2, 2, 6, 2, 3]","[0, 0, 0, 0, 0, 0, 0, 0, 0, 0]",1
20,1,44,"[4, 4, 3, 4, 6, 4, 4, 4, 5, 4]","[0, 0, 0, 0, 0, 0, 0, 0, 1, 1]",1
20,1,45,"[5, 6, 6, 5, 5, 2, 4, 5, 4, 5]","[0, 0, 1, 1, 1, 0, 0, 0, 0, 0]",1
20,1,46,"[3, 2, 3, 3, 3, 3, 3, 3, 3, 3]","[0, 0, 1, 0, 0, 0, 0, 0, 0, 1]",1
20,1,47,"[5, 8, 4, 4, 4, 4, 4, 4, 6, 4]","[0, 0, 0, 1, 0, 1, 0, 0, 0, 0]",1
20,1,48,"[4, 3, 3, 1, 3, 3, 3, 3, 3, 3]","[1, 0, 0, 0, 0, 0, 0, 0, 0, 0]",1
20,1,49,"[4, 4, 6, 6, 5, 4, 5, 4, 1, 7]","[0, 0, 0, 1, 0, 0, 1, 0, 0, 0]",1
20,1,50,"[4, 5, 4, 4, 4, 4, 7, 4, 4, 4]","[0, 0, 1, 0, 0, 0, 1, 0, 0, 1]",1
20,1,51,"[9, 4, 2, 3, 6, 3, 2, 3, 4, 3]","[1, 0, 0, 0, 1, 0, 0, 0, 0, 0]",1
20,1,52,"[3, 1, 3, 5, 2, 5, 3, 3, 5, 4]","[1, 0, 0, 0, 1, 1, 1, 1, 0, 1]",1
20,1,53,"[4, 4, 4, 4, 4, 4, 4, 3, 4, 4]","[1, 1, 0, 0, 1, 0, 1, 0, 1, 1]",1
20,1,54,"[3, 3, 4, 4, 1, 3, 1, 3, 3, 2]","[0, 0, 0, 1, 0, 1, 0, 0, 0, 0]",1
20,1,55,"[6, 7, 5, 6, 4, 5, 6, 5, 1, 9]","[1, 0, 0, 0, 0, 0, 0, 0, 0, 1]",1
20,1,56,"[3, 1, 4, 3, 4, 4, 5, 5, 4, 4]","[1, 0, 1, 0, 1, 0, 0, 0, 0, 0]",1
20,1,57,"[4, 2, 4, 4, 5, 4, 2, 4, 4, 4]","[0, 0, 0, 0, 0, 0, 0, 0, 1, 0]",1
20,1,58,"[5, 5, 2, 3, 2, 3, 2, 2, 3, 3]","[0, 0, 0, 0, 0, 0, 0, 0, 0, 0]",1
20,1,59,"[3, 4, 5, 3, 2, 3, 3, 3, 7, 3]","[0, 0, 0, 0, 0, 0, 0, 0, 0, 0]",1
20,1,60,"[3, 3, 3, 5, 1, 5, 2, 3, 4, 4]","[0, 1, 0, 0, 0, 0, 1, 0, 0, 0]",1
20,1,61,"[4, 4, 4, 4, 4, 3, 4, 4, 4, 1]","[0, 0, 0, 0, 0, 1, 0, 1, 0, 0]",1
20,1,62,"[9, 9, 9, 9, 9, 9, 9, 9, 9, 9]","[1, 1, 1, 1, 0, 1, 1, 1, 0, 1]",1
20,1,63,"[4, 4, 5, 4, 4, 2, 3, 3, 4, 4]","[1, 0, 1, 1, 1, 0, 0, 0, 1, 0]",1
20,1,64,"[2, 3, 6, 4, 6, 4, 3, 7, 3, 3]","[0, 1, 0, 1, 0, 0, 0, 0, 0, 0]",1
20,1,65,"[3, 4, 4, 3, 3, 3, 2, 1, 4, 3]","[0, 1, 0, 0, 0, 0, 0, 0, 0, 1]",1
20,1,66,"[5, 5, 2, 4, 5, 2, 3, 4, 4, 4]","[0, 0, 0, 0, 1, 0, 0, 0, 0, 1]",1
20,1,67,"[4, 6, 4, 3, 4, 5, 4, 3, 4, 6]","[0, 0, 1, 0, 1, 0, 0, 1, 0, 1]",1
20,1,68,"[8, 3, 3, 3, 5, 3, 7, 3, 3, 3]","[1, 0, 1, 0, 0, 0, 1, 0, 0, 0]",1
20,1,69,"[5, 4, 4, 6, 4, 3, 4, 6, 4, 4]","[1, 0, 0, 0, 0, 1, 1, 0, 0, 0]",1
20,1,70,"[7, 4, 4, 4, 5, 5, 3, 6, 5, 6]","[0, 0, 0, 0, 0, 0, 0, 0, 0, 0]",1
20,1,71,"[3, 3, 3, 3, 2, 4, 3, 3, 3, 2]","[1, 0, 0, 0, 0, 0, 0, 0, 0, 0]",1
20,1,72,"[4, 4, 4, 4, 3, 3, 4, 4, 4, 4]","[0, 1, 0, 0, 0, 0, 0, 0, 0, 0]",1
20,1,73,"[5, 1, 6, 4, 1, 4, 1, 4, 3, 5]","[1, 0, 1, 1, 0, 0, 0, 0, 0, 1]",1
20,1,74,"[2, 3, 5, 2, 3, 4, 1, 2, 2, 3]","[0, 0, 0, 0, 1, 1, 0, 0, 0, 0]",1
20,1,75,"[3, 3, 4, 2, 4, 4, 3, 3, 2, 3]","[0, 0, 0, 0, 0, 0, 0, 0, 1, 0]",1
20,1,76,"[2, 3, 3, 5, 2, 3, 5, 8, 2, 4]","[0, 0, 0, 1, 0, 0, 0, 1, 0, 0]",1
20,1,77,"[4, 2, 4, 4, 5, 4, 4, 4, 4, 3]","[0, 0, 0, 0, 0, 1, 0, 0, 0, 0]",1
20,1,78,"[6, 6, 6, 6, 5, 6, 6, 6, 6, 6]","[1, 0, 0, 0, 0, 1, 0, 1, 1, 0]",1
20,1,79,"[5, 6, 4, 4, 5, 5, 5, 3, 6, 5]","[0, 0, 0, 0, 0, 0, 0, 0, 0, 1]",1
20,1,80,"[6, 7, 8, 7, 6, 7, 6, 8, 5, 4]","[0, 0, 0, 1, 1, 1, 0, 1, 0, 1]",1
20,1,81,"[4, 6, 4, 7, 4, 4, 5, 3, 4, 5]","[0, 0, 1, 1, 0, 0, 0, 0, 0, 1]",1
20,1,82,"[3, 4, 3, 5, 4, 4, 4, 4, 5, 6]","[0, 0, 0, 0, 0, 0, 0, 0, 0, 0]",1
20,1,83,"[6, 3, 5, 3, 5, 7, 4, 7, 7, 5]","[1, 0, 0, 0, 0, 1, 0, 1, 1, 1]",1
20,1,84,"[1, 1, 3, 1, 1, 1, 1, 1, 1, 1]","[0, 0, 0, 1, 0, 0, 0, 1, 1, 0]",1
20,1,85,"[3, 2, 3, 2, 3, 3, 3, 2, 3, 3]","[0, 0, 0, 0, 1, 0, 0, 0, 0, 0]",1
20,1,86,"[5, 7, 6, 5, 6, 6, 6, 7, 6, 6]","[1, 0, 0, 0, 0, 0, 0, 0, 0, 0]",1
20,1,87,"[5, 7, 5, 5, 2, 3, 2, 4, 3, 5]","[0, 1, 0, 0, 0, 0, 0, 1, 1, 1]",1
20,1,88,"[5, 8, 5, 2, 3, 4, 3, 4, 4, 3]","[1, 0, 0, 0, 1, 0, 1, 0, 0, 0]",1
20,1,89,"[6, 6, 7, 6, 6, 5, 6, 7, 6, 6]","[1, 0, 0, 1, 0, 0, 0, 1, 0, 0]",1
20,1,90,"[6, 7, 6, 6, 9, 6, 1, 7, 6, 6]","[0, 1, 0, 0, 0, 0, 0, 0, 0, 0]",1
20,1,91,"[3, 3, 3, 3, 3, 4, 4, 4, 3, 3]","[0, 0, 0, 1, 0, 0, 1, 0, 0, 0]",1
20,1,92,"[6, 9, 4, 3, 3, 4, 5, 5, 3, 8]","[0, 0, 0, 0, 0, 0, 0, 0, 0, 1]",1
20,1,93,"[5, 3, 1, 7, 6, 5, 1, 1, 3, 4]","[1, 0, 1, 0, 1, 0, 0, 0, 1, 1]",1
20,1,94,"[4, 4, 1, 3, 7, 6, 4, 5, 7, 8]","[1, 0, 0, 1, 0, 0, 1, 0, 1, 1]",1
20,1,95,"[4, 5, 4, 4, 4, 4, 4, 4, 4, 4]","[0, 0, 0, 0, 0, 0, 0, 0, 1, 0]",1
20,1,96,"[5, 5, 2, 1, 5, 5, 6, 7, 6, 2]","[1, 1, 0, 0, 1, 0, 1, 1, 1, 1]",1
20,1,97,"[2, 9, 2, 2, 5, 3, 2, 2, 1, 2]","[0, 0, 0, 0, 0, 1, 0, 0, 0, 0]",1
20,1,98,"[9, 6, 6, 3, 9, 9, 9, 7, 1, 3]","[0, 0, 0, 0, 0, 0, 0, 0, 0, 0]",1
20,1,99,"[4, 3, 3, 3, 4, 3, 3, 5, 3, 3]","[0, 0, 0, 0, 0, 1, 0, 0, 0, 0]",1
20,1,100,"[2, 3, 3, 3, 6, 2, 2, 1, 2, 3]","[0, 0, 0, 0, 1, 1, 0, 0, 0, 0]",1
20,1,101,"[3, 4, 6, 4, 1, 3, 5, 3, 4, 6]","[0, 1, 0, 0, 0, 0, 0, 0, 1, 0]",1
20,1,102,"[1, 4, 1, 1, 4, 4, 1, 3, 9, 5]","[0, 1, 0, 0, 1, 0, 0, 0, 1, 1]",1
20,1,103,"[1, 1, 3, 2, 3, 2, 1, 2, 3, 2]","[0, 0, 0, 0, 0, 0, 0, 0, 0, 0]",1
20,1,104,"[3, 7, 5, 5, 4, 5, 5, 5, 5, 5]","[0, 1, 0, 0, 0, 0, 1, 0, 1, 0]",1
20,1,105,"[4, 7, 5, 4, 5, 3, 5, 6, 5, 5]","[0, 1, 1, 0, 0, 1, 0, 0, 1, 0]",1
20,1,106,"[4, 4, 4, 4, 5, 3, 9, 2, 3, 4]","[0, 0, 1, 0, 0, 0, 1, 0, 1, 0]",1
20,1,107,"[3, 7, 5, 3, 3, 3, 2, 3, 1, 2]","[0, 0, 1, 0, 0, 0, 0, 0, 0, 0]",1
20,1,108,"[6, 4, 5, 5, 5, 7, 5, 6, 6, 5]","[0, 0, 0, 0, 0, 0, 1, 0, 0, 1]",1
20,1,109,"[4, 5, 4, 4, 6, 2, 4, 5, 4, 3]","[0, 0, 0, 0, 0, 0, 0, 1, 0, 0]",1
20,1,110,"[3, 3, 7, 5, 3, 3, 6, 4, 5, 5]","[0, 0, 0, 0, 0, 0, 0, 0, 0, 0]",1
20,1,111,"[5, 4, 5, 6, 8, 4, 5, 8, 4, 5]","[0, 0, 1, 0, 1, 1, 1, 1, 0, 0]",1
20,1,112,"[6, 6, 6, 6, 6, 6, 7, 6, 5, 6]","[1, 0, 0, 1, 0, 0, 0, 1, 1, 0]",1
20,1,113,"[5, 4, 7, 4, 7, 4, 5, 2, 5, 5]","[1, 0, 1, 0, 0, 0, 0, 0, 0, 0]",1
20,1,114,"[3, 3, 3, 3, 3, 3, 3, 3, 4, 2]","[0, 0, 0, 1, 0, 1, 0, 0, 0, 0]",1
20,1,115,"[6, 3, 7, 7, 5, 6, 9, 8, 8, 1]","[1, 0, 0, 1, 1, 1, 0, 0, 0, 0]",1
20,1,116,"[5, 5, 5, 4, 4, 4, 4, 4, 5, 6]","[0, 0, 0, 0, 0, 0, 0, 0, 1, 0]",1
20,1,117,"[3, 3, 4, 4, 3, 2, 3, 3, 3, 3]","[0, 1, 0, 0, 1, 0, 0, 1, 0, 0]",1
20,1,118,"[6, 5, 6, 5, 6, 5, 7, 6, 7, 4]","[1, 0, 1, 0, 0, 1, 0, 0, 1, 1]",1
20,1,119,"[4, 5, 7, 6, 5, 5, 6, 5, 4, 4]","[0, 0, 1, 0, 0, 1, 0, 0, 0, 0]",1
20,1,120,"[7, 8, 6, 3, 6, 5, 7, 4, 6, 8]","[0, 0, 0, 0, 0, 0, 0, 1, 0, 1]",1
20,1,121,"[3, 2, 4, 3, 3, 4, 3, 3, 3, 3]","[0, 0, 0, 0, 1, 0, 1, 0, 1, 0]",1
20,1,122,"[4, 4, 4, 4, 6, 4, 4, 4, 4, 4]","[0, 0, 0, 1, 0, 0, 0, 0, 1, 0]",1
20,1,123,"[5, 5, 4, 6, 2, 3, 5, 3, 5, 2]","[0, 0, 0, 1, 0, 0, 1, 0, 0, 1]",1
20,1,124,"[2, 3, 6, 7, 4, 3, 4, 3, 3, 7]","[0, 0, 0, 0, 0, 0, 0, 0, 0, 0]",1
20,1,125,"[3, 3, 3, 3, 3, 3, 3, 3, 2, 4]","[0, 0, 0, 0, 1, 0, 0, 0, 0, 1]",1
20,1,126,"[3, 3, 3, 4, 4, 5, 7, 3, 4, 6]","[0, 0, 0, 0, 0, 1, 0, 0, 0, 0]",1
20,1,127,"[4, 4, 4, 4, 4, 4, 3, 4, 4, 4]","[0, 0, 0, 0, 1, 0, 0, 0, 0, 0]",1
20,1,128,"[5, 6, 6, 7, 5, 4, 6, 5, 6, 7]","[1, 0, 1, 1, 0, 0, 0, 1, 0, 0]",1
20,1,129,"[1, 6, 5, 4, 4, 3, 6, 3, 5, 3]","[0, 0, 0, 1, 0, 1, 0, 0, 0, 0]",1
20,1,130,"[6, 5, 6, 7, 5, 8, 6, 5, 5, 4]","[0, 0, 0, 1, 1, 0, 0, 0, 1, 0]",1
20,1,131,"[1, 2, 1, 1, 1, 1, 8, 4, 5, 1]","[0, 1, 0, 1, 0, 0, 1, 0, 1, 0]",1
20,1,132,"[2, 4, 5, 2, 5, 3, 4, 3, 5, 3]","[0, 0, 0, 0, 0, 0, 0, 0, 0, 0]",1
20,1,133,"[9, 8, 9, 3, 9, 9, 7, 9, 8, 9]","[0, 1, 0, 0, 1, 1, 1, 0, 1, 0]",1
20,1,134,"[3, 3, 5, 3, 3, 4, 3, 3, 5, 7]","[0, 1, 1, 0, 0, 0, 0, 0, 0, 0]",1
20,1,135,"[4, 3, 2, 4, 4, 6, 3, 6, 4, 6]","[1, 0, 0, 1, 0, 1, 0, 0, 0, 1]",1
20,1,136,"[6, 7, 6, 6, 5, 6, 6, 4, 4, 3]","[1, 1, 1, 0, 1, 1, 1, 0, 1, 0]",1
20,1,137,"[3, 2, 2, 2, 5, 4, 4, 2, 4, 2]","[0, 0, 0, 0, 0, 1, 0, 0, 0, 0]",1
20,1,138,"[3, 8, 9, 9, 9, 9, 9, 8, 9, 9]","[0, 1, 1, 1, 1, 1, 1, 1, 1, 1]",1
20,1,139,"[5, 4, 5, 3, 5, 5, 4, 3, 4, 5]","[0, 1, 0, 0, 0, 1, 0, 0, 0, 1]",1
20,1,140,"[7, 1, 5, 4, 5, 6, 4, 6, 4, 5]","[0, 0, 0, 0, 0, 1, 0, 1, 1, 1]",1
20,1,141,"[2, 3, 2, 3, 4, 2, 3, 5, 4, 4]","[0, 1, 0, 0, 1, 0, 0, 0, 1, 0]",1
20,1,142,"[6, 2, 3, 2, 8, 6, 5, 1, 5, 7]","[0, 0, 1, 0, 0, 0, 0, 0, 0, 0]",1
20,1,143,"[3, 3, 3, 3, 7, 3, 3, 3, 4, 4]","[0, 0, 0, 0, 0, 0, 0, 0, 0, 0]",1
20,1,144,"[6, 6, 6, 6, 6, 6, 6, 6, 7, 6]","[0, 1, 1, 1, 0, 0, 0, 1, 1, 0]",1
20,1,145,"[5, 3, 3, 5, 3, 5, 5, 3, 5, 6]","[1, 1, 0, 0, 0, 0, 0, 0, 1, 0]",1
20,1,146,"[4, 6, 4, 4, 4, 4, 4, 4, 5, 4]","[0, 0, 0, 1, 0, 0, 0, 0, 1, 0]",1
20,1,147,"[5, 4, 5, 3, 4, 5, 2, 5, 4, 5]","[0, 0, 1, 0, 1, 0, 0, 0, 0, 1]",1
20,1,148,"[7, 7, 6, 4, 4, 5, 5, 6, 6, 6]","[1, 1, 1, 0, 1, 1, 0, 0, 0, 0]",1
20,1,149,"[6, 6, 4, 6, 4, 4, 5, 3, 3, 5]","[0, 0, 0, 0, 1, 0, 1, 1, 0, 1]",1
20,1,150,"[2, 4, 3, 3, 3, 1, 3, 2, 1, 2]","[0, 0, 0, 0, 0, 0, 0, 0, 0, 0]",1
20,1,151,"[2, 2, 4, 5, 3, 3, 4, 4, 2, 3]","[0, 0, 0, 0, 1, 0, 0, 0, 0, 0]",1
20,1,152,"[3, 3, 3, 3, 4, 3, 3, 3, 4, 4]","[0, 0, 0, 0, 0, 0, 0, 0, 0, 0]",1
20,1,153,"[8, 1, 2, 2, 1, 3, 2, 6, 1, 2]","[0, 0, 0, 0, 0, 0, 0, 0, 0, 0]",1
20,1,154,"[5, 3, 4, 3, 2, 3, 4, 4, 3, 3]","[0, 1, 1, 0, 1, 0, 1, 1, 0, 0]",1
20,1,155,"[7, 5, 5, 8, 6, 5, 1, 5, 7, 5]","[0, 0, 0, 0, 1, 0, 0, 1, 1, 0]",1
20,1,156,"[4, 4, 4, 4, 3, 4, 4, 4, 5, 4]","[1, 0, 0, 0, 0, 1, 0, 0, 0, 0]",1
20,1,157,"[4, 3, 4, 4, 4, 4, 4, 4, 4, 4]","[1, 1, 0, 0, 0, 0, 0, 0, 0, 0]",1
20,1,158,"[4, 7, 5, 2, 7, 3, 2, 9, 2, 2]","[0, 0, 0, 0, 0, 0, 0, 1, 0, 0]",1
20,1,159,"[7, 7, 7, 6, 7, 7, 7, 7, 7, 7]","[0, 1, 1, 0, 1, 1, 0, 0, 0, 1]",1
20,1,160,"[4, 7, 4, 4, 4, 7, 5, 8, 2, 6]","[0, 0, 0, 1, 0, 1, 0, 1, 0, 0]",1
20,1,161,"[5, 5, 5, 5, 7, 5, 5, 4, 5, 5]","[1, 1, 0, 0, 1, 0, 1, 0, 1, 1]",1
20,1,162,"[1, 6, 3, 4, 5, 6, 1, 5, 5, 7]","[0, 0, 0, 0, 0, 1, 0, 0, 0, 0]",1
20,1,163,"[5, 4, 4, 4, 6, 6, 5, 5, 5, 4]","[1, 0, 0, 0, 1, 0, 0, 0, 0, 0]",1
20,1,164,"[8, 5, 7, 4, 7, 8, 8, 9, 9, 8]","[0, 0, 1, 0, 0, 0, 0, 0, 0, 0]",1
20,1,165,"[2, 3, 3, 3, 4, 3, 4, 3, 3, 3]","[0, 0, 0, 1, 0, 0, 1, 0, 0, 0]",1
20,1,166,"[4, 4, 2, 4, 7, 2, 4, 3, 2, 3]","[0, 1, 0, 0, 0, 0, 1, 0, 0, 0]",1
20,1,167,"[9, 9, 9, 9, 9, 9, 8, 9, 9, 9]","[0, 0, 1, 1, 1, 0, 1, 1, 1, 0]",1
20,1,168,"[4, 3, 3, 5, 2, 8, 5, 4, 3, 4]","[0, 0, 0, 0, 1, 0, 0, 0, 0, 0]",1
20,1,169,"[4, 4, 6, 5, 6, 4, 6, 6, 6, 6]","[0, 0, 0, 0, 0, 1, 0, 0, 0, 1]",1
20,1,170,"[2, 2, 5, 3, 3, 5, 1, 3, 5, 5]","[0, 0, 1, 0, 0, 0, 0, 0, 1, 0]",1
20,1,171,"[5, 5, 7, 7, 7, 7, 7, 5, 3, 8]","[0, 1, 1, 1, 1, 1, 1, 0, 1, 1]",1
20,1,172,"[5, 3, 3, 3, 3, 4, 5, 3, 2, 3]","[1, 0, 0, 0, 0, 1, 0, 0, 0, 0]",1
20,1,173,"[5, 5, 3, 5, 4, 5, 5, 4, 4, 6]","[1, 1, 0, 0, 1, 1, 1, 1, 0, 1]",1
20,1,174,"[6, 7, 6, 4, 5, 5, 6, 4, 6, 6]","[0, 0, 1, 1, 0, 1, 1, 0, 0, 0]",1
20,1,175,"[2, 2, 3, 2, 2, 2, 2, 2, 2, 3]","[0, 0, 0, 0, 0, 0, 0, 0, 0, 1]",1
20,1,176,"[7, 6, 6, 5, 6, 4, 6, 5, 6, 7]","[0, 1, 0, 0, 1, 0, 0, 0, 1, 0]",1
20,1,177,"[4, 4, 4, 5, 5, 5, 5, 5, 2, 4]","[1, 0, 0, 0, 1, 1, 1, 0, 0, 0]",1
20,1,178,"[7, 5, 6, 3, 5, 6, 6, 6, 6, 4]","[1, 0, 0, 0, 0, 0, 0, 1, 0, 0]",1
20,1,179,"[6, 6, 4, 6, 7, 7, 2, 3, 4, 3]","[1, 0, 0, 0, 1, 0, 0, 0, 1, 0]",1
20,1,180,"[3, 3, 4, 3, 3, 6, 4, 3, 3, 3]","[0, 0, 0, 0, 0, 0, 0, 0, 0, 0]",1
20,1,181,"[7, 6, 1, 5, 5, 5, 5, 3, 3, 6]","[1, 0, 0, 1, 1, 0, 1, 0, 0, 0]",1
20,1,182,"[1, 1, 5, 2, 1, 1, 3, 1, 1, 1]","[0, 0, 0, 0, 1, 1, 0, 0, 0, 0]",1
20,1,183,"[6, 5, 5, 5, 4, 4, 5, 5, 5, 5]","[0, 0, 0, 1, 1, 0, 0, 0, 0, 1]",1
20,1,184,"[2, 3, 3, 3, 3, 1, 2, 3, 3, 3]","[0, 0, 1, 0, 0, 0, 0, 0, 0, 0]",1
20,1,185,"[8, 8, 7, 6, 8, 6, 6, 8, 7, 7]","[1, 0, 1, 0, 0, 1, 1, 1, 0, 1]",1
20,1,186,"[1, 8, 7, 1, 4, 6, 1, 7, 4, 6]","[0, 0, 1, 0, 0, 0, 0, 0, 1, 0]",1
20,1,187,"[7, 2, 7, 6, 6, 6, 6, 6, 6, 5]","[1, 0, 1, 1, 1, 1, 1, 1, 1, 0]",1
20,1,188,"[3, 4, 5, 4, 5, 5, 4, 4, 4, 7]","[0, 1, 0, 0, 1, 0, 0, 1, 0, 0]",1
20,1,189,"[3, 1, 3, 3, 5, 4, 4, 4, 5, 4]","[0, 0, 0, 0, 0, 0, 0, 1, 0, 0]",1
20,1,190,"[4, 3, 4, 1, 4, 2, 5, 3, 3, 3]","[0, 0, 1, 1, 1, 1, 1, 0, 0, 1]",1
20,1,191,"[3, 2, 2, 3, 3, 2, 2, 3, 3, 3]","[0, 0, 0, 1, 1, 0, 1, 1, 0, 1]",1
20,1,192,"[3, 3, 3, 3, 4, 3, 3, 3, 3, 3]","[0, 0, 0, 0, 1, 0, 0, 0, 0, 0]",1
20,1,193,"[7, 5, 8, 6, 5, 5, 6, 5, 6, 7]","[1, 1, 0, 1, 0, 1, 1, 1, 0, 0]",1
20,1,194,"[4, 4, 3, 3, 3, 4, 6, 4, 4, 3]","[0, 0, 0, 1, 0, 0, 0, 0, 0, 0]",1
20,1,195,"[5, 1, 1, 1, 2, 1, 1, 3, 1, 1]","[1, 1, 0, 0, 1, 0, 0, 1, 1, 1]",1
20,1,196,"[3, 3, 3, 4, 3, 3, 3, 3, 3, 4]","[0, 1, 0, 0, 0, 0, 0, 0, 0, 0]",1
20,1,197,"[4, 4, 5, 1, 4, 3, 4, 4, 4, 2]","[0, 0, 1, 0, 1, 0, 0, 1, 0, 1]",1
20,1,198,"[6, 4, 6, 3, 4, 4, 4, 5, 6, 2]","[0, 0, 1, 0, 1, 0, 1, 0, 0, 0]",1
20,1,199,"[2, 2, 2, 2, 2, 3, 2, 2, 2, 1]","[0, 0, 0, 0, 0, 0, 0, 0, 0, 0]",1
20,1,200,"[1, 2, 3, 2, 2, 2, 2, 1, 2, 1]","[0, 0, 0, 0, 0, 0, 0, 0, 0, 0]",1
20,1,201,"[4, 3, 3, 8, 4, 6, 4, 3, 6, 3]","[1, 1, 0, 1, 0, 0, 0, 0, 1, 0]",1
20,1,202,"[5, 4, 5, 5, 5, 2, 7, 6, 4, 5]","[0, 0, 0, 0, 0, 0, 0, 0, 1, 1]",1
20,1,203,"[3, 3, 4, 3, 3, 4, 3, 1, 2, 3]","[0, 0, 0, 0, 1, 0, 0, 1, 0, 0]",1
20,1,204,"[3, 3, 1, 2, 5, 1, 2, 3, 2, 2]","[0, 0, 0, 0, 1, 0, 0, 0, 0, 0]",1
20,1,205,"[8, 8, 9, 9, 6, 9, 4, 8, 9, 9]","[1, 1, 0, 1, 0, 1, 1, 0, 0, 0]",1
20,1,206,"[2, 4, 4, 4, 3, 3, 4, 3, 2, 3]","[0, 1, 0, 0, 1, 0, 1, 0, 0, 0]",1
20,1,207,"[3, 2, 2, 2, 3, 2, 2, 5, 2, 8]","[1, 0, 0, 0, 0, 0, 0, 0, 0, 1]",1
20,1,208,"[3, 3, 3, 4, 5, 4, 4, 4, 5, 4]","[0, 0, 0, 1, 1, 0, 1, 1, 0, 0]",1
20,1,209,"[3, 6, 5, 5, 6, 5, 4, 5, 3, 5]","[0, 0, 1, 1, 0, 0, 0, 0, 0, 1]",1
21,0,0,"[4, 4, 3, 4, 3, 3, 2, 4, 5, 6]","[0, 0, 0, 0, 0, 0, 0, 0, 0, 0]",1
21,0,1,"[6, 6, 6, 6, 6, 6, 6, 7, 7, 5]","[0, 0, 0, 0, 1, 0, 0, 0, 1, 0]",1
21,0,2,"[8, 9, 8, 4, 8, 8, 8, 9, 9, 8]","[0, 1, 1, 0, 1, 1, 1, 1, 0, 1]",1
21,0,3,"[6, 5, 6, 5, 6, 5, 5, 6, 5, 7]","[0, 0, 0, 0, 0, 0, 0, 1, 0, 0]",1
21,0,4,"[1, 4, 4, 2, 3, 4, 3, 5, 3, 1]","[0, 0, 0, 0, 0, 0, 0, 0, 1, 0]",1
21,0,5,"[7, 5, 7, 6, 1, 5, 5, 7, 6, 6]","[0, 0, 0, 0, 0, 0, 0, 0, 0, 0]",1
21,0,6,"[3, 7, 3, 3, 6, 3, 5, 4, 4, 2]","[0, 0, 0, 0, 0, 0, 0, 0, 0, 0]",1
21,0,7,"[6, 6, 6, 6, 6, 7, 6, 7, 6, 7]","[1, 0, 1, 1, 1, 0, 0, 1, 1, 0]",1
21,0,8,"[3, 4, 6, 4, 3, 4, 5, 4, 5, 4]","[0, 0, 0, 0, 1, 0, 0, 0, 0, 0]",1
21,0,9,"[6, 5, 4, 6, 3, 5, 5, 3, 6, 4]","[1, 0, 0, 1, 0, 0, 1, 0, 1, 0]",1
21,0,10,"[5, 5, 6, 5, 3, 5, 5, 6, 5, 5]","[0, 0, 0, 0, 0, 0, 1, 0, 1, 0]",1
21,0,11,"[5, 6, 5, 5, 5, 5, 5, 3, 6, 5]","[1, 0, 0, 0, 0, 0, 0, 0, 0, 0]",1
21,0,12,"[6, 6, 6, 6, 9, 6, 6, 6, 6, 6]","[0, 0, 0, 0, 0, 0, 0, 0, 0, 1]",1
21,0,13,"[3, 5, 6, 5, 5, 3, 3, 3, 7, 4]","[0, 0, 0, 0, 0, 0, 0, 0, 1, 0]",1
21,0,14,"[5, 5, 5, 4, 5, 5, 4, 8, 5, 4]","[1, 0, 1, 1, 1, 0, 0, 0, 0, 0]",1
21,0,15,"[5, 4, 4, 4, 4, 6, 4, 4, 4, 5]","[1, 0, 0, 0, 0, 1, 0, 0, 1, 1]",1
21,0,16,"[5, 4, 6, 6, 9, 5, 7, 7, 5, 5]","[0, 0, 0, 0, 0, 0, 0, 0, 0, 0]",1
21,0,17,"[6, 6, 6, 5, 8, 7, 7, 8, 4, 8]","[1, 1, 0, 0, 1, 1, 0, 1, 1, 0]",1
21,0,18,"[6, 4, 7, 7, 5, 6, 5, 6, 8, 6]","[1, 0, 1, 0, 0, 1, 0, 1, 0, 1]",1
21,0,19,"[3, 3, 4, 3, 6, 4, 3, 5, 3, 2]","[0, 0, 0, 0, 0, 0, 0, 0, 0, 0]",1
21,0,20,"[4, 6, 1, 4, 6, 5, 4, 5, 5, 6]","[0, 1, 0, 0, 1, 0, 0, 0, 1, 0]",1
21,0,21,"[8, 9, 7, 2, 6, 9, 4, 7, 7, 9]","[1, 0, 0, 0, 0, 0, 0, 0, 0, 0]",1
21,0,22,"[5, 4, 4, 4, 3, 4, 4, 4, 4, 4]","[0, 0, 0, 0, 1, 0, 0, 0, 1, 0]",1
21,0,23,"[5, 5, 2, 6, 3, 6, 4, 5, 3, 5]","[0, 0, 0, 0, 0, 0, 0, 0, 0, 1]",1
21,0,24,"[2, 9, 4, 6, 4, 5, 6, 5, 4, 4]","[0, 0, 0, 0, 0, 0, 0, 0, 0, 0]",1
21,0,25,"[9, 6, 6, 7, 6, 6, 6, 6, 6, 9]","[1, 0, 0, 0, 0, 1, 0, 1, 0, 0]",1
21,0,26,"[9, 9, 9, 9, 9, 9, 9, 9, 9, 9]","[0, 0, 0, 0, 0, 0, 0, 0, 0, 0]",1
21,0,27,"[6, 6, 6, 5, 7, 6, 6, 6, 6, 6]","[0, 1, 0, 0, 1, 0, 0, 0, 0, 1]",1
21,0,28,"[4, 5, 5, 5, 5, 5, 5, 4, 8, 5]","[1, 0, 0, 0, 0, 0, 0, 0, 0, 0]",1
21,0,29,"[9, 9, 9, 9, 9, 9, 9, 9, 9, 9]","[1, 0, 0, 0, 0, 1, 0, 0, 0, 1]",1
21,0,30,"[4, 6, 6, 6, 5, 5, 5, 6, 6, 6]","[1, 0, 0, 0, 1, 0, 0, 1, 0, 0]",1
21,0,31,"[3, 4, 8, 4, 5, 1, 5, 3, 4, 6]","[0, 1, 0, 0, 0, 0, 0, 0, 0, 1]",1
21,0,32,"[5, 4, 6, 6, 5, 5, 6, 3, 5, 5]","[0, 0, 0, 0, 0, 0, 0, 0, 0, 0]",1
21,0,33,"[4, 3, 3, 3, 3, 5, 3, 3, 4, 7]","[0, 0, 0, 0, 0, 0, 0, 0, 0, 0]",1
21,0,34,"[7, 7, 7, 7, 6, 6, 5, 7, 8, 5]","[0, 0, 0, 0, 0, 0, 0, 0, 0, 0]",1
21,0,35,"[6, 3, 4, 4, 4, 4, 4, 4, 4, 6]","[1, 0, 0, 1, 0, 0, 0, 1, 0, 0]",1
21,0,36,"[6, 9, 6, 9, 8, 9, 8, 9, 9, 9]","[0, 1, 0, 1, 0, 0, 0, 1, 1, 0]",1
21,0,37,"[6, 6, 3, 5, 8, 3, 3, 6, 7, 3]","[1, 0, 0, 0, 0, 1, 0, 0, 1, 0]",1
21,0,38,"[5, 6, 5, 3, 5, 3, 5, 5, 6, 5]","[0, 0, 1, 0, 0, 0, 1, 0, 0, 0]",1
21,0,39,"[1, 1, 5, 1, 1, 2, 6, 1, 1, 4]","[0, 0, 0, 1, 0, 1, 0, 0, 0, 0]",1
21,0,40,"[4, 4, 4, 4, 3, 4, 3, 4, 4, 4]","[0, 0, 0, 0, 0, 0, 0, 0, 0, 0]",1
21,0,41,"[6, 3, 2, 4, 6, 5, 3, 8, 4, 4]","[0, 0, 0, 1, 1, 0, 0, 0, 0, 1]",1
21,0,42,"[4, 4, 2, 3, 3, 4, 4, 3, 7, 3]","[0, 0, 0, 0, 1, 0, 0, 0, 0, 0]",1
21,0,43,"[5, 3, 6, 8, 2, 7, 4, 8, 3, 6]","[0, 0, 0, 1, 1, 0, 0, 0, 0, 0]",1
21,0,44,"[5, 4, 4, 7, 9, 4, 4, 4, 5, 4]","[0, 1, 0, 0, 0, 1, 0, 0, 0, 0]",1
21,0,45,"[4, 5, 5, 4, 5, 5, 6, 5, 6, 4]","[0, 1, 1, 0, 1, 0, 0, 0, 0, 0]",1
21,0,46,"[3, 2, 3, 5, 2, 5, 4, 5, 4, 3]","[0, 0, 0, 0, 0, 0, 0, 0, 0, 0]",1
21,0,47,"[8, 6, 6, 7, 6, 6, 8, 1, 7, 9]","[0, 1, 0, 0, 0, 0, 0, 1, 0, 0]",1
21,0,48,"[5, 5, 5, 6, 5, 6, 5, 5, 5, 6]","[0, 0, 0, 1, 0, 0, 0, 0, 0, 0]",1
21,0,49,"[4, 6, 4, 4, 5, 5, 5, 4, 5, 3]","[0, 0, 1, 0, 1, 0, 0, 0, 0, 0]",1
21,0,50,"[7, 8, 7, 8, 7, 6, 7, 6, 7, 6]","[0, 1, 1, 0, 0, 0, 0, 1, 0, 0]",1
21,0,51,"[5, 5, 5, 5, 5, 6, 7, 8, 4, 5]","[0, 0, 0, 0, 0, 0, 0, 0, 0, 0]",1
21,0,52,"[5, 4, 5, 4, 5, 5, 4, 2, 5, 4]","[1, 1, 0, 0, 0, 0, 1, 1, 0, 0]",1
21,0,53,"[4, 4, 4, 4, 4, 4, 4, 4, 4, 4]","[0, 0, 0, 0, 0, 0, 0, 0, 0, 0]",1
21,0,54,"[6, 4, 9, 8, 7, 9, 7, 4, 4, 8]","[0, 0, 1, 0, 0, 0, 0, 0, 0, 0]",1
21,0,55,"[7, 8, 7, 7, 7, 7, 7, 9, 7, 7]","[0, 1, 1, 0, 0, 0, 1, 0, 0, 0]",1
21,0,56,"[1, 1, 1, 1, 1, 1, 1, 1, 1, 5]","[1, 0, 1, 0, 0, 1, 0, 0, 1, 1]",1
21,0,57,"[4, 3, 4, 6, 2, 3, 6, 2, 4, 4]","[0, 0, 0, 0, 0, 0, 0, 0, 0, 0]",1
21,0,58,"[3, 6, 5, 5, 4, 5, 6, 4, 5, 7]","[1, 0, 0, 0, 1, 0, 1, 0, 0, 1]",1
21,0,59,"[6, 3, 4, 4, 4, 4, 3, 3, 4, 4]","[0, 0, 0, 0, 0, 0, 0, 0, 0, 0]",1
21,0,60,"[2, 3, 3, 3, 5, 6, 5, 4, 5, 7]","[0, 0, 1, 0, 0, 0, 0, 0, 0, 0]",1
21,0,61,"[9, 5, 4, 4, 5, 4, 4, 5, 4, 4]","[0, 0, 0, 1, 1, 1, 1, 0, 0, 0]",1
21,0,62,"[9, 9, 9, 9, 9, 9, 9, 9, 6, 9]","[0, 1, 1, 0, 0, 1, 1, 1, 0, 0]",1
21,0,63,"[3, 4, 4, 4, 4, 6, 4, 5, 4, 3]","[0, 0, 0, 0, 0, 0, 0, 0, 0, 0]",1
21,0,64,"[6, 6, 7, 7, 7, 7, 7, 7, 7, 8]","[0, 0, 0, 1, 0, 0, 0, 0, 0, 0]",1
21,0,65,"[3, 7, 3, 3, 4, 5, 2, 2, 3, 3]","[0, 0, 1, 0, 0, 1, 0, 0, 0, 0]",1
21,0,66,"[5, 6, 4, 7, 5, 4, 6, 8, 6, 5]","[0, 0, 0, 0, 0, 0, 0, 0, 0, 0]",1
21,0,67,"[8, 4, 5, 5, 5, 7, 4, 6, 4, 6]","[0, 0, 1, 0, 0, 0, 0, 0, 0, 0]",1
21,0,68,"[6, 5, 8, 7, 4, 5, 7, 8, 5, 7]","[0, 0, 0, 0, 1, 0, 1, 0, 1, 0]",1
21,0,69,"[4, 4, 3, 4, 4, 1, 2, 5, 6, 3]","[0, 0, 0, 0, 0, 0, 0, 0, 1, 0]",1
21,0,70,"[6, 6, 6, 5, 6, 7, 6, 8, 6, 6]","[0, 0, 0, 0, 0, 0, 1, 1, 0, 0]",1
21,0,71,"[2, 5, 7, 5, 5, 4, 5, 5, 5, 4]","[0, 0, 0, 0, 1, 1, 0, 1, 0, 0]",1
21,0,72,"[3, 4, 5, 4, 4, 5, 5, 5, 4, 4]","[0, 1, 0, 0, 0, 0, 0, 0, 0, 0]",1
21,0,73,"[7, 4, 6, 6, 5, 3, 6, 6, 7, 6]","[0, 0, 0, 1, 0, 0, 0, 1, 0, 0]",1
21,0,74,"[2, 3, 4, 3, 2, 1, 3, 6, 3, 4]","[0, 0, 0, 0, 0, 0, 0, 0, 0, 0]",1
21,0,75,"[4, 3, 3, 3, 3, 2, 3, 3, 3, 3]","[0, 0, 0, 0, 0, 0, 0, 0, 0, 0]",1
21,0,76,"[4, 4, 3, 4, 7, 3, 5, 4, 5, 4]","[0, 0, 0, 0, 0, 0, 0, 0, 0, 1]",1
21,0,77,"[9, 7, 7, 2, 8, 8, 8, 9, 7, 7]","[0, 0, 1, 0, 1, 0, 0, 0, 0, 0]",1
21,0,78,"[4, 7, 6, 4, 5, 7, 6, 5, 4, 2]","[1, 0, 0, 0, 1, 0, 0, 0, 0, 1]",1
21,0,79,"[9, 9, 9, 9, 9, 9, 9, 9, 9, 6]","[0, 0, 1, 0, 0, 0, 0, 0, 0, 0]",1
21,0,80,"[6, 7, 5, 5, 9, 8, 7, 7, 7, 8]","[1, 0, 1, 0, 1, 0, 0, 0, 0, 0]",1
21,0,81,"[6, 1, 3, 4, 4, 1, 4, 5, 4, 3]","[0, 0, 0, 0, 0, 0, 1, 0, 0, 0]",1
21,0,82,"[6, 6, 1, 4, 4, 4, 4, 5, 3, 4]","[0, 1, 0, 1, 1, 0, 0, 0, 0, 0]",1
21,0,83,"[5, 8, 7, 6, 6, 7, 6, 5, 5, 6]","[0, 1, 0, 0, 0, 0, 0, 0, 0, 1]",1
21,0,84,"[3, 5, 5, 5, 5, 8, 7, 4, 5, 4]","[0, 1, 1, 0, 0, 0, 0, 0, 0, 1]",1
21,0,85,"[7, 7, 7, 7, 7, 8, 7, 7, 7, 7]","[1, 0, 0, 0, 0, 0, 0, 1, 1, 0]",1
21,0,86,"[5, 9, 8, 9, 8, 8, 5, 8, 9, 9]","[0, 0, 0, 0, 0, 1, 1, 0, 1, 0]",1
21,0,87,"[4, 5, 5, 5, 4, 7, 3, 4, 4, 4]","[0, 0, 0, 0, 0, 0, 0, 0, 0, 0]",1
21,0,88,"[4, 5, 5, 4, 4, 5, 5, 5, 5, 4]","[0, 0, 0, 0, 0, 0, 0, 0, 1, 1]",1
21,0,89,"[5, 5, 5, 6, 5, 5, 6, 4, 5, 7]","[0, 0, 0, 0, 0, 0, 0, 0, 0, 1]",1
21,0,90,"[9, 9, 9, 9, 9, 9, 9, 9, 9, 9]","[0, 0, 0, 0, 0, 0, 1, 0, 1, 0]",1
21,0,91,"[5, 6, 5, 5, 4, 4, 5, 5, 5, 5]","[0, 0, 0, 0, 1, 0, 0, 0, 0, 0]",1
21,0,92,"[5, 5, 5, 5, 7, 8, 5, 9, 5, 4]","[1, 1, 0, 0, 1, 0, 0, 0, 0, 0]",1
21,0,93,"[2, 4, 1, 6, 3, 2, 3, 4, 5, 3]","[1, 0, 0, 0, 0, 0, 0, 0, 0, 1]",1
21,0,94,"[8, 5, 7, 7, 8, 5, 6, 7, 7, 6]","[1, 1, 0, 0, 0, 0, 0, 1, 1, 0]",1
21,0,95,"[4, 2, 2, 3, 3, 3, 3, 3, 3, 3]","[1, 0, 0, 0, 0, 0, 0, 0, 0, 0]",1
21,0,96,"[5, 4, 3, 5, 2, 5, 5, 4, 2, 6]","[0, 0, 0, 0, 0, 0, 0, 0, 0, 1]",1
21,0,97,"[6, 3, 6, 6, 5, 7, 3, 4, 3, 5]","[1, 0, 0, 0, 0, 1, 0, 0, 0, 0]",1
21,0,98,"[9, 9, 9, 9, 9, 9, 9, 9, 9, 9]","[0, 1, 0, 0, 1, 0, 0, 0, 1, 0]",1
21,0,99,"[2, 2, 1, 3, 2, 5, 2, 1, 9, 9]","[1, 0, 0, 0, 1, 0, 0, 0, 0, 1]",1
21,0,100,"[7, 3, 3, 8, 2, 3, 3, 8, 3, 7]","[0, 0, 0, 0, 0, 0, 0, 0, 0, 0]",1
21,0,101,"[9, 8, 8, 8, 3, 8, 6, 8, 8, 8]","[0, 0, 0, 0, 1, 0, 0, 0, 1, 1]",1
21,0,102,"[7, 8, 7, 5, 6, 1, 5, 8, 5, 7]","[1, 0, 0, 1, 0, 0, 0, 1, 0, 1]",1
21,0,103,"[7, 8, 7, 7, 7, 7, 6, 6, 7, 8]","[1, 0, 0, 0, 0, 0, 0, 0, 1, 0]",1
21,0,104,"[9, 9, 9, 9, 9, 9, 9, 9, 9, 9]","[0, 1, 1, 1, 0, 0, 1, 1, 1, 0]",1
21,0,105,"[5, 7, 8, 5, 6, 6, 7, 7, 6, 6]","[0, 1, 1, 0, 0, 0, 0, 0, 0, 0]",1
21,0,106,"[4, 4, 4, 4, 4, 5, 4, 5, 4, 4]","[0, 1, 0, 0, 1, 0, 0, 1, 1, 0]",1
21,0,107,"[4, 5, 5, 5, 6, 6, 3, 5, 6, 6]","[0, 0, 0, 0, 0, 0, 0, 0, 0, 0]",1
21,0,108,"[8, 8, 8, 8, 2, 9, 3, 8, 9, 8]","[0, 1, 0, 1, 1, 1, 1, 1, 0, 1]",1
21,0,109,"[5, 6, 6, 6, 6, 5, 7, 5, 5, 6]","[0, 0, 0, 1, 0, 0, 1, 0, 0, 0]",1
21,0,110,"[2, 3, 8, 6, 7, 9, 9, 9, 8, 9]","[0, 0, 0, 1, 0, 1, 1, 0, 1, 0]",1
21,0,111,"[8, 6, 7, 9, 7, 5, 5, 8, 8, 6]","[0, 0, 0, 0, 0, 1, 0, 0, 1, 0]",1
21,0,112,"[3, 4, 4, 4, 4, 4, 5, 4, 4, 4]","[0, 0, 0, 0, 0, 0, 0, 1, 0, 1]",1
21,0,113,"[4, 5, 2, 4, 5, 5, 8, 5, 7, 5]","[0, 0, 0, 1, 0, 0, 1, 1, 1, 1]",1
21,0,114,"[4, 4, 3, 4, 2, 2, 3, 5, 3, 8]","[0, 0, 0, 0, 0, 0, 0, 1, 1, 0]",1
21,0,115,"[9, 8, 9, 9, 9, 9, 9, 9, 9, 9]","[1, 1, 1, 0, 1, 0, 0, 1, 0, 1]",1
21,0,116,"[9, 9, 9, 9, 9, 9, 8, 9, 9, 9]","[1, 1, 1, 1, 1, 0, 0, 0, 1, 0]",1
21,0,117,"[6, 5, 5, 5, 5, 5, 4, 5, 6, 5]","[0, 0, 0, 0, 0, 1, 0, 0, 0, 0]",1
21,0,118,"[7, 6, 5, 7, 7, 7, 5, 7, 7, 6]","[0, 0, 0, 1, 0, 0, 0, 1, 0, 0]",1
21,0,119,"[6, 6, 5, 6, 8, 6, 6, 7, 5, 6]","[0, 1, 0, 0, 0, 0, 1, 0, 0, 0]",1
21,0,120,"[6, 8, 6, 3, 5, 4, 8, 3, 4, 6]","[0, 0, 0, 0, 0, 0, 1, 0, 0, 0]",1
21,0,121,"[5, 5, 8, 5, 5, 7, 5, 5, 4, 6]","[0, 0, 0, 1, 0, 0, 0, 0, 1, 1]",1
21,0,122,"[5, 5, 5, 5, 5, 5, 4, 5, 5, 5]","[1, 0, 1, 0, 1, 0, 0, 0, 0, 0]",1
21,0,123,"[4, 6, 5, 2, 4, 7, 5, 4, 7, 6]","[0, 1, 0, 0, 0, 0, 0, 0, 0, 0]",1
21,0,124,"[7, 6, 9, 9, 9, 8, 8, 6, 8, 7]","[1, 0, 1, 0, 1, 1, 1, 0, 0, 1]",1
21,0,125,"[5, 5, 5, 5, 5, 5, 5, 5, 5, 5]","[0, 1, 0, 0, 0, 1, 0, 0, 0, 0]",1
21,0,126,"[5, 8, 5, 6, 6, 5, 5, 4, 5, 6]","[0, 0, 1, 0, 0, 1, 1, 0, 0, 0]",1
21,0,127,"[7, 8, 7, 7, 7, 7, 7, 7, 7, 7]","[0, 0, 0, 0, 0, 0, 0, 0, 0, 0]",1
21,0,128,"[8, 8, 7, 8, 7, 6, 7, 7, 8, 6]","[0, 0, 0, 1, 0, 0, 0, 0, 1, 1]",1
21,0,129,"[6, 7, 6, 6, 6, 7, 7, 7, 7, 7]","[0, 0, 1, 0, 0, 1, 1, 0, 1, 0]",1
21,0,130,"[7, 9, 7, 7, 8, 7, 6, 7, 7, 7]","[1, 0, 0, 1, 1, 1, 0, 0, 0, 0]",1
21,0,131,"[7, 8, 6, 9, 7, 7, 3, 8, 8, 6]","[0, 1, 1, 1, 0, 0, 1, 1, 1, 0]",1
21,0,132,"[4, 3, 5, 4, 6, 3, 6, 6, 4, 7]","[0, 0, 0, 0, 1, 0, 0, 0, 1, 0]",1
21,0,133,"[9, 9, 9, 9, 9, 9, 9, 9, 9, 9]","[1, 0, 1, 1, 0, 0, 0, 0, 0, 0]",1
21,0,134,"[4, 1, 5, 5, 5, 5, 6, 5, 3, 5]","[0, 0, 0, 1, 0, 1, 0, 0, 0, 1]",1
21,0,135,"[8, 6, 7, 4, 6, 6, 6, 6, 6, 4]","[0, 0, 0, 0, 1, 0, 0, 0, 0, 0]",1
21,0,136,"[7, 6, 7, 6, 7, 9, 7, 7, 7, 7]","[0, 0, 1, 1, 1, 0, 1, 1, 0, 0]",1
21,0,137,"[6, 4, 6, 4, 6, 6, 6, 6, 4, 7]","[1, 0, 0, 0, 0, 0, 1, 1, 0, 0]",1
21,0,138,"[4, 4, 4, 4, 4, 4, 3, 3, 5, 5]","[0, 0, 0, 0, 0, 0, 0, 0, 0, 0]",1
21,0,139,"[8, 6, 5, 5, 4, 3, 5, 4, 4, 4]","[0, 0, 0, 0, 0, 0, 0, 0, 0, 0]",1
21,0,140,"[5, 5, 8, 9, 5, 5, 5, 8, 8, 5]","[0, 0, 0, 0, 0, 0, 0, 0, 1, 0]",1
21,0,141,"[4, 5, 3, 5, 3, 2, 1, 2, 4, 3]","[0, 0, 0, 1, 0, 0, 0, 0, 0, 0]",1
21,0,142,"[1, 7, 8, 6, 4, 7, 4, 7, 3, 1]","[1, 0, 1, 0, 0, 0, 1, 0, 0, 0]",1
21,0,143,"[3, 1, 3, 6, 5, 4, 4, 4, 6, 5]","[0, 0, 0, 1, 0, 0, 0, 0, 0, 0]",1
21,0,144,"[8, 8, 8, 7, 8, 8, 8, 8, 8, 7]","[0, 0, 1, 0, 0, 0, 1, 1, 0, 0]",1
21,0,145,"[7, 5, 5, 6, 6, 6, 6, 6, 6, 7]","[0, 1, 0, 0, 0, 0, 1, 0, 0, 1]",1
21,0,146,"[6, 7, 8, 7, 5, 7, 6, 6, 6, 7]","[1, 1, 1, 0, 1, 1, 0, 0, 1, 0]",1
21,0,147,"[4, 6, 8, 5, 5, 4, 4, 6, 2, 6]","[0, 0, 1, 0, 1, 0, 0, 0, 0, 0]",1
21,0,148,"[5, 5, 4, 4, 5, 5, 5, 4, 4, 5]","[0, 1, 0, 0, 0, 0, 0, 0, 0, 0]",1
21,0,149,"[7, 7, 5, 5, 7, 5, 5, 5, 6, 6]","[1, 0, 0, 0, 1, 0, 0, 0, 1, 0]",1
21,0,150,"[4, 8, 4, 5, 5, 5, 5, 5, 4, 4]","[0, 0, 0, 0, 0, 0, 0, 0, 0, 0]",1
21,0,151,"[2, 9, 2, 2, 4, 9, 7, 3, 7, 4]","[0, 1, 0, 0, 0, 1, 0, 0, 0, 0]",1
21,0,152,"[5, 6, 5, 5, 4, 5, 2, 5, 5, 4]","[1, 0, 0, 1, 0, 0, 0, 1, 0, 0]",1
21,0,153,"[6, 6, 6, 6, 6, 6, 6, 6, 6, 6]","[0, 0, 1, 1, 0, 0, 1, 1, 1, 0]",1
21,0,154,"[9, 8, 8, 8, 8, 8, 8, 8, 3, 9]","[1, 1, 1, 0, 0, 0, 1, 0, 0, 1]",1
21,0,155,"[4, 5, 5, 4, 4, 5, 3, 4, 8, 5]","[0, 0, 0, 0, 0, 0, 0, 0, 0, 0]",1
21,0,156,"[3, 3, 3, 3, 3, 4, 3, 4, 3, 3]","[0, 0, 0, 0, 0, 0, 1, 0, 0, 0]",1
21,0,157,"[5, 8, 5, 7, 6, 6, 6, 6, 6, 6]","[0, 1, 0, 1, 0, 0, 0, 0, 0, 0]",1
21,0,158,"[6, 7, 8, 7, 6, 7, 7, 7, 7, 8]","[1, 0, 1, 0, 0, 1, 0, 0, 1, 0]",1
21,0,159,"[8, 7, 7, 7, 7, 8, 6, 7, 7, 7]","[0, 0, 0, 1, 0, 0, 0, 0, 1, 0]",1
21,0,160,"[5, 8, 2, 9, 5, 9, 9, 9, 7, 9]","[0, 1, 0, 1, 0, 0, 0, 0, 0, 0]",1
21,0,161,"[5, 5, 6, 4, 5, 4, 6, 5, 5, 5]","[0, 0, 1, 0, 0, 0, 0, 1, 0, 1]",1
21,0,162,"[8, 8, 8, 6, 7, 9, 9, 8, 8, 8]","[0, 1, 0, 0, 0, 0, 1, 0, 0, 0]",1
21,0,163,"[6, 6, 6, 8, 6, 8, 6, 6, 8, 6]","[0, 0, 0, 1, 0, 0, 0, 0, 0, 0]",1
21,0,164,"[9, 9, 9, 9, 9, 9, 9, 9, 9, 9]","[1, 1, 1, 0, 0, 0, 1, 1, 1, 1]",1
21,0,165,"[5, 5, 6, 6, 6, 6, 4, 5, 5, 6]","[1, 0, 1, 0, 0, 1, 0, 0, 0, 0]",1
21,0,166,"[4, 4, 4, 4, 4, 4, 4, 4, 4, 4]","[0, 0, 0, 0, 0, 0, 0, 0, 0, 0]",1
21,0,167,"[8, 9, 9, 9, 9, 9, 9, 9, 9, 9]","[0, 0, 0, 0, 0, 1, 0, 0, 0, 1]",1
21,0,168,"[6, 6, 7, 7, 6, 5, 5, 7, 8, 6]","[1, 0, 1, 0, 0, 1, 1, 1, 1, 1]",1
21,0,169,"[6, 5, 8, 5, 5, 3, 6, 5, 7, 6]","[0, 0, 1, 0, 0, 0, 1, 0, 0, 0]",1
21,0,170,"[4, 9, 9, 9, 9, 9, 9, 9, 9, 9]","[0, 1, 0, 1, 1, 1, 1, 1, 1, 1]",1
21,0,171,"[9, 8, 7, 5, 6, 9, 6, 6, 9, 8]","[1, 1, 0, 1, 1, 0, 0, 1, 0, 1]",1
21,0,172,"[5, 6, 6, 7, 6, 6, 5, 6, 8, 5]","[0, 1, 0, 0, 0, 1, 0, 1, 1, 0]",1
21,0,173,"[3, 8, 6, 5, 8, 9, 7, 5, 3, 9]","[1, 0, 0, 0, 1, 1, 0, 1, 0, 0]",1
21,0,174,"[7, 7, 8, 6, 7, 8, 6, 6, 8, 6]","[1, 1, 0, 1, 1, 0, 1, 1, 0, 1]",1
21,0,175,"[4, 4, 5, 3, 4, 4, 4, 3, 4, 4]","[0, 0, 0, 0, 0, 1, 0, 0, 0, 0]",1
21,0,176,"[9, 8, 5, 9, 9, 5, 3, 9, 9, 1]","[0, 1, 0, 1, 1, 0, 0, 0, 0, 1]",1
21,0,177,"[6, 6, 6, 6, 6, 1, 6, 5, 6, 5]","[0, 0, 0, 1, 0, 0, 0, 1, 1, 0]",1
21,0,178,"[6, 6, 2, 7, 7, 8, 8, 6, 6, 6]","[0, 0, 0, 0, 0, 1, 0, 1, 1, 0]",1
21,0,179,"[9, 9, 9, 9, 9, 8, 9, 8, 2, 5]","[1, 0, 1, 0, 1, 0, 0, 0, 0, 0]",1
21,0,180,"[4, 2, 3, 3, 3, 3, 3, 3, 2, 3]","[0, 0, 0, 0, 0, 0, 0, 0, 0, 0]",1
21,0,181,"[8, 8, 8, 5, 5, 5, 4, 8, 4, 6]","[1, 0, 0, 0, 0, 0, 0, 0, 0, 0]",1
21,0,182,"[8, 8, 1, 2, 7, 1, 1, 1, 9, 9]","[0, 0, 0, 0, 0, 0, 0, 0, 1, 0]",1
21,0,183,"[5, 8, 9, 6, 6, 7, 5, 8, 9, 6]","[0, 1, 0, 1, 0, 0, 0, 0, 0, 0]",1
21,0,184,"[6, 6, 6, 6, 6, 6, 7, 6, 6, 3]","[0, 0, 0, 0, 1, 0, 1, 0, 1, 0]",1
21,0,185,"[6, 4, 4, 7, 8, 3, 7, 5, 8, 5]","[0, 0, 0, 0, 0, 0, 0, 0, 0, 1]",1
21,0,186,"[9, 5, 3, 8, 9, 9, 6, 3, 4, 2]","[1, 0, 0, 0, 1, 1, 1, 0, 1, 0]",1
21,0,187,"[6, 4, 5, 6, 6, 5, 5, 6, 6, 4]","[0, 0, 0, 0, 0, 0, 0, 1, 0, 0]",1
21,0,188,"[9, 9, 2, 8, 9, 8, 9, 9, 9, 9]","[1, 0, 0, 1, 0, 1, 0, 1, 1, 1]",1
21,0,189,"[5, 6, 7, 6, 5, 6, 8, 5, 5, 6]","[0, 0, 0, 0, 0, 0, 1, 0, 0, 0]",1
21,0,190,"[1, 5, 4, 6, 6, 7, 6, 2, 8, 5]","[0, 0, 0, 0, 0, 0, 0, 0, 0, 0]",1
21,0,191,"[9, 9, 9, 9, 9, 9, 9, 9, 9, 9]","[0, 0, 0, 1, 1, 0, 1, 0, 1, 0]",1
21,0,192,"[8, 9, 9, 5, 9, 9, 8, 9, 9, 9]","[1, 0, 0, 1, 0, 1, 1, 1, 1, 1]",1
21,0,193,"[5, 4, 4, 4, 4, 5, 4, 4, 4, 3]","[0, 0, 0, 0, 1, 1, 1, 0, 0, 0]",1
21,0,194,"[5, 6, 2, 8, 4, 5, 6, 6, 8, 8]","[1, 0, 0, 1, 0, 0, 0, 0, 1, 0]",1
21,0,195,"[2, 1, 5, 2, 3, 3, 3, 2, 1, 5]","[0, 1, 1, 0, 0, 0, 0, 0, 0, 0]",1
21,0,196,"[3, 4, 3, 6, 4, 3, 4, 5, 4, 7]","[0, 1, 0, 1, 0, 0, 0, 0, 0, 0]",1
21,0,197,"[8, 8, 8, 8, 8, 8, 9, 8, 8, 7]","[0, 1, 1, 1, 1, 0, 0, 0, 1, 1]",1
21,0,198,"[2, 7, 4, 3, 2, 6, 1, 4, 2, 2]","[0, 0, 0, 0, 0, 0, 0, 0, 0, 0]",1
21,0,199,"[4, 4, 4, 4, 4, 4, 4, 5, 4, 6]","[0, 0, 0, 0, 0, 0, 0, 0, 1, 0]",1
21,0,200,"[4, 4, 8, 3, 4, 4, 4, 4, 4, 3]","[0, 0, 0, 0, 0, 0, 0, 0, 0, 0]",1
21,0,201,"[4, 6, 9, 8, 5, 8, 9, 6, 9, 9]","[1, 0, 1, 1, 0, 0, 1, 0, 1, 1]",1
21,0,202,"[4, 1, 7, 6, 6, 5, 5, 5, 6, 4]","[0, 0, 1, 1, 0, 0, 1, 1, 0, 0]",1
21,0,203,"[8, 7, 7, 7, 6, 7, 6, 8, 7, 6]","[1, 0, 0, 1, 0, 1, 0, 1, 0, 0]",1
21,0,204,"[9, 8, 8, 9, 9, 7, 8, 7, 8, 8]","[1, 1, 0, 0, 1, 1, 0, 0, 1, 1]",1
21,0,205,"[9, 9, 9, 9, 9, 9, 9, 9, 8, 9]","[0, 0, 0, 0, 1, 0, 0, 1, 0, 0]",1
21,0,206,"[8, 8, 8, 7, 8, 8, 8, 9, 8, 8]","[0, 1, 0, 0, 0, 0, 1, 0, 0, 0]",1
21,0,207,"[4, 3, 9, 3, 3, 3, 2, 3, 3, 8]","[0, 0, 0, 0, 0, 0, 0, 0, 0, 1]",1
21,0,208,"[3, 6, 9, 6, 4, 6, 9, 8, 8, 6]","[0, 1, 1, 1, 0, 0, 0, 0, 0, 0]",1
21,0,209,"[6, 5, 5, 6, 5, 5, 6, 5, 5, 4]","[0, 0, 1, 0, 0, 1, 0, 0, 0, 0]",1
21,1,0,"[9, 5, 1, 4, 5, 5, 6, 2, 4, 4]","[1, 0, 0, 0, 1, 0, 0, 0, 0, 0]",1
21,1,1,"[1, 4, 5, 4, 4, 4, 4, 4, 5, 4]","[0, 0, 0, 0, 0, 0, 0, 0, 0, 1]",1
21,1,2,"[2, 3, 5, 2, 2, 2, 2, 2, 2, 2]","[0, 0, 0, 0, 0, 0, 0, 0, 0, 0]",1
21,1,3,"[6, 4, 7, 6, 6, 7, 7, 6, 8, 6]","[1, 0, 0, 1, 0, 1, 0, 0, 1, 0]",1
21,1,4,"[3, 4, 4, 3, 4, 4, 3, 5, 2, 3]","[0, 0, 0, 0, 1, 0, 0, 1, 0, 0]",1
21,1,5,"[5, 4, 3, 2, 5, 4, 3, 5, 5, 5]","[0, 0, 0, 1, 0, 0, 0, 1, 1, 0]",1
21,1,6,"[3, 3, 3, 3, 4, 3, 5, 4, 3, 3]","[1, 0, 0, 0, 1, 1, 1, 0, 1, 1]",1
21,1,7,"[5, 5, 5, 5, 5, 5, 5, 5, 6, 5]","[1, 0, 1, 0, 0, 0, 0, 0, 1, 0]",1
21,1,8,"[3, 3, 2, 3, 3, 3, 3, 2, 3, 3]","[0, 0, 0, 0, 0, 0, 0, 0, 0, 0]",1
21,1,9,"[6, 4, 3, 4, 4, 2, 1, 7, 4, 3]","[0, 0, 0, 0, 0, 0, 0, 0, 0, 0]",1
21,1,10,"[4, 3, 2, 1, 4, 4, 5, 3, 4, 5]","[0, 0, 0, 0, 0, 0, 1, 0, 0, 0]",1
21,1,11,"[3, 3, 3, 4, 4, 2, 2, 3, 4, 3]","[0, 0, 1, 0, 0, 0, 0, 0, 0, 0]",1
21,1,12,"[4, 5, 4, 4, 4, 5, 4, 4, 4, 4]","[0, 0, 0, 0, 0, 0, 0, 0, 1, 0]",1
21,1,13,"[2, 4, 3, 3, 4, 3, 4, 4, 4, 4]","[0, 0, 0, 0, 1, 0, 0, 1, 1, 0]",1
21,1,14,"[3, 3, 3, 6, 2, 3, 3, 4, 9, 2]","[0, 0, 0, 0, 0, 0, 0, 0, 0, 0]",1
21,1,15,"[5, 4, 4, 4, 4, 3, 4, 7, 4, 5]","[0, 1, 0, 0, 0, 1, 0, 1, 0, 0]",1
21,1,16,"[7, 4, 5, 6, 6, 5, 8, 4, 8, 4]","[1, 0, 0, 0, 0, 0, 1, 0, 0, 0]",1
21,1,17,"[5, 7, 5, 6, 5, 4, 6, 5, 5, 5]","[0, 0, 0, 1, 0, 0, 0, 0, 0, 0]",1
21,1,18,"[3, 3, 4, 3, 3, 3, 3, 4, 3, 1]","[1, 0, 0, 0, 0, 1, 0, 0, 0, 0]",1
21,1,19,"[4, 2, 3, 2, 3, 3, 2, 2, 3, 2]","[1, 0, 0, 0, 0, 0, 0, 0, 0, 0]",1
21,1,20,"[4, 5, 7, 4, 4, 5, 4, 6, 5, 5]","[0, 0, 0, 0, 0, 0, 0, 0, 0, 0]",1
21,1,21,"[4, 9, 4, 4, 1, 6, 4, 4, 6, 4]","[0, 0, 0, 0, 0, 1, 0, 0, 1, 1]",1
21,1,22,"[3, 3, 3, 3, 3, 3, 3, 3, 3, 3]","[1, 0, 0, 0, 0, 0, 0, 1, 0, 0]",1
21,1,23,"[2, 3, 3, 3, 3, 3, 4, 3, 3, 3]","[0, 0, 0, 0, 0, 0, 1, 0, 0, 0]",1
21,1,24,"[6, 4, 6, 5, 5, 1, 4, 5, 4, 2]","[1, 0, 0, 0, 0, 0, 0, 1, 0, 0]",1
21,1,25,"[3, 3, 3, 4, 5, 2, 3, 3, 3, 3]","[0, 0, 0, 0, 1, 0, 1, 0, 0, 0]",1
21,1,26,"[8, 9, 9, 9, 9, 9, 9, 9, 9, 9]","[1, 0, 0, 0, 1, 0, 0, 0, 1, 0]",1
21,1,27,"[4, 4, 4, 4, 4, 4, 4, 4, 4, 5]","[0, 0, 1, 0, 0, 0, 0, 0, 0, 0]",1
21,1,28,"[4, 4, 4, 3, 4, 3, 4, 4, 3, 5]","[0, 1, 0, 0, 0, 0, 0, 1, 0, 0]",1
21,1,29,"[9, 5, 5, 9, 8, 9, 7, 9, 7, 8]","[0, 0, 1, 1, 0, 1, 0, 0, 0, 0]",1
21,1,30,"[4, 5, 4, 4, 4, 4, 4, 9, 4, 3]","[0, 1, 0, 0, 0, 0, 0, 0, 0, 0]",1
21,1,31,"[3, 4, 4, 4, 4, 4, 3, 4, 4, 3]","[0, 1, 1, 0, 0, 0, 0, 0, 0, 0]",1
21,1,32,"[7, 4, 3, 2, 4, 3, 4, 4, 5, 4]","[1, 1, 0, 0, 1, 1, 0, 0, 0, 0]",1
21,1,33,"[3, 3, 4, 3, 3, 3, 3, 3, 3, 4]","[0, 0, 0, 0, 1, 0, 0, 0, 0, 0]",1
21,1,34,"[5, 3, 7, 5, 5, 5, 6, 5, 5, 5]","[0, 0, 1, 0, 1, 0, 0, 0, 0, 0]",1
21,1,35,"[6, 9, 2, 4, 3, 2, 9, 8, 3, 3]","[1, 0, 0, 0, 1, 0, 0, 0, 0, 0]",1
21,1,36,"[5, 4, 4, 7, 6, 5, 7, 5, 6, 5]","[0, 0, 1, 1, 0, 0, 0, 0, 1, 0]",1
21,1,37,"[3, 4, 6, 4, 4, 5, 3, 6, 2, 4]","[0, 0, 0, 1, 0, 1, 0, 1, 0, 1]",1
21,1,38,"[3, 9, 4, 3, 5, 4, 3, 3, 9, 2]","[0, 0, 0, 0, 0, 0, 0, 0, 0, 0]",1
21,1,39,"[4, 1, 2, 4, 1, 2, 1, 5, 2, 1]","[0, 0, 0, 0, 0, 0, 1, 1, 1, 0]",1
21,1,40,"[2, 2, 2, 1, 2, 2, 2, 2, 3, 2]","[0, 0, 0, 0, 0, 0, 1, 0, 0, 0]",1
21,1,41,"[3, 5, 9, 4, 5, 1, 5, 7, 4, 2]","[0, 0, 0, 1, 1, 0, 0, 1, 0, 0]",1
21,1,42,"[4, 3, 2, 3, 3, 3, 4, 3, 2, 6]","[0, 0, 0, 0, 0, 0, 0, 1, 0, 0]",1
21,1,43,"[2, 2, 3, 3, 4, 3, 5, 3, 3, 2]","[0, 0, 0, 0, 0, 0, 0, 0, 0, 0]",1
21,1,44,"[3, 5, 8, 2, 4, 4, 1, 5, 3, 5]","[0, 1, 0, 1, 0, 0, 0, 1, 0, 1]",1
21,1,45,"[3, 3, 3, 4, 3, 3, 2, 3, 7, 6]","[0, 0, 1, 0, 1, 0, 0, 0, 0, 0]",1
21,1,46,"[3, 3, 4, 3, 3, 4, 3, 3, 3, 3]","[1, 0, 1, 0, 1, 0, 0, 0, 0, 0]",1
21,1,47,"[4, 3, 4, 4, 4, 4, 3, 4, 7, 4]","[0, 0, 0, 0, 1, 0, 0, 0, 1, 0]",1
21,1,48,"[3, 2, 3, 3, 3, 5, 4, 4, 2, 3]","[0, 0, 0, 0, 0, 0, 0, 0, 0, 1]",1
21,1,49,"[4, 2, 5, 5, 2, 4, 4, 4, 5, 4]","[0, 0, 1, 0, 1, 1, 0, 0, 1, 1]",1
21,1,50,"[4, 4, 4, 4, 4, 8, 8, 4, 4, 4]","[0, 0, 0, 0, 0, 0, 1, 0, 0, 0]",1
21,1,51,"[3, 2, 3, 3, 3, 3, 2, 3, 3, 4]","[0, 0, 0, 0, 0, 0, 0, 0, 0, 0]",1
21,1,52,"[3, 5, 3, 3, 1, 3, 6, 1, 7, 2]","[1, 1, 0, 0, 0, 1, 1, 1, 0, 0]",1
21,1,53,"[3, 3, 3, 3, 3, 3, 3, 3, 3, 4]","[1, 0, 0, 0, 1, 0, 0, 0, 1, 0]",1
21,1,54,"[4, 3, 5, 2, 1, 2, 2, 2, 2, 1]","[0, 0, 0, 0, 0, 0, 0, 0, 0, 0]",1
21,1,55,"[4, 1, 6, 5, 5, 4, 5, 5, 5, 6]","[1, 0, 0, 1, 0, 1, 0, 0, 0, 0]",1
21,1,56,"[4, 4, 3, 4, 3, 5, 3, 4, 6, 6]","[1, 0, 0, 0, 0, 0, 0, 0, 0, 0]",1
21,1,57,"[2, 5, 5, 5, 7, 4, 1, 4, 3, 5]","[0, 0, 1, 0, 0, 0, 0, 0, 0, 0]",1
21,1,58,"[3, 2, 7, 5, 3, 4, 3, 1, 1, 5]","[0, 0, 0, 0, 1, 0, 0, 0, 0, 0]",1
21,1,59,"[3, 2, 1, 3, 4, 5, 4, 1, 3, 2]","[0, 1, 0, 0, 0, 1, 1, 0, 0, 0]",1
21,1,60,"[3, 1, 3, 4, 5, 5, 4, 3, 3, 3]","[0, 0, 0, 0, 0, 0, 1, 0, 0, 0]",1
21,1,61,"[4, 3, 6, 4, 3, 4, 3, 4, 5, 2]","[1, 0, 0, 0, 0, 0, 0, 0, 0, 0]",1
21,1,62,"[9, 9, 9, 9, 5, 7, 9, 9, 9, 9]","[0, 0, 1, 1, 1, 0, 1, 1, 1, 1]",1
21,1,63,"[5, 8, 5, 5, 4, 1, 4, 5, 5, 5]","[1, 1, 0, 0, 0, 0, 0, 0, 0, 1]",1
21,1,64,"[3, 4, 3, 8, 2, 3, 6, 3, 3, 3]","[0, 0, 0, 1, 0, 0, 0, 0, 0, 0]",1
21,1,65,"[3, 3, 4, 2, 3, 2, 4, 7, 3, 3]","[0, 0, 0, 0, 0, 0, 0, 1, 0, 1]",1
21,1,66,"[5, 5, 4, 3, 5, 4, 3, 4, 5, 4]","[1, 0, 0, 0, 0, 0, 0, 1, 1, 1]",1
21,1,67,"[4, 4, 1, 4, 3, 5, 4, 5, 3, 4]","[0, 0, 0, 0, 0, 0, 0, 0, 0, 0]",1
21,1,68,"[2, 4, 4, 3, 3, 2, 4, 9, 2, 2]","[1, 1, 0, 1, 0, 1, 0, 1, 1, 0]",1
21,1,69,"[4, 4, 3, 3, 4, 3, 6, 4, 5, 2]","[0, 1, 0, 0, 0, 0, 0, 0, 1, 0]",1
21,1,70,"[5, 7, 8, 5, 4, 5, 1, 4, 4, 7]","[0, 0, 0, 1, 0, 0, 0, 0, 0, 0]",1
21,1,71,"[7, 7, 7, 7, 7, 7, 7, 7, 7, 7]","[0, 0, 0, 1, 0, 0, 0, 0, 0, 1]",1
21,1,72,"[4, 4, 4, 3, 3, 3, 3, 4, 4, 4]","[0, 1, 0, 0, 0, 0, 0, 0, 0, 0]",1
21,1,73,"[1, 4, 4, 6, 1, 7, 1, 1, 5, 1]","[0, 0, 1, 1, 0, 1, 0, 0, 1, 0]",1
21,1,74,"[1, 5, 3, 2, 5, 3, 1, 4, 3, 2]","[0, 0, 1, 0, 0, 0, 0, 0, 0, 0]",1
21,1,75,"[9, 3, 3, 3, 2, 4, 3, 3, 3, 3]","[1, 0, 0, 0, 0, 1, 0, 0, 0, 0]",1
21,1,76,"[3, 1, 3, 7, 4, 1, 1, 4, 2, 3]","[0, 0, 0, 1, 0, 0, 0, 1, 0, 0]",1
21,1,77,"[3, 4, 4, 5, 4, 5, 5, 5, 4, 1]","[1, 0, 0, 0, 0, 0, 0, 0, 0, 1]",1
21,1,78,"[4, 6, 4, 4, 5, 5, 4, 3, 5, 3]","[0, 0, 0, 0, 0, 0, 0, 0, 0, 0]",1
21,1,79,"[3, 2, 2, 3, 4, 3, 3, 2, 3, 3]","[0, 0, 0, 0, 0, 1, 0, 0, 0, 0]",1
21,1,80,"[7, 7, 7, 7, 7, 8, 5, 7, 7, 8]","[0, 1, 0, 1, 1, 1, 1, 0, 0, 0]",1
21,1,81,"[6, 4, 5, 5, 4, 4, 5, 4, 6, 5]","[0, 0, 1, 0, 0, 0, 0, 1, 0, 0]",1
21,1,82,"[5, 5, 4, 5, 4, 6, 4, 3, 3, 5]","[0, 0, 0, 1, 1, 0, 0, 0, 0, 0]",1
21,1,83,"[6, 2, 2, 4, 5, 5, 5, 8, 7, 4]","[0, 0, 0, 0, 0, 0, 0, 1, 0, 0]",1
21,1,84,"[3, 1, 1, 1, 1, 1, 1, 1, 1, 1]","[0, 0, 0, 1, 1, 0, 0, 0, 0, 0]",1
21,1,85,"[4, 6, 7, 6, 6, 6, 6, 6, 7, 7]","[0, 1, 0, 1, 1, 1, 0, 1, 0, 0]",1
21,1,86,"[6, 7, 7, 7, 6, 6, 5, 6, 6, 6]","[0, 0, 0, 0, 0, 0, 0, 0, 0, 0]",1
21,1,87,"[6, 4, 1, 5, 4, 4, 2, 5, 3, 6]","[1, 0, 0, 0, 0, 0, 0, 0, 0, 1]",1
21,1,88,"[3, 3, 2, 4, 3, 3, 3, 3, 3, 3]","[0, 0, 0, 0, 0, 0, 0, 0, 0, 0]",1
21,1,89,"[3, 3, 4, 4, 3, 3, 4, 3, 2, 3]","[1, 0, 0, 0, 0, 0, 0, 0, 0, 1]",1
21,1,90,"[6, 6, 6, 6, 6, 6, 6, 3, 6, 6]","[0, 0, 1, 0, 0, 0, 0, 0, 0, 0]",1
21,1,91,"[2, 3, 3, 4, 3, 3, 4, 4, 5, 3]","[0, 0, 0, 0, 1, 0, 0, 1, 0, 0]",1
21,1,92,"[3, 3, 4, 3, 8, 7, 4, 4, 5, 3]","[0, 0, 0, 0, 0, 0, 1, 1, 0, 1]",1
21,1,93,"[4, 1, 3, 7, 3, 2, 2, 4, 1, 3]","[0, 0, 0, 0, 0, 0, 0, 0, 0, 0]",1
21,1,94,"[4, 7, 4, 6, 5, 3, 7, 4, 4, 6]","[0, 1, 0, 1, 0, 0, 0, 0, 1, 0]",1
21,1,95,"[3, 3, 4, 3, 3, 3, 3, 2, 3, 3]","[0, 0, 0, 0, 1, 0, 0, 0, 0, 0]",1
21,1,96,"[5, 3, 4, 3, 4, 4, 4, 3, 4, 3]","[1, 0, 1, 1, 0, 1, 1, 1, 1, 1]",1
21,1,97,"[2, 4, 2, 4, 2, 2, 4, 3, 4, 2]","[0, 0, 0, 0, 0, 0, 0, 0, 0, 0]",1
21,1,98,"[9, 7, 5, 2, 9, 9, 9, 6, 4, 3]","[1, 1, 0, 0, 0, 0, 0, 1, 0, 1]",1
21,1,99,"[2, 3, 1, 9, 2, 3, 2, 3, 2, 2]","[0, 0, 0, 1, 0, 0, 0, 0, 0, 0]",1
21,1,100,"[3, 4, 2, 3, 4, 3, 3, 3, 2, 3]","[0, 0, 0, 0, 0, 0, 1, 0, 0, 1]",1
21,1,101,"[3, 6, 6, 4, 4, 4, 3, 3, 3, 4]","[1, 0, 1, 0, 0, 0, 1, 1, 0, 1]",1
21,1,102,"[1, 3, 1, 1, 3, 3, 1, 4, 1, 3]","[0, 0, 0, 0, 0, 0, 0, 0, 0, 0]",1
21,1,103,"[3, 2, 2, 4, 2, 3, 2, 2, 2, 3]","[0, 0, 0, 0, 0, 0, 0, 0, 0, 0]",1
21,1,104,"[6, 2, 6, 4, 5, 5, 4, 5, 5, 5]","[1, 1, 1, 0, 1, 0, 0, 1, 0, 0]",1
21,1,105,"[5, 5, 5, 5, 4, 4, 5, 4, 5, 3]","[0, 0, 0, 0, 0, 0, 1, 0, 0, 0]",1
21,1,106,"[4, 5, 4, 4, 4, 7, 5, 4, 3, 4]","[1, 0, 0, 0, 0, 0, 1, 0, 0, 0]",1
21,1,107,"[2, 3, 6, 5, 2, 6, 4, 4, 3, 2]","[0, 1, 0, 0, 0, 1, 0, 1, 0, 0]",1
21,1,108,"[5, 5, 2, 4, 6, 2, 5, 5, 6, 5]","[0, 1, 0, 0, 0, 0, 0, 0, 0, 1]",1
21,1,109,"[4, 4, 4, 5, 4, 3, 4, 4, 4, 4]","[0, 1, 1, 0, 0, 0, 1, 0, 0, 0]",1
21,1,110,"[3, 3, 5, 4, 5, 4, 4, 3, 3, 3]","[0, 0, 0, 0, 0, 0, 0, 0, 0, 0]",1
21,1,111,"[6, 6, 6, 5, 5, 4, 4, 9, 5, 4]","[0, 1, 1, 0, 0, 0, 0, 1, 1, 0]",1
21,1,112,"[8, 6, 4, 7, 6, 6, 6, 6, 7, 6]","[1, 1, 0, 1, 1, 0, 1, 0, 1, 1]",1
21,1,113,"[3, 5, 3, 6, 6, 6, 4, 5, 4, 4]","[0, 1, 0, 0, 0, 0, 0, 0, 0, 0]",1
21,1,114,"[4, 3, 1, 2, 4, 4, 3, 4, 3, 4]","[1, 0, 0, 0, 0, 0, 0, 0, 0, 0]",1
21,1,115,"[5, 5, 6, 5, 6, 5, 6, 5, 6, 6]","[0, 0, 0, 1, 1, 0, 0, 0, 0, 0]",1
21,1,116,"[6, 3, 5, 5, 4, 4, 6, 5, 3, 5]","[0, 0, 0, 0, 0, 0, 0, 0, 0, 0]",1
21,1,117,"[4, 3, 3, 3, 3, 3, 2, 4, 4, 3]","[0, 0, 0, 0, 0, 0, 0, 0, 0, 1]",1
21,1,118,"[5, 5, 6, 5, 5, 7, 4, 5, 5, 6]","[0, 0, 0, 1, 1, 1, 1, 0, 0, 1]",1
21,1,119,"[5, 9, 5, 4, 2, 4, 5, 4, 4, 4]","[0, 0, 0, 0, 0, 0, 1, 0, 1, 0]",1
21,1,120,"[8, 5, 6, 1, 7, 3, 4, 5, 6, 3]","[1, 0, 0, 0, 1, 0, 0, 0, 1, 0]",1
21,1,121,"[3, 3, 2, 4, 3, 3, 3, 3, 3, 3]","[0, 0, 0, 0, 0, 1, 0, 1, 0, 0]",1
21,1,122,"[4, 4, 4, 4, 4, 4, 4, 4, 4, 4]","[0, 0, 0, 1, 0, 0, 0, 0, 0, 0]",1
21,1,123,"[3, 2, 3, 4, 4, 4, 4, 3, 2, 5]","[0, 0, 0, 1, 0, 0, 0, 0, 0, 0]",1
21,1,124,"[3, 4, 2, 3, 2, 5, 2, 4, 7, 2]","[0, 1, 1, 1, 1, 0, 1, 0, 1, 0]",1
21,1,125,"[3, 3, 3, 4, 3, 3, 4, 3, 3, 3]","[0, 0, 0, 0, 0, 0, 0, 0, 0, 0]",1
21,1,126,"[3, 3, 3, 3, 4, 3, 4, 3, 5, 3]","[0, 0, 0, 0, 0, 0, 0, 0, 0, 0]",1
21,1,127,"[3, 3, 3, 3, 3, 3, 3, 3, 3, 2]","[0, 0, 0, 0, 0, 0, 0, 0, 0, 1]",1
21,1,128,"[6, 6, 4, 4, 1, 6, 3, 4, 8, 6]","[1, 1, 1, 0, 1, 1, 0, 1, 1, 1]",1
21,1,129,"[6, 4, 5, 5, 4, 5, 6, 2, 6, 5]","[0, 0, 0, 1, 0, 0, 0, 0, 0, 0]",1
21,1,130,"[5, 9, 8, 9, 6, 6, 7, 5, 5, 9]","[0, 1, 1, 0, 1, 0, 1, 0, 0, 1]",1
21,1,131,"[5, 3, 3, 1, 4, 1, 8, 4, 1, 1]","[1, 0, 1, 0, 1, 0, 1, 0, 0, 0]",1
21,1,132,"[1, 2, 2, 3, 6, 3, 3, 3, 3, 5]","[0, 0, 0, 0, 1, 0, 0, 0, 0, 0]",1
21,1,133,"[8, 5, 1, 9, 8, 5, 4, 9, 9, 9]","[0, 0, 0, 0, 0, 1, 0, 1, 1, 0]",1
21,1,134,"[5, 4, 5, 3, 5, 5, 6, 5, 5, 6]","[0, 0, 0, 0, 1, 0, 1, 1, 1, 0]",1
21,1,135,"[5, 3, 5, 5, 6, 5, 4, 5, 7, 4]","[0, 0, 0, 0, 0, 1, 0, 1, 0, 1]",1
21,1,136,"[4, 6, 4, 5, 6, 6, 7, 9, 5, 4]","[1, 0, 0, 0, 1, 1, 1, 1, 1, 0]",1
21,1,137,"[2, 6, 4, 2, 2, 4, 2, 3, 4, 2]","[0, 0, 0, 0, 0, 0, 0, 0, 0, 0]",1
21,1,138,"[9, 9, 9, 9, 9, 9, 7, 9, 8, 9]","[0, 1, 0, 1, 1, 1, 0, 0, 1, 1]",1
21,1,139,"[6, 3, 3, 8, 3, 5, 7, 2, 8, 3]","[0, 0, 0, 1, 0, 0, 0, 1, 1, 0]",1
21,1,140,"[8, 5, 7, 7, 6, 4, 5, 5, 6, 5]","[0, 0, 0, 0, 0, 0, 1, 0, 0, 0]",1
21,1,141,"[6, 5, 2, 4, 3, 3, 6, 4, 5, 6]","[0, 1, 0, 0, 1, 0, 1, 0, 0, 0]",1
21,1,142,"[3, 7, 4, 6, 5, 1, 2, 3, 5, 2]","[0, 1, 1, 0, 0, 0, 1, 1, 0, 0]",1
21,1,143,"[2, 2, 3, 2, 2, 2, 3, 2, 4, 2]","[0, 1, 0, 0, 0, 0, 0, 0, 0, 0]",1
21,1,144,"[6, 7, 6, 6, 6, 6, 5, 5, 6, 5]","[1, 0, 0, 1, 0, 1, 0, 1, 0, 0]",1
21,1,145,"[6, 5, 5, 5, 5, 6, 6, 5, 5, 5]","[1, 0, 1, 0, 1, 1, 0, 0, 0, 0]",1
21,1,146,"[7, 1, 9, 7, 7, 7, 7, 4, 6, 6]","[1, 0, 1, 1, 1, 1, 1, 0, 0, 0]",1
21,1,147,"[2, 2, 6, 5, 4, 5, 5, 6, 4, 7]","[0, 0, 1, 0, 0, 0, 0, 1, 1, 0]",1
21,1,148,"[4, 5, 6, 5, 4, 5, 4, 5, 6, 5]","[0, 0, 0, 0, 0, 1, 0, 0, 0, 0]",1
21,1,149,"[4, 3, 7, 4, 4, 4, 4, 4, 4, 3]","[0, 1, 0, 0, 0, 0, 0, 0, 0, 1]",1
21,1,150,"[2, 4, 3, 5, 4, 4, 1, 2, 1, 1]","[0, 0, 0, 0, 0, 0, 0, 0, 0, 0]",1
21,1,151,"[3, 3, 3, 3, 3, 2, 4, 3, 4, 3]","[0, 0, 0, 0, 0, 0, 0, 0, 0, 0]",1
21,1,152,"[2, 6, 3, 3, 3, 2, 3, 4, 3, 4]","[0, 0, 0, 0, 0, 1, 0, 0, 1, 1]",1
21,1,153,"[1, 1, 1, 1, 7, 1, 3, 1, 1, 4]","[0, 0, 0, 0, 0, 0, 0, 0, 0, 0]",1
21,1,154,"[3, 4, 4, 3, 4, 4, 6, 4, 8, 4]","[0, 0, 0, 0, 1, 0, 0, 1, 1, 0]",1
21,1,155,"[4, 5, 4, 3, 4, 4, 3, 4, 5, 7]","[1, 1, 0, 0, 0, 0, 0, 0, 1, 0]",1
21,1,156,"[4, 4, 7, 4, 4, 5, 4, 4, 4, 4]","[0, 0, 0, 0, 0, 0, 0, 0, 0, 0]",1
21,1,157,"[4, 4, 5, 3, 4, 4, 4, 1, 3, 5]","[0, 0, 0, 1, 0, 0, 0, 0, 1, 1]",1
21,1,158,"[6, 6, 6, 2, 3, 3, 8, 2, 3, 6]","[0, 0, 0, 0, 0, 0, 0, 0, 0, 0]",1
21,1,159,"[5, 5, 5, 5, 5, 6, 5, 5, 5, 5]","[1, 0, 1, 1, 1, 1, 1, 0, 0, 0]",1
21,1,160,"[4, 1, 7, 4, 4, 2, 4, 5, 4, 2]","[0, 0, 1, 0, 0, 0, 0, 0, 0, 0]",1
21,1,161,"[5, 8, 5, 2, 6, 5, 6, 5, 5, 4]","[1, 0, 1, 0, 0, 0, 1, 0, 0, 0]",1
21,1,162,"[7, 6, 4, 6, 4, 3, 4, 6, 7, 3]","[0, 0, 0, 1, 0, 0, 0, 0, 0, 0]",1
21,1,163,"[6, 7, 7, 7, 7, 7, 7, 8, 2, 7]","[1, 0, 0, 1, 0, 1, 0, 0, 0, 1]",1
21,1,164,"[4, 9, 6, 2, 2, 4, 9, 3, 4, 6]","[1, 0, 0, 0, 0, 0, 0, 0, 0, 0]",1
21,1,165,"[3, 3, 3, 2, 3, 3, 3, 3, 3, 3]","[1, 0, 1, 0, 0, 1, 0, 0, 0, 0]",1
21,1,166,"[4, 7, 4, 4, 7, 6, 7, 6, 1, 2]","[0, 0, 0, 0, 0, 1, 0, 0, 0, 0]",1
21,1,167,"[9, 8, 9, 9, 9, 9, 4, 9, 9, 9]","[1, 0, 1, 0, 0, 0, 0, 1, 1, 0]",1
21,1,168,"[4, 4, 4, 7, 6, 7, 4, 5, 3, 4]","[0, 0, 0, 0, 0, 0, 0, 0, 0, 0]",1
21,1,169,"[7, 4, 6, 6, 5, 6, 6, 4, 5, 5]","[1, 0, 1, 0, 1, 0, 0, 0, 0, 0]",1
21,1,170,"[6, 3, 6, 4, 7, 3, 3, 3, 5, 5]","[0, 0, 0, 1, 0, 1, 0, 1, 1, 0]",1
21,1,171,"[7, 8, 7, 7, 3, 7, 8, 4, 3, 8]","[1, 0, 1, 1, 1, 0, 1, 0, 1, 1]",1
21,1,172,"[5, 4, 4, 3, 5, 3, 5, 5, 4, 4]","[0, 0, 0, 1, 1, 0, 1, 1, 0, 0]",1
21,1,173,"[5, 4, 5, 5, 5, 5, 5, 5, 5, 4]","[1, 1, 1, 1, 1, 0, 0, 1, 1, 1]",1
21,1,174,"[5, 5, 4, 2, 4, 4, 3, 5, 5, 5]","[0, 0, 0, 0, 1, 0, 0, 0, 1, 0]",1
21,1,175,"[3, 2, 2, 3, 1, 7, 1, 3, 3, 2]","[0, 0, 0, 0, 0, 1, 0, 1, 0, 0]",1
21,1,176,"[6, 6, 2, 6, 6, 6, 6, 6, 7, 1]","[1, 0, 0, 0, 1, 1, 0, 0, 1, 0]",1
21,1,177,"[5, 4, 5, 4, 3, 4, 5, 5, 1, 2]","[0, 0, 0, 0, 0, 0, 0, 0, 0, 0]",1
21,1,178,"[6, 6, 4, 2, 6, 2, 6, 4, 8, 5]","[1, 0, 0, 1, 0, 1, 0, 0, 0, 0]",1
21,1,179,"[6, 4, 5, 8, 4, 6, 4, 4, 4, 7]","[1, 0, 1, 0, 0, 1, 1, 0, 0, 0]",1
21,1,180,"[3, 4, 3, 4, 4, 3, 4, 4, 6, 3]","[0, 0, 0, 0, 0, 0, 0, 1, 0, 0]",1
21,1,181,"[3, 5, 5, 5, 5, 3, 6, 5, 6, 7]","[0, 1, 0, 0, 0, 0, 1, 0, 1, 0]",1
21,1,182,"[1, 8, 8, 3, 6, 9, 9, 8, 7, 4]","[0, 1, 1, 0, 0, 1, 1, 1, 1, 1]",1
21,1,183,"[7, 9, 5, 3, 9, 5, 4, 7, 5, 5]","[0, 1, 0, 1, 1, 0, 1, 1, 0, 1]",1
21,1,184,"[4, 4, 4, 3, 2, 1, 4, 4, 4, 6]","[0, 0, 0, 0, 0, 0, 0, 0, 0, 0]",1
21,1,185,"[4, 7, 7, 8, 5, 5, 7, 6, 6, 5]","[0, 1, 1, 1, 0, 0, 1, 0, 0, 1]",1
21,1,186,"[6, 6, 6, 5, 5, 2, 6, 6, 4, 6]","[0, 0, 0, 1, 0, 0, 0, 0, 0, 1]",1
21,1,187,"[3, 5, 5, 6, 5, 5, 5, 5, 6, 7]","[0, 0, 1, 1, 0, 0, 1, 0, 1, 0]",1
21,1,188,"[4, 5, 5, 4, 5, 4, 5, 4, 4, 4]","[1, 0, 1, 0, 1, 0, 0, 1, 0, 0]",1
21,1,189,"[4, 5, 3, 5, 4, 4, 3, 4, 4, 3]","[0, 0, 0, 0, 0, 0, 0, 0, 0, 0]",1
21,1,190,"[1, 6, 4, 2, 2, 2, 1, 1, 4, 3]","[1, 1, 1, 1, 0, 1, 0, 0, 1, 0]",1
21,1,191,"[1, 8, 7, 7, 7, 7, 8, 7, 7, 7]","[1, 0, 1, 1, 1, 1, 0, 0, 1, 1]",1
21,1,192,"[2, 3, 3, 3, 3, 7, 3, 3, 3, 2]","[0, 0, 1, 0, 0, 0, 1, 0, 0, 0]",1
21,1,193,"[4, 4, 3, 4, 4, 4, 5, 4, 4, 4]","[1, 1, 0, 0, 1, 0, 0, 0, 1, 0]",1
21,1,194,"[2, 1, 2, 3, 4, 4, 5, 5, 4, 2]","[1, 0, 0, 1, 0, 0, 0, 0, 0, 1]",1
21,1,195,"[6, 2, 1, 4, 1, 1, 3, 1, 3, 1]","[0, 0, 0, 0, 1, 0, 0, 0, 1, 0]",1
21,1,196,"[3, 4, 2, 3, 3, 3, 3, 3, 3, 3]","[0, 0, 0, 0, 0, 1, 0, 0, 1, 0]",1
21,1,197,"[5, 6, 7, 6, 6, 7, 7, 6, 6, 7]","[1, 1, 0, 0, 0, 1, 0, 1, 1, 0]",1
21,1,198,"[4, 3, 4, 2, 3, 6, 4, 5, 4, 4]","[0, 0, 1, 0, 0, 0, 1, 0, 1, 0]",1
21,1,199,"[5, 6, 5, 9, 5, 5, 5, 5, 5, 5]","[0, 0, 0, 0, 0, 0, 0, 0, 0, 0]",1
21,1,200,"[2, 3, 2, 2, 2, 1, 2, 3, 2, 2]","[0, 0, 0, 0, 0, 0, 0, 0, 0, 0]",1
21,1,201,"[2, 4, 4, 3, 8, 4, 6, 2, 4, 4]","[0, 0, 0, 1, 0, 0, 1, 0, 0, 0]",1
21,1,202,"[4, 4, 5, 5, 5, 5, 5, 5, 4, 4]","[0, 0, 1, 0, 0, 0, 0, 0, 0, 0]",1
21,1,203,"[4, 3, 2, 3, 5, 3, 3, 4, 4, 3]","[1, 0, 0, 1, 1, 0, 0, 0, 0, 0]",1
21,1,204,"[2, 2, 2, 2, 9, 1, 2, 1, 2, 2]","[0, 0, 0, 0, 0, 0, 0, 0, 0, 0]",1
21,1,205,"[8, 8, 3, 9, 1, 9, 9, 9, 6, 9]","[0, 0, 0, 1, 0, 1, 0, 1, 1, 1]",1
21,1,206,"[5, 4, 3, 4, 3, 4, 4, 6, 5, 4]","[0, 0, 0, 0, 0, 0, 0, 0, 0, 0]",1
21,1,207,"[2, 2, 2, 2, 2, 3, 2, 2, 1, 2]","[0, 0, 0, 0, 0, 1, 0, 0, 0, 0]",1
21,1,208,"[4, 3, 4, 4, 3, 5, 3, 7, 4, 3]","[0, 0, 0, 0, 0, 0, 0, 1, 0, 0]",1
21,1,209,"[4, 4, 5, 4, 4, 3, 3, 5, 4, 3]","[0, 0, 0, 0, 1, 0, 0, 0, 0, 0]",1
22,0,0,"[7, 7, 8, 7, 6, 8, 7, 7, 8, 7]","[0, 0, 0, 1, 0, 0, 0, 0, 1, 0]",1
22,0,1,"[6, 4, 5, 7, 6, 6, 8, 7, 6, 7]","[0, 0, 0, 0, 0, 0, 0, 1, 1, 1]",1
22,0,2,"[9, 8, 9, 8, 8, 8, 8, 8, 2, 8]","[1, 0, 1, 1, 1, 0, 1, 1, 0, 1]",1
22,0,3,"[5, 5, 3, 8, 7, 6, 4, 6, 6, 6]","[1, 0, 0, 0, 0, 0, 0, 0, 1, 1]",1
22,0,4,"[2, 3, 3, 3, 5, 6, 4, 7, 5, 5]","[0, 0, 0, 0, 0, 0, 0, 0, 0, 0]",1
22,0,5,"[6, 9, 2, 4, 6, 6, 4, 6, 5, 5]","[0, 1, 0, 0, 0, 0, 0, 0, 1, 0]",1
22,0,6,"[4, 5, 4, 4, 5, 4, 4, 6, 4, 4]","[0, 0, 0, 0, 0, 0, 0, 0, 0, 0]",1
22,0,7,"[7, 7, 1, 6, 8, 7, 7, 8, 7, 6]","[0, 1, 0, 1, 0, 0, 0, 1, 0, 0]",1
22,0,8,"[4, 4, 5, 4, 4, 4, 4, 5, 4, 4]","[0, 1, 0, 0, 0, 0, 0, 1, 0, 0]",1
22,0,9,"[5, 4, 6, 4, 4, 5, 5, 5, 4, 3]","[0, 0, 1, 0, 0, 0, 1, 0, 0, 0]",1
22,0,10,"[4, 5, 5, 1, 5, 4, 5, 4, 4, 5]","[0, 0, 1, 0, 0, 1, 0, 0, 0, 0]",1
22,0,11,"[5, 5, 5, 5, 5, 4, 4, 6, 4, 4]","[0, 0, 1, 0, 0, 0, 0, 0, 0, 0]",1
22,0,12,"[6, 7, 5, 6, 6, 6, 6, 6, 6, 7]","[1, 0, 0, 1, 0, 0, 1, 1, 0, 1]",1
22,0,13,"[4, 5, 6, 4, 5, 4, 5, 6, 4, 5]","[0, 0, 0, 0, 0, 1, 0, 1, 0, 0]",1
22,0,14,"[5, 5, 8, 5, 5, 4, 5, 5, 6, 5]","[0, 0, 1, 0, 0, 0, 1, 0, 0, 0]",1
22,0,15,"[3, 4, 5, 3, 3, 4, 3, 4, 3, 3]","[0, 0, 0, 0, 0, 0, 0, 0, 0, 1]",1
22,0,16,"[8, 3, 7, 7, 6, 4, 8, 5, 7, 7]","[0, 0, 0, 0, 0, 0, 0, 0, 0, 0]",1
22,0,17,"[4, 8, 8, 6, 6, 7, 6, 6, 6, 7]","[1, 0, 0, 1, 0, 0, 1, 0, 0, 0]",1
22,0,18,"[8, 7, 7, 7, 7, 7, 7, 7, 7, 7]","[0, 0, 0, 0, 1, 1, 1, 0, 0, 0]",1
22,0,19,"[4, 2, 3, 3, 3, 4, 3, 2, 4, 4]","[0, 1, 0, 0, 0, 0, 0, 0, 0, 0]",1
22,0,20,"[2, 4, 7, 6, 5, 5, 4, 5, 4, 4]","[0, 0, 1, 0, 0, 0, 0, 0, 0, 0]",1
22,0,21,"[9, 9, 9, 9, 7, 7, 9, 5, 5, 7]","[0, 1, 1, 1, 0, 1, 0, 0, 0, 0]",1
22,0,22,"[4, 4, 4, 4, 4, 4, 4, 6, 4, 4]","[0, 0, 0, 0, 0, 0, 1, 0, 0, 0]",1
22,0,23,"[5, 4, 3, 6, 6, 5, 4, 5, 3, 6]","[0, 0, 0, 0, 0, 0, 0, 1, 0, 0]",1
22,0,24,"[5, 3, 5, 5, 2, 3, 4, 3, 3, 2]","[0, 1, 0, 0, 0, 0, 0, 0, 0, 0]",1
22,0,25,"[6, 6, 6, 6, 6, 6, 6, 5, 6, 6]","[0, 0, 0, 0, 1, 1, 0, 0, 0, 1]",1
22,0,26,"[9, 9, 5, 9, 9, 9, 9, 9, 9, 9]","[1, 1, 0, 0, 1, 0, 0, 0, 0, 0]",1
22,0,27,"[6, 6, 6, 7, 6, 6, 5, 2, 7, 5]","[0, 0, 0, 0, 1, 0, 0, 0, 0, 1]",1
22,0,28,"[6, 6, 6, 6, 6, 5, 6, 7, 6, 6]","[0, 0, 1, 0, 0, 0, 0, 1, 0, 0]",1
22,0,29,"[9, 9, 9, 9, 9, 9, 9, 9, 9, 9]","[0, 0, 0, 0, 0, 0, 1, 0, 0, 0]",1
22,0,30,"[4, 6, 4, 6, 6, 6, 6, 5, 5, 5]","[0, 0, 0, 0, 1, 1, 0, 1, 1, 1]",1
22,0,31,"[5, 4, 8, 4, 4, 5, 5, 8, 4, 5]","[0, 0, 1, 0, 0, 0, 0, 0, 0, 1]",1
22,0,32,"[5, 4, 5, 6, 2, 5, 6, 4, 4, 5]","[1, 0, 1, 0, 0, 0, 1, 0, 0, 0]",1
22,0,33,"[3, 2, 3, 4, 2, 6, 3, 4, 3, 3]","[1, 0, 0, 0, 0, 0, 0, 0, 0, 0]",1
22,0,34,"[6, 6, 7, 7, 5, 8, 7, 6, 3, 2]","[1, 0, 0, 0, 0, 1, 0, 0, 0, 0]",1
22,0,35,"[4, 4, 5, 5, 4, 4, 4, 4, 5, 5]","[0, 0, 0, 0, 0, 0, 0, 0, 0, 0]",1
22,0,36,"[9, 9, 4, 9, 3, 9, 9, 3, 8, 3]","[1, 0, 0, 0, 0, 0, 0, 0, 1, 0]",1
22,0,37,"[3, 5, 3, 5, 4, 7, 4, 8, 9, 8]","[0, 0, 0, 1, 0, 1, 0, 0, 0, 1]",1
22,0,38,"[4, 5, 9, 6, 4, 4, 6, 5, 5, 6]","[0, 0, 0, 1, 0, 0, 0, 0, 0, 0]",1
22,0,39,"[1, 5, 1, 5, 1, 1, 2, 3, 1, 3]","[0, 1, 0, 0, 0, 0, 0, 1, 0, 0]",1
22,0,40,"[3, 3, 3, 4, 2, 3, 2, 3, 3, 3]","[0, 0, 0, 0, 0, 0, 0, 0, 0, 0]",1
22,0,41,"[4, 4, 4, 5, 8, 4, 3, 4, 4, 5]","[0, 0, 0, 0, 1, 1, 0, 0, 0, 1]",1
22,0,42,"[4, 3, 5, 3, 4, 3, 6, 4, 4, 3]","[0, 0, 0, 0, 0, 0, 1, 0, 0, 0]",1
22,0,43,"[2, 7, 7, 4, 3, 7, 4, 7, 6, 5]","[0, 0, 0, 0, 0, 0, 0, 0, 0, 0]",1
22,0,44,"[4, 7, 5, 4, 8, 4, 4, 4, 5, 4]","[0, 0, 0, 0, 0, 0, 0, 0, 1, 0]",1
22,0,45,"[5, 4, 5, 4, 4, 6, 5, 4, 4, 4]","[0, 0, 0, 0, 0, 0, 0, 0, 0, 0]",1
22,0,46,"[3, 3, 9, 3, 2, 3, 3, 6, 4, 3]","[0, 0, 0, 0, 0, 0, 0, 1, 0, 1]",1
22,0,47,"[9, 6, 6, 6, 6, 8, 6, 6, 7, 9]","[0, 0, 0, 1, 0, 0, 0, 1, 0, 1]",1
22,0,48,"[5, 6, 4, 5, 5, 5, 6, 3, 4, 5]","[0, 0, 0, 0, 0, 0, 0, 0, 0, 0]",1
22,0,49,"[5, 4, 4, 4, 6, 6, 5, 6, 5, 5]","[0, 0, 0, 0, 1, 0, 0, 0, 0, 1]",1
22,0,50,"[7, 6, 7, 6, 9, 9, 7, 7, 7, 7]","[0, 1, 0, 0, 1, 1, 1, 0, 0, 0]",1
22,0,51,"[5, 6, 2, 5, 5, 5, 6, 6, 5, 6]","[0, 0, 0, 1, 0, 0, 0, 0, 0, 0]",1
22,0,52,"[2, 4, 5, 4, 5, 4, 4, 4, 4, 3]","[0, 1, 0, 0, 0, 1, 1, 0, 1, 1]",1
22,0,53,"[4, 2, 4, 3, 4, 4, 4, 5, 4, 4]","[1, 0, 0, 0, 0, 0, 0, 0, 0, 0]",1
22,0,54,"[6, 7, 8, 8, 8, 8, 6, 7, 4, 4]","[0, 0, 0, 0, 0, 0, 0, 0, 0, 0]",1
22,0,55,"[6, 5, 6, 6, 3, 6, 6, 6, 6, 6]","[0, 1, 1, 1, 0, 0, 0, 0, 1, 0]",1
22,0,56,"[1, 1, 1, 1, 1, 4, 5, 1, 1, 6]","[0, 0, 0, 1, 0, 0, 0, 0, 0, 0]",1
22,0,57,"[4, 4, 5, 4, 5, 4, 4, 4, 6, 5]","[1, 1, 0, 0, 0, 0, 0, 0, 0, 0]",1
22,0,58,"[3, 6, 6, 3, 5, 6, 6, 6, 5, 4]","[0, 0, 0, 0, 0, 0, 0, 0, 0, 0]",1
22,0,59,"[5, 4, 4, 5, 4, 4, 4, 4, 4, 4]","[0, 0, 1, 0, 0, 0, 0, 0, 0, 1]",1
22,0,60,"[6, 3, 4, 4, 4, 3, 5, 4, 5, 5]","[0, 0, 0, 1, 1, 0, 0, 0, 1, 0]",1
22,0,61,"[5, 8, 4, 4, 2, 2, 2, 9, 7, 9]","[1, 1, 0, 0, 0, 1, 0, 0, 0, 1]",1
22,0,62,"[9, 9, 8, 9, 9, 9, 9, 9, 9, 9]","[0, 0, 0, 0, 0, 0, 0, 0, 0, 0]",1
22,0,63,"[6, 5, 6, 6, 5, 6, 2, 6, 7, 5]","[0, 0, 0, 0, 0, 0, 0, 1, 1, 0]",1
22,0,64,"[5, 5, 4, 5, 5, 5, 5, 5, 5, 5]","[0, 0, 1, 0, 0, 0, 1, 0, 0, 0]",1
22,0,65,"[3, 3, 4, 4, 3, 3, 3, 3, 3, 2]","[0, 0, 0, 0, 0, 0, 0, 0, 1, 0]",1
22,0,66,"[4, 4, 4, 5, 4, 4, 5, 5, 5, 5]","[0, 0, 0, 0, 0, 0, 0, 0, 1, 0]",1
22,0,67,"[5, 3, 3, 6, 5, 6, 3, 3, 4, 4]","[0, 0, 0, 0, 0, 0, 0, 0, 0, 0]",1
22,0,68,"[7, 8, 3, 7, 6, 8, 7, 7, 6, 6]","[0, 0, 0, 0, 1, 0, 0, 0, 0, 0]",1
22,0,69,"[2, 4, 4, 6, 4, 4, 3, 1, 5, 4]","[0, 1, 0, 0, 0, 0, 0, 0, 0, 0]",1
22,0,70,"[6, 7, 7, 5, 5, 6, 6, 7, 6, 8]","[0, 0, 0, 0, 0, 0, 0, 0, 0, 0]",1
22,0,71,"[5, 6, 5, 5, 5, 6, 5, 6, 5, 6]","[0, 1, 0, 0, 1, 0, 0, 0, 0, 0]",1
22,0,72,"[5, 4, 3, 5, 4, 5, 2, 4, 4, 5]","[0, 0, 0, 0, 0, 0, 0, 0, 0, 0]",1
22,0,73,"[6, 4, 7, 6, 7, 3, 4, 8, 6, 6]","[1, 1, 1, 1, 1, 1, 0, 0, 0, 0]",1
22,0,74,"[2, 4, 3, 4, 4, 4, 2, 3, 5, 2]","[0, 0, 0, 0, 0, 0, 0, 0, 0, 0]",1
22,0,75,"[7, 6, 4, 7, 7, 7, 7, 8, 7, 7]","[1, 0, 0, 0, 0, 0, 1, 1, 1, 0]",1
22,0,76,"[4, 7, 5, 3, 5, 3, 3, 4, 4, 3]","[0, 1, 0, 0, 0, 0, 0, 0, 1, 1]",1
22,0,77,"[8, 8, 3, 8, 8, 8, 6, 7, 8, 7]","[0, 1, 0, 0, 1, 1, 0, 0, 0, 0]",1
22,0,78,"[6, 5, 6, 5, 6, 7, 5, 5, 7, 5]","[1, 0, 1, 0, 0, 1, 1, 1, 1, 0]",1
22,0,79,"[9, 5, 5, 3, 5, 4, 4, 4, 4, 5]","[1, 0, 0, 0, 0, 1, 0, 0, 0, 1]",1
22,0,80,"[2, 7, 9, 6, 5, 9, 6, 9, 8, 9]","[0, 1, 0, 0, 0, 0, 0, 0, 0, 0]",1
22,0,81,"[5, 4, 7, 8, 4, 7, 7, 2, 5, 6]","[1, 0, 1, 1, 0, 0, 0, 0, 0, 1]",1
22,0,82,"[5, 5, 5, 4, 7, 2, 6, 5, 2, 5]","[0, 0, 0, 0, 0, 0, 0, 0, 0, 0]",1
22,0,83,"[8, 8, 6, 8, 6, 6, 6, 6, 5, 7]","[1, 0, 0, 0, 0, 0, 0, 0, 0, 0]",1
22,0,84,"[2, 2, 3, 5, 3, 4, 5, 7, 7, 7]","[0, 0, 0, 0, 1, 0, 0, 0, 0, 0]",1
22,0,85,"[7, 7, 6, 7, 7, 8, 7, 7, 7, 8]","[0, 0, 0, 1, 0, 0, 0, 1, 0, 1]",1
22,0,86,"[8, 9, 8, 9, 9, 9, 8, 9, 8, 9]","[0, 0, 0, 0, 0, 1, 0, 0, 1, 1]",1
22,0,87,"[5, 2, 5, 4, 6, 5, 4, 6, 5, 2]","[0, 0, 0, 0, 0, 0, 0, 1, 0, 0]",1
22,0,88,"[6, 5, 4, 5, 3, 5, 5, 5, 5, 4]","[0, 0, 0, 0, 0, 0, 0, 0, 1, 0]",1
22,0,89,"[4, 4, 5, 4, 4, 5, 4, 4, 5, 4]","[1, 0, 0, 1, 0, 0, 0, 0, 0, 1]",1
22,0,90,"[9, 9, 9, 9, 9, 9, 9, 9, 9, 9]","[0, 0, 0, 0, 0, 0, 1, 1, 0, 0]",1
22,0,91,"[5, 4, 4, 6, 4, 4, 4, 3, 6, 9]","[0, 0, 0, 0, 0, 0, 0, 0, 0, 0]",1
22,0,92,"[7, 7, 5, 6, 6, 5, 6, 6, 6, 6]","[0, 0, 1, 0, 1, 0, 0, 0, 0, 0]",1
22,0,93,"[4, 1, 5, 2, 2, 1, 6, 1, 3, 6]","[0, 0, 0, 0, 0, 0, 0, 0, 0, 1]",1
22,0,94,"[6, 5, 7, 5, 4, 6, 5, 5, 5, 5]","[0, 0, 0, 1, 1, 1, 0, 1, 0, 0]",1
22,0,95,"[7, 3, 3, 3, 3, 5, 3, 4, 3, 2]","[0, 1, 0, 0, 0, 0, 0, 0, 0, 1]",1
22,0,96,"[6, 4, 3, 6, 4, 4, 6, 5, 4, 3]","[0, 1, 0, 0, 0, 0, 0, 0, 0, 0]",1
22,0,97,"[4, 4, 4, 2, 6, 4, 7, 6, 4, 3]","[1, 0, 0, 0, 0, 0, 0, 0, 0, 0]",1
22,0,98,"[9, 9, 9, 9, 9, 9, 9, 9, 9, 9]","[0, 0, 0, 0, 1, 0, 0, 0, 0, 1]",1
22,0,99,"[4, 3, 3, 3, 3, 4, 4, 3, 3, 2]","[0, 0, 0, 0, 0, 0, 0, 0, 0, 0]",1
22,0,100,"[3, 5, 3, 7, 8, 6, 3, 5, 7, 7]","[0, 0, 0, 0, 0, 0, 0, 0, 0, 0]",1
22,0,101,"[8, 8, 8, 8, 5, 8, 8, 8, 3, 3]","[0, 1, 0, 0, 0, 0, 0, 0, 0, 0]",1
22,0,102,"[8, 3, 3, 5, 7, 1, 2, 2, 3, 2]","[0, 0, 1, 0, 0, 0, 0, 1, 1, 0]",1
22,0,103,"[7, 7, 7, 6, 7, 7, 7, 7, 7, 6]","[0, 0, 0, 0, 0, 0, 0, 0, 0, 0]",1
22,0,104,"[9, 9, 9, 9, 9, 9, 9, 9, 8, 9]","[1, 0, 0, 1, 1, 1, 1, 0, 1, 1]",1
22,0,105,"[7, 6, 7, 9, 5, 6, 6, 9, 6, 6]","[0, 0, 1, 0, 0, 0, 0, 0, 0, 0]",1
22,0,106,"[7, 6, 8, 7, 6, 6, 7, 7, 6, 8]","[1, 0, 0, 0, 0, 1, 0, 0, 0, 0]",1
22,0,107,"[4, 4, 4, 4, 3, 5, 4, 5, 4, 5]","[0, 0, 0, 0, 0, 1, 0, 0, 0, 0]",1
22,0,108,"[8, 7, 6, 8, 9, 8, 8, 8, 8, 8]","[0, 0, 0, 0, 0, 0, 0, 0, 1, 1]",1
22,0,109,"[6, 7, 5, 6, 3, 6, 6, 6, 5, 6]","[0, 1, 0, 0, 1, 0, 0, 0, 0, 1]",1
22,0,110,"[8, 6, 9, 8, 8, 9, 8, 9, 1, 9]","[0, 1, 0, 0, 0, 1, 0, 0, 0, 1]",1
22,0,111,"[7, 7, 6, 6, 6, 7, 3, 7, 3, 6]","[0, 0, 0, 0, 1, 0, 0, 0, 1, 1]",1
22,0,112,"[3, 4, 4, 4, 4, 3, 4, 4, 4, 5]","[0, 0, 1, 0, 1, 0, 0, 0, 1, 0]",1
22,0,113,"[3, 6, 9, 3, 4, 8, 4, 4, 8, 2]","[0, 0, 0, 0, 0, 0, 1, 0, 1, 0]",1
22,0,114,"[2, 6, 1, 3, 2, 2, 7, 3, 3, 3]","[0, 0, 0, 0, 0, 0, 0, 0, 0, 0]",1
22,0,115,"[9, 9, 9, 9, 9, 9, 9, 9, 9, 9]","[1, 0, 1, 1, 0, 1, 1, 0, 1, 0]",1
22,0,116,"[9, 9, 9, 9, 9, 1, 9, 9, 9, 9]","[1, 1, 0, 1, 0, 0, 0, 0, 0, 0]",1
22,0,117,"[5, 4, 5, 5, 5, 5, 4, 5, 6, 6]","[0, 1, 0, 0, 0, 0, 1, 1, 1, 0]",1
22,0,118,"[7, 5, 7, 7, 7, 7, 7, 5, 7, 8]","[1, 1, 0, 0, 0, 0, 0, 0, 0, 1]",1
22,0,119,"[6, 6, 6, 7, 6, 6, 7, 6, 7, 5]","[0, 1, 1, 0, 1, 0, 0, 0, 1, 0]",1
22,0,120,"[6, 6, 5, 7, 5, 5, 5, 7, 5, 6]","[0, 0, 0, 1, 1, 0, 0, 0, 0, 0]",1
22,0,121,"[4, 4, 5, 5, 5, 5, 7, 6, 5, 4]","[0, 1, 0, 0, 0, 0, 0, 0, 0, 1]",1
22,0,122,"[5, 5, 5, 5, 6, 6, 6, 5, 5, 5]","[1, 1, 0, 1, 0, 1, 1, 1, 0, 0]",1
22,0,123,"[8, 6, 5, 5, 6, 5, 4, 5, 5, 8]","[1, 0, 1, 0, 0, 0, 0, 1, 0, 0]",1
22,0,124,"[8, 7, 7, 9, 7, 8, 9, 7, 7, 3]","[1, 1, 0, 1, 0, 1, 0, 0, 1, 0]",1
22,0,125,"[4, 6, 5, 3, 5, 5, 5, 5, 4, 6]","[0, 1, 0, 0, 0, 0, 0, 0, 1, 0]",1
22,0,126,"[7, 6, 9, 5, 4, 6, 5, 5, 5, 6]","[0, 0, 0, 0, 0, 1, 0, 1, 0, 0]",1
22,0,127,"[3, 4, 3, 3, 3, 3, 3, 3, 3, 3]","[0, 0, 1, 1, 0, 1, 0, 0, 0, 0]",1
22,0,128,"[6, 8, 3, 6, 7, 5, 8, 7, 8, 7]","[1, 0, 0, 1, 0, 0, 1, 0, 0, 0]",1
22,0,129,"[5, 7, 7, 6, 6, 7, 5, 6, 8, 6]","[0, 0, 0, 1, 0, 0, 1, 1, 1, 0]",1
22,0,130,"[9, 6, 7, 7, 7, 7, 7, 8, 7, 6]","[0, 1, 0, 0, 0, 0, 0, 1, 0, 0]",1
22,0,131,"[5, 7, 6, 9, 4, 7, 6, 8, 7, 5]","[1, 1, 1, 0, 0, 1, 0, 1, 0, 0]",1
22,0,132,"[4, 6, 6, 5, 5, 5, 6, 4, 3, 5]","[0, 0, 0, 0, 0, 0, 0, 0, 0, 0]",1
22,0,133,"[9, 4, 2, 4, 4, 3, 4, 4, 4, 4]","[0, 0, 0, 0, 1, 0, 0, 0, 0, 0]",1
22,0,134,"[7, 8, 7, 7, 5, 7, 7, 8, 6, 7]","[0, 0, 0, 0, 0, 0, 0, 0, 0, 1]",1
22,0,135,"[7, 6, 8, 5, 6, 6, 6, 7, 8, 6]","[0, 0, 0, 0, 0, 0, 1, 1, 0, 0]",1
22,0,136,"[7, 8, 6, 7, 7, 7, 6, 8, 7, 6]","[0, 0, 0, 1, 0, 0, 0, 0, 0, 0]",1
22,0,137,"[1, 5, 2, 5, 4, 4, 4, 7, 4, 6]","[0, 0, 0, 0, 0, 0, 0, 0, 0, 1]",1
22,0,138,"[6, 7, 7, 7, 7, 8, 7, 8, 7, 8]","[0, 1, 0, 0, 0, 1, 0, 1, 0, 0]",1
22,0,139,"[4, 3, 5, 5, 4, 4, 4, 3, 3, 4]","[0, 0, 0, 0, 0, 0, 0, 0, 1, 0]",1
22,0,140,"[5, 6, 9, 6, 4, 8, 5, 5, 7, 4]","[0, 1, 1, 0, 1, 1, 0, 0, 0, 0]",1
22,0,141,"[3, 2, 3, 4, 3, 4, 3, 5, 7, 6]","[0, 0, 0, 0, 0, 0, 1, 0, 0, 0]",1
22,0,142,"[2, 1, 6, 6, 4, 5, 6, 6, 3, 2]","[0, 0, 0, 0, 0, 1, 1, 0, 0, 0]",1
22,0,143,"[4, 5, 5, 4, 5, 3, 4, 4, 4, 3]","[0, 0, 0, 0, 0, 0, 0, 0, 0, 0]",1
22,0,144,"[7, 8, 7, 7, 5, 9, 7, 7, 8, 7]","[1, 1, 1, 1, 0, 0, 0, 0, 0, 1]",1
22,0,145,"[7, 6, 8, 7, 6, 5, 5, 4, 7, 6]","[0, 0, 1, 1, 0, 0, 0, 0, 0, 0]",1
22,0,146,"[7, 7, 8, 7, 8, 7, 8, 7, 7, 7]","[1, 0, 1, 0, 0, 1, 0, 0, 0, 0]",1
22,0,147,"[5, 5, 6, 5, 4, 6, 4, 5, 5, 5]","[0, 0, 1, 1, 0, 1, 0, 0, 1, 0]",1
22,0,148,"[6, 5, 6, 5, 5, 6, 6, 6, 5, 5]","[0, 1, 1, 0, 0, 0, 0, 0, 0, 0]",1
22,0,149,"[2, 2, 5, 6, 6, 5, 4, 5, 5, 7]","[0, 1, 0, 1, 0, 0, 0, 0, 1, 1]",1
22,0,150,"[4, 4, 6, 4, 4, 4, 5, 4, 2, 4]","[0, 0, 0, 0, 0, 1, 1, 0, 0, 0]",1
22,0,151,"[5, 4, 4, 4, 4, 8, 6, 8, 8, 5]","[0, 0, 0, 0, 0, 0, 0, 0, 0, 0]",1
22,0,152,"[1, 5, 4, 5, 4, 3, 4, 6, 5, 2]","[0, 0, 0, 0, 0, 0, 0, 1, 1, 0]",1
22,0,153,"[5, 5, 6, 5, 6, 5, 6, 5, 6, 6]","[0, 1, 0, 1, 1, 0, 0, 0, 0, 1]",1
22,0,154,"[8, 8, 9, 7, 8, 7, 8, 8, 6, 8]","[0, 1, 1, 1, 0, 0, 1, 0, 1, 0]",1
22,0,155,"[4, 4, 6, 2, 4, 4, 4, 4, 4, 9]","[0, 1, 0, 0, 0, 0, 0, 1, 0, 0]",1
22,0,156,"[4, 3, 2, 4, 3, 2, 3, 4, 3, 2]","[0, 0, 0, 0, 0, 0, 0, 0, 0, 0]",1
22,0,157,"[6, 6, 5, 5, 8, 6, 6, 6, 6, 5]","[1, 0, 0, 0, 1, 0, 0, 0, 0, 0]",1
22,0,158,"[7, 7, 7, 8, 6, 7, 7, 7, 6, 7]","[0, 0, 1, 0, 0, 0, 0, 0, 0, 0]",1
22,0,159,"[8, 7, 7, 7, 7, 7, 7, 7, 7, 7]","[1, 1, 0, 0, 1, 0, 0, 0, 0, 1]",1
22,0,160,"[9, 5, 5, 5, 9, 9, 9, 9, 9, 5]","[0, 0, 0, 0, 0, 1, 1, 0, 0, 0]",1
22,0,161,"[6, 5, 5, 6, 3, 7, 5, 6, 6, 5]","[1, 0, 0, 0, 1, 0, 0, 0, 0, 1]",1
22,0,162,"[8, 8, 9, 8, 8, 8, 9, 6, 9, 3]","[1, 0, 0, 0, 0, 0, 0, 0, 0, 0]",1
22,0,163,"[8, 7, 7, 7, 7, 7, 6, 6, 8, 7]","[0, 0, 0, 1, 0, 1, 1, 0, 1, 0]",1
22,0,164,"[9, 9, 9, 9, 9, 9, 9, 9, 9, 9]","[0, 0, 0, 1, 0, 0, 0, 0, 0, 0]",1
22,0,165,"[6, 4, 3, 7, 5, 6, 5, 6, 6, 5]","[1, 0, 0, 0, 0, 1, 0, 0, 1, 0]",1
22,0,166,"[7, 7, 6, 7, 7, 6, 8, 4, 8, 6]","[0, 0, 0, 0, 0, 0, 0, 0, 0, 0]",1
22,0,167,"[9, 9, 3, 8, 8, 7, 9, 9, 9, 8]","[0, 0, 0, 0, 0, 1, 1, 0, 1, 0]",1
22,0,168,"[6, 7, 8, 5, 7, 8, 5, 5, 6, 8]","[0, 0, 1, 0, 0, 1, 1, 0, 1, 0]",1
22,0,169,"[4, 5, 5, 6, 4, 2, 6, 5, 7, 5]","[1, 0, 0, 0, 0, 0, 0, 0, 0, 0]",1
22,0,170,"[9, 9, 9, 9, 9, 4, 7, 7, 9, 9]","[1, 0, 1, 0, 0, 0, 1, 1, 0, 1]",1
22,0,171,"[3, 6, 2, 9, 6, 3, 4, 9, 9, 6]","[0, 1, 0, 1, 1, 0, 0, 1, 0, 0]",1
22,0,172,"[8, 5, 6, 8, 7, 6, 8, 8, 8, 6]","[1, 0, 0, 1, 1, 0, 0, 1, 1, 1]",1
22,0,173,"[9, 9, 8, 6, 2, 7, 8, 9, 9, 9]","[1, 1, 0, 1, 1, 0, 1, 0, 0, 0]",1
22,0,174,"[6, 3, 6, 5, 6, 7, 6, 6, 6, 7]","[0, 1, 1, 0, 0, 0, 0, 0, 0, 0]",1
22,0,175,"[2, 4, 2, 3, 4, 4, 3, 3, 3, 3]","[1, 0, 0, 0, 0, 0, 0, 0, 0, 0]",1
22,0,176,"[8, 7, 4, 2, 2, 3, 7, 3, 4, 4]","[0, 1, 0, 0, 0, 0, 1, 0, 0, 0]",1
22,0,177,"[9, 7, 8, 9, 1, 9, 3, 5, 3, 9]","[1, 1, 1, 1, 0, 1, 0, 0, 0, 0]",1
22,0,178,"[7, 7, 7, 8, 7, 6, 7, 8, 7, 7]","[0, 0, 0, 0, 1, 0, 0, 0, 0, 0]",1
22,0,179,"[9, 6, 5, 3, 5, 5, 8, 5, 6, 3]","[0, 1, 1, 0, 0, 0, 1, 0, 0, 0]",1
22,0,180,"[4, 4, 3, 6, 5, 4, 6, 4, 4, 4]","[0, 0, 0, 0, 0, 0, 0, 0, 0, 0]",1
22,0,181,"[4, 3, 3, 2, 3, 3, 7, 3, 4, 4]","[0, 0, 0, 0, 0, 0, 0, 0, 0, 0]",1
22,0,182,"[5, 7, 7, 7, 8, 6, 7, 5, 6, 1]","[1, 1, 1, 1, 0, 0, 0, 0, 0, 0]",1
22,0,183,"[8, 3, 8, 5, 8, 4, 7, 8, 7, 8]","[1, 0, 1, 0, 0, 0, 1, 0, 0, 0]",1
22,0,184,"[7, 3, 3, 3, 5, 8, 3, 8, 9, 3]","[1, 0, 0, 0, 1, 0, 0, 0, 0, 0]",1
22,0,185,"[6, 7, 7, 7, 7, 5, 7, 7, 8, 3]","[0, 1, 1, 0, 0, 0, 0, 1, 1, 0]",1
22,0,186,"[8, 9, 6, 9, 9, 9, 6, 4, 2, 4]","[0, 1, 1, 1, 1, 1, 0, 1, 0, 0]",1
22,0,187,"[4, 6, 5, 7, 6, 5, 6, 2, 6, 5]","[0, 0, 0, 0, 0, 0, 0, 0, 0, 0]",1
22,0,188,"[9, 2, 8, 9, 9, 9, 9, 9, 2, 9]","[0, 0, 0, 1, 1, 0, 1, 0, 0, 1]",1
22,0,189,"[4, 5, 5, 5, 5, 5, 5, 7, 6, 6]","[0, 0, 0, 0, 1, 1, 0, 0, 0, 0]",1
22,0,190,"[6, 6, 1, 6, 3, 6, 4, 6, 4, 5]","[0, 0, 0, 0, 0, 1, 0, 0, 0, 0]",1
22,0,191,"[5, 8, 9, 8, 9, 9, 9, 9, 8, 7]","[0, 1, 0, 1, 1, 0, 1, 1, 1, 0]",1
22,0,192,"[9, 2, 9, 9, 9, 9, 9, 9, 1, 9]","[1, 0, 1, 0, 1, 1, 0, 0, 1, 0]",1
22,0,193,"[4, 5, 9, 8, 4, 6, 9, 5, 6, 5]","[0, 0, 1, 0, 0, 0, 1, 0, 0, 0]",1
22,0,194,"[6, 8, 1, 1, 7, 8, 4, 4, 6, 4]","[0, 1, 0, 1, 0, 1, 0, 0, 1, 0]",1
22,0,195,"[1, 2, 2, 4, 3, 4, 2, 2, 5, 5]","[0, 0, 0, 1, 0, 0, 0, 0, 0, 1]",1
22,0,196,"[2, 6, 4, 4, 4, 4, 3, 5, 3, 4]","[0, 0, 0, 0, 0, 0, 0, 0, 0, 1]",1
22,0,197,"[2, 5, 6, 5, 6, 5, 6, 6, 1, 7]","[1, 1, 0, 0, 0, 0, 0, 0, 0, 1]",1
22,0,198,"[5, 5, 5, 5, 3, 4, 4, 6, 7, 3]","[0, 0, 0, 0, 0, 1, 1, 1, 0, 0]",1
22,0,199,"[4, 4, 4, 4, 4, 3, 4, 4, 5, 5]","[1, 0, 0, 0, 0, 0, 0, 0, 1, 0]",1
22,0,200,"[4, 4, 4, 4, 4, 3, 5, 4, 4, 4]","[0, 0, 0, 0, 0, 0, 0, 0, 0, 1]",1
22,0,201,"[8, 9, 6, 9, 5, 8, 9, 5, 5, 9]","[0, 1, 0, 1, 0, 1, 0, 0, 0, 0]",1
22,0,202,"[5, 6, 6, 5, 5, 5, 6, 5, 6, 5]","[0, 0, 0, 0, 0, 0, 0, 0, 0, 0]",1
22,0,203,"[3, 3, 2, 3, 4, 3, 3, 2, 2, 3]","[0, 0, 0, 0, 0, 0, 0, 0, 0, 0]",1
22,0,204,"[8, 8, 6, 8, 8, 8, 7, 8, 5, 7]","[1, 0, 0, 0, 1, 1, 1, 1, 0, 1]",1
22,0,205,"[9, 9, 9, 9, 7, 9, 9, 9, 9, 9]","[0, 1, 1, 0, 0, 0, 0, 1, 1, 1]",1
22,0,206,"[8, 8, 8, 7, 8, 8, 8, 8, 3, 8]","[1, 0, 0, 1, 0, 0, 0, 1, 0, 1]",1
22,0,207,"[3, 2, 3, 3, 1, 2, 3, 3, 2, 4]","[0, 0, 0, 0, 0, 0, 1, 0, 0, 0]",1
22,0,208,"[9, 9, 9, 9, 9, 9, 8, 9, 8, 9]","[0, 0, 1, 1, 0, 1, 0, 1, 1, 0]",1
22,0,209,"[7, 5, 5, 5, 4, 5, 6, 5, 4, 5]","[0, 0, 0, 0, 0, 0, 0, 0, 0, 0]",1
22,1,0,"[2, 2, 7, 8, 6, 8, 3, 4, 2, 4]","[0, 0, 0, 0, 0, 1, 0, 0, 0, 0]",1
22,1,1,"[4, 4, 4, 4, 5, 5, 4, 5, 4, 1]","[0, 0, 0, 0, 0, 0, 1, 0, 1, 0]",1
22,1,2,"[6, 6, 8, 8, 1, 7, 7, 4, 4, 4]","[0, 1, 1, 0, 0, 0, 0, 0, 1, 1]",1
22,1,3,"[4, 6, 5, 5, 7, 4, 5, 2, 5, 4]","[0, 0, 0, 0, 0, 0, 1, 0, 0, 0]",1
22,1,4,"[4, 4, 3, 4, 3, 3, 4, 5, 2, 3]","[1, 1, 0, 1, 0, 0, 0, 0, 1, 1]",1
22,1,5,"[4, 5, 4, 4, 5, 5, 4, 4, 2, 4]","[0, 1, 0, 1, 0, 1, 0, 0, 0, 0]",1
22,1,6,"[3, 3, 3, 5, 4, 1, 3, 3, 5, 3]","[0, 0, 0, 0, 0, 0, 0, 0, 0, 0]",1
22,1,7,"[5, 5, 5, 6, 5, 5, 5, 5, 6, 5]","[0, 0, 0, 0, 0, 0, 0, 0, 1, 0]",1
22,1,8,"[3, 3, 3, 4, 3, 3, 3, 3, 3, 3]","[0, 0, 0, 0, 0, 0, 0, 0, 0, 0]",1
22,1,9,"[2, 3, 3, 3, 2, 2, 4, 4, 4, 2]","[0, 0, 1, 0, 0, 0, 0, 0, 0, 0]",1
22,1,10,"[4, 5, 4, 5, 4, 5, 4, 3, 4, 3]","[1, 1, 0, 0, 0, 0, 0, 0, 0, 0]",1
22,1,11,"[3, 3, 3, 3, 2, 3, 3, 3, 4, 2]","[0, 1, 0, 0, 0, 0, 0, 1, 0, 0]",1
22,1,12,"[4, 4, 4, 4, 4, 4, 4, 3, 3, 4]","[0, 0, 0, 0, 0, 0, 0, 0, 0, 0]",1
22,1,13,"[2, 7, 7, 7, 7, 7, 8, 5, 7, 5]","[1, 0, 0, 0, 0, 0, 0, 0, 0, 0]",1
22,1,14,"[3, 2, 5, 3, 1, 8, 3, 2, 3, 3]","[1, 0, 0, 1, 0, 0, 0, 0, 0, 1]",1
22,1,15,"[3, 4, 4, 4, 4, 4, 4, 3, 3, 7]","[1, 1, 0, 1, 1, 1, 1, 0, 0, 0]",1
22,1,16,"[5, 4, 4, 4, 5, 4, 5, 4, 3, 5]","[0, 0, 0, 1, 0, 0, 0, 0, 0, 0]",1
22,1,17,"[6, 5, 5, 7, 7, 5, 4, 6, 5, 4]","[0, 0, 1, 0, 0, 0, 0, 0, 0, 1]",1
22,1,18,"[6, 2, 4, 2, 2, 2, 2, 2, 2, 5]","[0, 0, 0, 0, 0, 0, 0, 0, 1, 0]",1
22,1,19,"[3, 4, 4, 2, 3, 3, 3, 1, 4, 5]","[0, 0, 0, 0, 0, 1, 0, 0, 0, 0]",1
22,1,20,"[4, 6, 3, 8, 5, 5, 4, 5, 4, 5]","[1, 0, 1, 0, 1, 0, 0, 0, 1, 0]",1
22,1,21,"[3, 6, 4, 5, 4, 7, 6, 7, 4, 4]","[0, 0, 1, 0, 1, 0, 1, 1, 1, 0]",1
22,1,22,"[3, 3, 3, 3, 3, 3, 3, 7, 3, 3]","[0, 1, 0, 0, 0, 0, 0, 0, 0, 0]",1
22,1,23,"[3, 3, 3, 3, 4, 3, 4, 4, 4, 4]","[0, 0, 0, 0, 1, 1, 0, 0, 0, 1]",1
22,1,24,"[4, 5, 5, 5, 5, 5, 4, 3, 5, 3]","[0, 0, 0, 0, 0, 0, 1, 0, 0, 0]",1
22,1,25,"[3, 3, 7, 3, 3, 3, 3, 3, 3, 3]","[0, 0, 0, 0, 0, 0, 0, 0, 0, 0]",1
22,1,26,"[9, 9, 9, 9, 9, 9, 9, 9, 9, 9]","[1, 0, 0, 1, 1, 0, 0, 0, 0, 1]",1
22,1,27,"[4, 4, 4, 4, 4, 4, 4, 4, 4, 3]","[0, 1, 0, 1, 1, 0, 0, 0, 0, 0]",1
22,1,28,"[4, 4, 4, 5, 4, 4, 4, 4, 3, 3]","[0, 0, 0, 1, 0, 0, 0, 0, 0, 1]",1
22,1,29,"[9, 1, 5, 9, 9, 9, 8, 9, 6, 9]","[1, 0, 0, 1, 0, 0, 0, 1, 0, 1]",1
22,1,30,"[9, 6, 5, 7, 6, 7, 6, 1, 6, 6]","[0, 1, 0, 1, 0, 1, 1, 0, 0, 0]",1
22,1,31,"[3, 9, 4, 3, 3, 3, 3, 5, 4, 3]","[0, 0, 0, 0, 0, 0, 0, 1, 0, 0]",1
22,1,32,"[5, 3, 3, 4, 7, 3, 4, 5, 6, 5]","[0, 0, 0, 1, 1, 0, 0, 0, 0, 0]",1
22,1,33,"[3, 3, 4, 7, 3, 3, 3, 4, 3, 8]","[0, 0, 0, 0, 0, 0, 0, 0, 0, 0]",1
22,1,34,"[6, 5, 5, 6, 5, 5, 4, 4, 8, 6]","[0, 0, 1, 0, 0, 0, 1, 0, 1, 1]",1
22,1,35,"[6, 3, 2, 3, 3, 2, 3, 2, 7, 2]","[0, 0, 0, 0, 0, 0, 0, 0, 0, 0]",1
22,1,36,"[3, 6, 7, 6, 5, 7, 5, 5, 5, 8]","[0, 1, 1, 0, 0, 0, 0, 0, 0, 1]",1
22,1,37,"[4, 2, 3, 4, 3, 5, 4, 5, 4, 3]","[0, 0, 1, 0, 0, 0, 0, 0, 1, 0]",1
22,1,38,"[2, 3, 5, 3, 3, 4, 3, 3, 4, 3]","[0, 0, 0, 0, 0, 1, 1, 0, 1, 0]",1
22,1,39,"[1, 1, 3, 1, 1, 1, 1, 3, 1, 1]","[0, 0, 0, 0, 1, 1, 0, 0, 0, 0]",1
22,1,40,"[2, 2, 2, 2, 2, 1, 2, 2, 2, 2]","[0, 0, 0, 0, 0, 0, 0, 0, 0, 0]",1
22,1,41,"[3, 5, 4, 4, 4, 4, 4, 4, 3, 5]","[0, 0, 0, 1, 0, 0, 1, 0, 0, 1]",1
22,1,42,"[4, 3, 3, 3, 3, 3, 4, 3, 3, 4]","[0, 0, 0, 0, 0, 1, 0, 0, 0, 0]",1
22,1,43,"[3, 3, 3, 3, 4, 3, 3, 1, 4, 3]","[0, 1, 1, 0, 0, 0, 0, 0, 0, 0]",1
22,1,44,"[6, 5, 4, 4, 4, 3, 2, 4, 4, 4]","[0, 0, 0, 1, 0, 0, 1, 0, 0, 0]",1
22,1,45,"[8, 3, 3, 5, 3, 7, 6, 6, 4, 3]","[1, 0, 0, 1, 0, 1, 0, 1, 0, 0]",1
22,1,46,"[3, 2, 3, 3, 2, 3, 3, 3, 3, 3]","[0, 0, 0, 0, 0, 0, 0, 0, 0, 1]",1
22,1,47,"[5, 4, 4, 5, 4, 4, 4, 5, 8, 4]","[0, 0, 0, 0, 0, 0, 0, 0, 1, 0]",1
22,1,48,"[4, 4, 4, 1, 4, 4, 5, 4, 4, 3]","[0, 0, 0, 0, 1, 0, 1, 0, 0, 0]",1
22,1,49,"[4, 7, 5, 6, 4, 4, 4, 3, 5, 3]","[0, 1, 0, 1, 0, 0, 0, 0, 0, 0]",1
22,1,50,"[4, 4, 4, 3, 4, 4, 4, 4, 6, 6]","[0, 0, 0, 1, 0, 0, 0, 1, 0, 0]",1
22,1,51,"[3, 3, 5, 3, 4, 2, 3, 3, 3, 3]","[0, 0, 0, 0, 0, 0, 1, 0, 1, 0]",1
22,1,52,"[4, 2, 5, 3, 3, 3, 2, 3, 4, 3]","[1, 1, 0, 0, 0, 0, 0, 0, 1, 0]",1
22,1,53,"[2, 4, 3, 2, 3, 3, 4, 3, 3, 3]","[0, 1, 0, 0, 0, 0, 0, 1, 0, 0]",1
22,1,54,"[3, 1, 2, 1, 2, 2, 2, 3, 2, 3]","[0, 0, 0, 0, 0, 0, 0, 0, 1, 0]",1
22,1,55,"[5, 4, 4, 4, 4, 2, 8, 9, 5, 3]","[0, 0, 0, 0, 0, 0, 1, 1, 0, 0]",1
22,1,56,"[8, 3, 7, 2, 4, 3, 3, 2, 3, 4]","[0, 0, 0, 0, 0, 0, 0, 0, 0, 1]",1
22,1,57,"[4, 4, 4, 4, 3, 2, 5, 5, 3, 3]","[0, 0, 0, 0, 1, 0, 0, 1, 1, 0]",1
22,1,58,"[1, 4, 3, 1, 4, 3, 3, 4, 6, 4]","[0, 0, 0, 0, 0, 0, 1, 0, 0, 0]",1
22,1,59,"[7, 8, 5, 5, 5, 1, 5, 6, 3, 3]","[0, 0, 0, 0, 0, 0, 0, 1, 0, 0]",1
22,1,60,"[4, 2, 6, 4, 3, 4, 2, 2, 3, 3]","[0, 0, 0, 0, 0, 0, 0, 0, 1, 0]",1
22,1,61,"[4, 3, 4, 4, 3, 4, 5, 3, 4, 4]","[0, 1, 1, 0, 0, 0, 1, 0, 0, 0]",1
22,1,62,"[9, 9, 9, 9, 9, 9, 9, 8, 3, 9]","[0, 1, 0, 1, 0, 1, 0, 1, 0, 0]",1
22,1,63,"[2, 6, 2, 6, 6, 6, 5, 7, 6, 3]","[0, 0, 0, 1, 0, 1, 0, 1, 0, 0]",1
22,1,64,"[4, 3, 3, 3, 2, 4, 3, 4, 3, 2]","[0, 0, 1, 0, 0, 1, 0, 0, 0, 0]",1
22,1,65,"[4, 4, 8, 8, 4, 3, 2, 2, 3, 3]","[0, 0, 0, 0, 1, 0, 0, 0, 0, 0]",1
22,1,66,"[4, 2, 4, 4, 3, 3, 5, 4, 5, 3]","[0, 0, 0, 0, 0, 0, 0, 0, 0, 0]",1
22,1,67,"[2, 3, 1, 1, 4, 3, 5, 4, 1, 3]","[0, 0, 0, 0, 0, 1, 1, 0, 0, 1]",1
22,1,68,"[4, 4, 3, 3, 4, 5, 6, 4, 4, 4]","[0, 1, 0, 0, 1, 0, 0, 0, 0, 0]",1
22,1,69,"[6, 6, 5, 4, 3, 3, 6, 5, 3, 4]","[0, 0, 1, 0, 0, 1, 1, 1, 1, 0]",1
22,1,70,"[5, 5, 5, 5, 5, 4, 5, 6, 6, 5]","[1, 1, 1, 0, 0, 0, 0, 0, 0, 0]",1
22,1,71,"[4, 5, 3, 3, 2, 4, 3, 3, 3, 3]","[1, 0, 0, 0, 0, 0, 0, 0, 0, 0]",1
22,1,72,"[4, 4, 4, 4, 4, 3, 4, 4, 3, 4]","[0, 0, 0, 0, 0, 0, 0, 0, 0, 0]",1
22,1,73,"[1, 4, 1, 1, 1, 4, 5, 1, 6, 4]","[0, 0, 0, 0, 0, 0, 1, 1, 0, 1]",1
22,1,74,"[4, 4, 2, 2, 1, 2, 1, 5, 3, 2]","[0, 0, 1, 0, 0, 0, 0, 1, 0, 0]",1
22,1,75,"[3, 3, 3, 2, 3, 2, 2, 3, 3, 3]","[0, 1, 0, 0, 0, 0, 0, 0, 0, 0]",1
22,1,76,"[2, 4, 4, 3, 3, 2, 5, 6, 3, 5]","[0, 0, 0, 0, 0, 0, 0, 0, 0, 0]",1
22,1,77,"[4, 4, 4, 4, 4, 4, 4, 4, 5, 4]","[0, 0, 0, 1, 0, 0, 0, 0, 0, 0]",1
22,1,78,"[4, 6, 5, 4, 1, 4, 3, 4, 4, 7]","[0, 1, 0, 0, 0, 0, 0, 0, 0, 0]",1
22,1,79,"[5, 8, 1, 8, 9, 8, 8, 6, 9, 6]","[0, 1, 1, 1, 1, 0, 1, 0, 1, 0]",1
22,1,80,"[8, 8, 7, 8, 7, 8, 8, 8, 5, 8]","[0, 1, 0, 1, 0, 1, 1, 1, 0, 1]",1
22,1,81,"[4, 5, 3, 4, 8, 4, 4, 2, 5, 2]","[0, 0, 0, 0, 0, 0, 1, 0, 0, 0]",1
22,1,82,"[4, 8, 4, 4, 4, 4, 4, 7, 2, 5]","[0, 0, 0, 0, 0, 0, 0, 0, 0, 0]",1
22,1,83,"[6, 1, 4, 6, 5, 6, 7, 7, 7, 6]","[1, 0, 0, 0, 0, 1, 1, 1, 0, 0]",1
22,1,84,"[1, 1, 1, 1, 3, 1, 1, 1, 1, 1]","[0, 0, 0, 0, 0, 0, 0, 0, 0, 1]",1
22,1,85,"[6, 6, 6, 7, 6, 6, 6, 6, 6, 6]","[0, 0, 0, 1, 0, 1, 0, 0, 1, 0]",1
22,1,86,"[5, 6, 6, 6, 6, 6, 6, 6, 6, 6]","[0, 1, 0, 0, 0, 0, 0, 1, 0, 0]",1
22,1,87,"[7, 5, 2, 5, 2, 2, 5, 4, 5, 4]","[0, 0, 0, 0, 0, 0, 1, 0, 0, 0]",1
22,1,88,"[3, 4, 1, 2, 4, 3, 3, 2, 2, 3]","[0, 0, 0, 0, 0, 0, 0, 0, 0, 0]",1
22,1,89,"[5, 5, 5, 5, 5, 5, 5, 6, 6, 5]","[0, 1, 0, 1, 1, 0, 1, 0, 0, 1]",1
22,1,90,"[6, 6, 5, 6, 6, 4, 7, 7, 5, 5]","[0, 0, 0, 0, 0, 0, 0, 1, 0, 0]",1
22,1,91,"[3, 4, 8, 3, 3, 6, 3, 3, 8, 3]","[0, 0, 0, 0, 0, 0, 0, 0, 1, 0]",1
22,1,92,"[4, 4, 4, 2, 4, 8, 4, 4, 4, 4]","[0, 0, 1, 0, 0, 0, 0, 0, 1, 0]",1
22,1,93,"[2, 4, 5, 3, 1, 2, 3, 7, 1, 4]","[0, 0, 1, 0, 0, 0, 0, 0, 0, 0]",1
22,1,94,"[4, 3, 4, 6, 3, 4, 4, 4, 4, 9]","[0, 1, 1, 1, 0, 1, 0, 0, 0, 1]",1
22,1,95,"[3, 3, 4, 7, 3, 3, 3, 3, 3, 3]","[1, 0, 1, 0, 0, 0, 0, 1, 0, 0]",1
22,1,96,"[7, 1, 7, 6, 6, 7, 3, 7, 8, 5]","[0, 0, 0, 0, 1, 1, 0, 0, 0, 0]",1
22,1,97,"[1, 3, 2, 3, 2, 5, 2, 3, 1, 2]","[0, 0, 0, 0, 0, 0, 0, 0, 0, 0]",1
22,1,98,"[9, 7, 7, 3, 9, 9, 9, 7, 3, 3]","[0, 0, 0, 0, 1, 0, 1, 0, 1, 0]",1
22,1,99,"[2, 3, 2, 3, 3, 4, 3, 3, 3, 2]","[0, 0, 0, 1, 0, 0, 0, 0, 0, 0]",1
22,1,100,"[3, 2, 3, 4, 2, 3, 2, 2, 3, 1]","[0, 0, 0, 1, 0, 0, 0, 0, 0, 0]",1
22,1,101,"[4, 9, 3, 4, 6, 2, 4, 5, 2, 5]","[1, 1, 0, 0, 0, 0, 0, 0, 1, 0]",1
22,1,102,"[1, 4, 1, 2, 4, 3, 1, 5, 1, 4]","[0, 0, 0, 0, 1, 0, 0, 1, 0, 0]",1
22,1,103,"[4, 3, 3, 3, 4, 3, 2, 3, 3, 3]","[0, 0, 0, 0, 0, 0, 0, 0, 0, 0]",1
22,1,104,"[8, 9, 3, 7, 9, 5, 8, 8, 9, 4]","[1, 1, 1, 0, 1, 0, 1, 1, 1, 0]",1
22,1,105,"[4, 5, 5, 5, 5, 5, 4, 7, 4, 3]","[1, 0, 1, 0, 0, 0, 0, 0, 0, 0]",1
22,1,106,"[3, 3, 3, 6, 3, 4, 2, 3, 4, 3]","[1, 0, 0, 0, 0, 1, 0, 0, 0, 0]",1
22,1,107,"[2, 2, 2, 2, 6, 4, 3, 2, 7, 3]","[0, 0, 0, 0, 1, 0, 0, 0, 0, 0]",1
22,1,108,"[3, 7, 5, 4, 4, 5, 6, 5, 3, 4]","[1, 1, 1, 1, 1, 0, 0, 0, 0, 0]",1
22,1,109,"[5, 4, 4, 4, 6, 4, 4, 8, 4, 7]","[0, 0, 0, 0, 0, 1, 0, 0, 1, 0]",1
22,1,110,"[7, 3, 4, 2, 4, 5, 8, 4, 6, 3]","[0, 0, 0, 0, 0, 0, 0, 0, 0, 0]",1
22,1,111,"[7, 4, 5, 8, 6, 4, 7, 5, 4, 4]","[0, 0, 0, 1, 1, 0, 1, 0, 0, 0]",1
22,1,112,"[6, 6, 7, 5, 6, 6, 6, 5, 6, 7]","[0, 0, 1, 0, 0, 0, 1, 1, 0, 1]",1
22,1,113,"[5, 7, 3, 4, 4, 2, 6, 6, 4, 4]","[0, 1, 0, 0, 0, 1, 0, 1, 0, 0]",1
22,1,114,"[3, 3, 4, 4, 4, 2, 8, 3, 2, 4]","[0, 0, 0, 0, 0, 0, 1, 0, 0, 0]",1
22,1,115,"[5, 5, 5, 6, 5, 5, 5, 6, 5, 5]","[0, 1, 0, 0, 0, 0, 1, 1, 0, 0]",1
22,1,116,"[5, 4, 5, 5, 6, 5, 5, 1, 6, 4]","[0, 0, 0, 1, 1, 0, 0, 0, 0, 0]",1
22,1,117,"[3, 3, 3, 2, 3, 3, 3, 4, 3, 2]","[0, 0, 0, 0, 0, 0, 0, 0, 0, 0]",1
22,1,118,"[6, 6, 6, 6, 5, 7, 5, 5, 5, 7]","[1, 1, 0, 0, 0, 0, 0, 1, 1, 1]",1
22,1,119,"[5, 5, 4, 5, 4, 9, 4, 5, 5, 5]","[0, 0, 0, 0, 1, 0, 0, 1, 0, 0]",1
22,1,120,"[5, 3, 5, 6, 3, 5, 3, 6, 6, 7]","[0, 1, 0, 1, 1, 1, 0, 0, 0, 1]",1
22,1,121,"[3, 3, 3, 3, 3, 4, 7, 3, 3, 1]","[0, 0, 1, 0, 0, 0, 0, 0, 0, 1]",1
22,1,122,"[4, 4, 4, 4, 3, 4, 5, 4, 4, 4]","[0, 0, 0, 0, 0, 0, 0, 0, 0, 0]",1
22,1,123,"[4, 3, 3, 4, 3, 3, 4, 4, 6, 2]","[1, 0, 0, 0, 0, 0, 0, 0, 0, 0]",1
22,1,124,"[3, 6, 2, 4, 3, 2, 5, 5, 4, 8]","[0, 0, 0, 1, 1, 0, 1, 0, 1, 1]",1
22,1,125,"[3, 3, 3, 3, 3, 3, 2, 4, 3, 3]","[0, 0, 0, 0, 0, 0, 1, 1, 0, 0]",1
22,1,126,"[3, 3, 3, 3, 4, 5, 2, 3, 3, 3]","[0, 0, 0, 0, 0, 0, 0, 0, 1, 0]",1
22,1,127,"[5, 5, 7, 4, 3, 2, 4, 3, 5, 3]","[0, 1, 0, 0, 0, 1, 0, 0, 0, 0]",1
22,1,128,"[7, 6, 2, 6, 3, 5, 5, 8, 6, 7]","[1, 0, 0, 1, 1, 1, 1, 1, 1, 0]",1
22,1,129,"[2, 4, 3, 3, 4, 3, 5, 5, 4, 3]","[0, 0, 1, 0, 1, 0, 1, 0, 1, 0]",1
22,1,130,"[5, 5, 8, 8, 7, 5, 5, 5, 5, 5]","[0, 0, 0, 0, 1, 1, 1, 0, 0, 0]",1
22,1,131,"[1, 7, 1, 1, 2, 8, 7, 7, 5, 1]","[0, 1, 0, 1, 1, 0, 0, 0, 1, 1]",1
22,1,132,"[3, 3, 7, 6, 2, 4, 5, 1, 4, 4]","[1, 0, 0, 0, 0, 0, 1, 0, 0, 0]",1
22,1,133,"[3, 4, 9, 9, 8, 9, 5, 6, 7, 2]","[0, 0, 0, 1, 0, 0, 0, 0, 0, 0]",1
22,1,134,"[5, 5, 5, 4, 4, 5, 5, 5, 4, 5]","[1, 0, 0, 0, 0, 0, 0, 0, 0, 0]",1
22,1,135,"[3, 5, 3, 4, 3, 4, 4, 6, 6, 4]","[0, 0, 0, 0, 0, 0, 0, 0, 0, 0]",1
22,1,136,"[5, 6, 5, 6, 5, 7, 4, 6, 4, 4]","[0, 0, 0, 0, 0, 0, 1, 0, 0, 1]",1
22,1,137,"[4, 8, 3, 3, 5, 7, 2, 3, 3, 4]","[0, 0, 0, 1, 0, 0, 0, 1, 0, 0]",1
22,1,138,"[3, 1, 2, 3, 3, 3, 4, 3, 3, 3]","[1, 0, 1, 1, 0, 1, 1, 0, 0, 0]",1
22,1,139,"[4, 3, 7, 3, 3, 4, 4, 3, 3, 9]","[0, 1, 0, 0, 0, 0, 0, 0, 0, 0]",1
22,1,140,"[1, 6, 6, 6, 7, 6, 5, 6, 6, 7]","[1, 0, 0, 0, 1, 0, 1, 1, 0, 0]",1
22,1,141,"[4, 5, 1, 2, 7, 2, 2, 6, 6, 5]","[0, 1, 0, 0, 1, 0, 0, 0, 1, 0]",1
22,1,142,"[6, 5, 6, 6, 4, 6, 2, 3, 5, 6]","[0, 0, 0, 1, 0, 0, 0, 0, 0, 0]",1
22,1,143,"[4, 3, 3, 3, 4, 3, 3, 9, 3, 3]","[0, 0, 0, 0, 0, 0, 0, 0, 0, 0]",1
22,1,144,"[6, 8, 7, 6, 5, 5, 4, 7, 6, 7]","[0, 0, 0, 1, 1, 0, 0, 0, 0, 1]",1
22,1,145,"[5, 4, 5, 5, 5, 5, 5, 5, 6, 5]","[1, 0, 0, 0, 0, 0, 1, 0, 0, 1]",1
22,1,146,"[7, 6, 6, 6, 7, 6, 6, 5, 6, 6]","[0, 1, 1, 0, 1, 1, 0, 0, 0, 0]",1
22,1,147,"[5, 5, 5, 5, 5, 3, 6, 2, 6, 5]","[0, 0, 0, 0, 1, 1, 0, 0, 0, 1]",1
22,1,148,"[5, 4, 6, 5, 5, 5, 6, 4, 5, 5]","[0, 0, 1, 0, 0, 0, 1, 0, 1, 0]",1
22,1,149,"[4, 3, 2, 6, 6, 3, 5, 4, 2, 4]","[0, 0, 0, 1, 1, 0, 0, 1, 0, 0]",1
22,1,150,"[5, 3, 6, 2, 3, 4, 3, 5, 2, 3]","[0, 0, 0, 0, 0, 0, 0, 0, 0, 0]",1
22,1,151,"[3, 1, 2, 3, 3, 4, 3, 9, 3, 3]","[0, 0, 0, 0, 0, 0, 0, 0, 0, 0]",1
22,1,152,"[4, 3, 3, 3, 3, 2, 3, 4, 4, 3]","[1, 0, 0, 1, 0, 0, 1, 0, 0, 0]",1
22,1,153,"[2, 2, 5, 2, 2, 4, 8, 2, 5, 3]","[0, 0, 0, 0, 0, 1, 1, 0, 0, 0]",1
22,1,154,"[6, 5, 5, 5, 5, 6, 4, 6, 6, 4]","[1, 1, 0, 0, 0, 0, 0, 1, 0, 0]",1
22,1,155,"[5, 1, 4, 4, 1, 5, 5, 4, 4, 3]","[0, 0, 0, 0, 0, 1, 0, 0, 0, 0]",1
22,1,156,"[4, 6, 4, 4, 5, 4, 4, 4, 4, 4]","[0, 0, 1, 0, 1, 0, 1, 0, 1, 0]",1
22,1,157,"[5, 4, 4, 4, 4, 4, 4, 5, 4, 4]","[0, 0, 0, 1, 0, 0, 0, 0, 0, 0]",1
22,1,158,"[9, 9, 3, 2, 3, 3, 5, 2, 2, 9]","[0, 1, 0, 0, 0, 0, 0, 0, 0, 1]",1
22,1,159,"[4, 5, 5, 5, 5, 5, 5, 5, 5, 5]","[0, 1, 1, 1, 0, 0, 0, 0, 1, 0]",1
22,1,160,"[7, 3, 4, 4, 5, 4, 5, 7, 4, 4]","[1, 0, 0, 0, 0, 0, 1, 1, 0, 1]",1
22,1,161,"[5, 5, 5, 4, 5, 5, 5, 2, 5, 4]","[0, 0, 0, 1, 0, 0, 0, 0, 1, 1]",1
22,1,162,"[7, 9, 4, 4, 6, 6, 3, 9, 7, 3]","[0, 1, 0, 1, 0, 0, 0, 0, 0, 1]",1
22,1,163,"[5, 5, 2, 5, 5, 6, 6, 5, 5, 4]","[0, 1, 0, 0, 0, 1, 1, 1, 0, 0]",1
22,1,164,"[9, 9, 9, 9, 9, 9, 9, 9, 9, 9]","[1, 0, 1, 1, 0, 0, 0, 0, 0, 1]",1
22,1,165,"[3, 9, 4, 2, 3, 4, 4, 3, 4, 4]","[0, 0, 0, 0, 1, 0, 0, 0, 0, 0]",1
22,1,166,"[4, 7, 3, 3, 4, 2, 2, 4, 2, 4]","[1, 1, 1, 1, 0, 1, 1, 1, 0, 0]",1
22,1,167,"[9, 9, 9, 9, 9, 9, 9, 9, 9, 9]","[1, 0, 1, 1, 1, 1, 1, 1, 1, 0]",1
22,1,168,"[7, 3, 4, 5, 6, 3, 4, 4, 8, 7]","[0, 0, 0, 0, 0, 0, 0, 0, 0, 1]",1
22,1,169,"[6, 7, 5, 6, 6, 6, 6, 6, 4, 8]","[0, 1, 0, 0, 1, 1, 0, 1, 0, 0]",1
22,1,170,"[5, 4, 3, 5, 3, 3, 5, 3, 8, 3]","[0, 0, 0, 0, 0, 0, 1, 0, 0, 1]",1
22,1,171,"[7, 4, 8, 5, 4, 5, 6, 7, 4, 7]","[0, 1, 1, 1, 0, 0, 1, 1, 1, 1]",1
22,1,172,"[3, 3, 8, 4, 4, 4, 6, 3, 3, 6]","[0, 0, 0, 1, 0, 0, 0, 0, 0, 1]",1
22,1,173,"[3, 6, 6, 5, 2, 7, 7, 4, 4, 5]","[0, 1, 1, 0, 0, 1, 1, 0, 1, 1]",1
22,1,174,"[6, 5, 4, 5, 5, 5, 4, 4, 6, 5]","[1, 0, 1, 0, 0, 0, 0, 1, 1, 0]",1
22,1,175,"[3, 5, 2, 2, 3, 2, 1, 2, 2, 3]","[1, 0, 0, 0, 0, 0, 0, 0, 0, 0]",1
22,1,176,"[9, 2, 1, 8, 3, 7, 4, 1, 9, 5]","[1, 0, 0, 0, 0, 0, 0, 0, 1, 0]",1
22,1,177,"[5, 5, 5, 5, 4, 4, 4, 5, 5, 7]","[1, 0, 1, 0, 1, 1, 0, 0, 0, 0]",1
22,1,178,"[4, 4, 4, 4, 4, 5, 1, 6, 4, 2]","[0, 0, 0, 1, 0, 0, 0, 0, 1, 0]",1
22,1,179,"[4, 3, 6, 5, 4, 3, 8, 3, 5, 3]","[1, 0, 0, 0, 0, 0, 1, 0, 0, 1]",1
22,1,180,"[4, 3, 3, 3, 3, 3, 3, 3, 3, 7]","[1, 1, 0, 0, 1, 0, 0, 0, 1, 1]",1
22,1,181,"[3, 2, 5, 8, 5, 4, 3, 4, 4, 6]","[0, 0, 1, 1, 1, 0, 0, 0, 0, 1]",1
22,1,182,"[6, 6, 2, 7, 7, 6, 7, 6, 6, 7]","[1, 1, 0, 1, 0, 1, 1, 0, 1, 1]",1
22,1,183,"[8, 5, 4, 3, 4, 4, 4, 9, 7, 3]","[1, 0, 0, 0, 1, 0, 0, 1, 1, 1]",1
22,1,184,"[3, 4, 4, 4, 4, 3, 5, 3, 4, 6]","[0, 0, 0, 0, 0, 0, 0, 0, 0, 0]",1
22,1,185,"[6, 6, 6, 4, 2, 7, 6, 7, 6, 6]","[1, 0, 0, 1, 0, 0, 1, 1, 0, 1]",1
22,1,186,"[5, 6, 5, 4, 4, 5, 6, 6, 4, 7]","[0, 1, 1, 0, 0, 0, 0, 0, 0, 0]",1
22,1,187,"[3, 3, 6, 5, 6, 5, 5, 5, 6, 6]","[1, 0, 0, 1, 0, 0, 0, 1, 1, 0]",1
22,1,188,"[3, 7, 5, 4, 3, 2, 2, 4, 2, 4]","[1, 0, 0, 0, 0, 0, 0, 0, 0, 0]",1
22,1,189,"[2, 3, 4, 3, 3, 3, 3, 8, 3, 3]","[0, 0, 0, 0, 0, 0, 0, 1, 0, 0]",1
22,1,190,"[2, 7, 2, 4, 1, 6, 3, 5, 3, 1]","[0, 0, 0, 0, 0, 1, 0, 0, 1, 0]",1
22,1,191,"[6, 6, 7, 6, 6, 6, 6, 6, 5, 7]","[0, 0, 0, 0, 0, 0, 0, 1, 0, 1]",1
22,1,192,"[4, 4, 4, 4, 5, 4, 4, 4, 4, 4]","[0, 0, 0, 0, 0, 1, 0, 0, 1, 0]",1
22,1,193,"[4, 3, 5, 5, 3, 5, 2, 2, 3, 3]","[1, 0, 0, 0, 0, 0, 1, 0, 0, 0]",1
22,1,194,"[6, 4, 4, 4, 5, 6, 6, 4, 6, 4]","[0, 0, 0, 0, 0, 1, 1, 0, 0, 0]",1
22,1,195,"[1, 1, 4, 1, 4, 4, 1, 1, 1, 1]","[0, 0, 0, 0, 0, 0, 0, 0, 0, 0]",1
22,1,196,"[3, 3, 2, 3, 9, 3, 3, 3, 2, 2]","[0, 0, 0, 0, 0, 0, 0, 0, 0, 0]",1
22,1,197,"[6, 5, 4, 6, 6, 5, 6, 6, 6, 5]","[0, 0, 1, 1, 0, 0, 1, 1, 0, 0]",1
22,1,198,"[9, 7, 3, 6, 2, 4, 4, 4, 4, 2]","[0, 0, 1, 0, 0, 0, 0, 0, 0, 1]",1
22,1,199,"[3, 2, 2, 2, 2, 2, 2, 2, 2, 2]","[0, 0, 0, 0, 0, 0, 0, 0, 0, 0]",1
22,1,200,"[2, 2, 2, 2, 1, 2, 2, 2, 1, 4]","[0, 0, 0, 0, 0, 0, 0, 0, 0, 0]",1
22,1,201,"[4, 4, 4, 3, 4, 7, 3, 4, 8, 3]","[0, 0, 0, 0, 0, 0, 0, 1, 0, 0]",1
22,1,202,"[5, 4, 5, 3, 3, 4, 4, 4, 5, 5]","[0, 0, 1, 0, 1, 1, 0, 0, 1, 0]",1
22,1,203,"[5, 2, 4, 3, 3, 5, 3, 4, 3, 4]","[1, 0, 0, 0, 0, 1, 1, 0, 0, 0]",1
22,1,204,"[3, 2, 2, 2, 2, 3, 2, 2, 2, 2]","[0, 0, 0, 0, 0, 0, 0, 0, 0, 0]",1
22,1,205,"[9, 9, 8, 9, 9, 8, 9, 8, 9, 9]","[1, 0, 1, 1, 1, 1, 1, 1, 1, 1]",1
22,1,206,"[2, 2, 4, 1, 2, 4, 2, 2, 2, 9]","[0, 0, 0, 0, 0, 0, 0, 0, 0, 1]",1
22,1,207,"[2, 2, 2, 2, 2, 2, 2, 3, 3, 2]","[0, 0, 0, 0, 0, 0, 0, 0, 0, 0]",1
22,1,208,"[6, 4, 5, 5, 4, 4, 5, 2, 5, 5]","[1, 1, 0, 0, 0, 1, 1, 0, 1, 0]",1
22,1,209,"[3, 3, 3, 3, 3, 3, 3, 3, 2, 6]","[0, 1, 0, 0, 0, 1, 0, 0, 0, 1]",1
23,0,0,"[3, 6, 3, 9, 4, 7, 8, 6, 2, 3]","[0, 0, 0, 0, 0, 0, 0, 0, 0, 0]",1
23,0,1,"[3, 6, 6, 6, 7, 6, 6, 6, 7, 6]","[1, 0, 1, 0, 1, 0, 0, 0, 1, 1]",1
23,0,2,"[5, 4, 8, 3, 8, 3, 2, 2, 5, 5]","[0, 1, 0, 0, 0, 0, 0, 1, 0, 0]",1
23,0,3,"[6, 6, 7, 5, 6, 4, 7, 6, 4, 6]","[0, 0, 0, 0, 0, 0, 0, 1, 0, 0]",1
23,0,4,"[3, 4, 2, 4, 6, 2, 4, 3, 3, 2]","[0, 0, 0, 0, 0, 0, 0, 0, 0, 0]",1
23,0,5,"[6, 5, 4, 5, 7, 5, 5, 5, 6, 6]","[0, 0, 0, 0, 0, 0, 0, 0, 0, 0]",1
23,0,6,"[5, 5, 5, 5, 5, 4, 5, 6, 6, 4]","[0, 0, 1, 1, 0, 0, 1, 0, 0, 0]",1
23,0,7,"[8, 6, 7, 7, 5, 6, 3, 7, 7, 1]","[0, 0, 0, 0, 0, 0, 0, 0, 0, 0]",1
23,0,8,"[4, 3, 4, 4, 3, 4, 6, 4, 4, 4]","[0, 0, 0, 0, 0, 0, 1, 0, 0, 0]",1
23,0,9,"[5, 8, 5, 4, 4, 5, 4, 7, 6, 4]","[0, 0, 1, 0, 0, 1, 1, 1, 0, 0]",1
23,0,10,"[5, 5, 4, 4, 5, 5, 5, 4, 6, 6]","[0, 0, 0, 0, 0, 0, 0, 0, 0, 0]",1
23,0,11,"[5, 6, 6, 5, 5, 7, 5, 5, 5, 5]","[0, 0, 1, 0, 1, 1, 0, 0, 0, 0]",1
23,0,12,"[7, 6, 7, 6, 7, 6, 7, 6, 7, 6]","[0, 0, 0, 0, 1, 0, 0, 0, 1, 0]",1
23,0,13,"[4, 4, 4, 6, 4, 4, 5, 4, 5, 7]","[0, 0, 0, 1, 0, 0, 0, 0, 0, 0]",1
23,0,14,"[5, 6, 5, 5, 7, 5, 5, 5, 5, 6]","[1, 0, 0, 0, 0, 0, 1, 0, 1, 0]",1
23,0,15,"[4, 4, 5, 4, 4, 4, 5, 6, 3, 4]","[0, 0, 0, 0, 0, 0, 0, 0, 1, 1]",1
23,0,16,"[8, 7, 6, 8, 5, 5, 8, 7, 4, 4]","[0, 0, 0, 0, 0, 1, 0, 0, 0, 0]",1
23,0,17,"[7, 5, 4, 5, 5, 7, 7, 7, 7, 7]","[1, 1, 1, 0, 0, 1, 0, 0, 0, 1]",1
23,0,18,"[5, 4, 4, 4, 1, 4, 9, 7, 4, 4]","[0, 0, 1, 0, 0, 0, 1, 1, 0, 0]",1
23,0,19,"[6, 3, 2, 4, 4, 3, 3, 3, 2, 2]","[0, 0, 0, 0, 0, 0, 0, 0, 0, 0]",1
23,0,20,"[6, 5, 6, 4, 3, 7, 5, 4, 5, 7]","[0, 0, 0, 0, 0, 0, 0, 0, 0, 1]",1
23,0,21,"[9, 1, 2, 9, 7, 5, 4, 5, 2, 9]","[0, 0, 0, 0, 0, 0, 0, 0, 0, 0]",1
23,0,22,"[4, 4, 4, 6, 5, 4, 4, 4, 3, 4]","[0, 1, 0, 0, 0, 0, 0, 0, 0, 0]",1
23,0,23,"[5, 4, 9, 5, 3, 4, 4, 4, 2, 5]","[0, 0, 0, 0, 0, 0, 0, 1, 0, 0]",1
23,0,24,"[2, 6, 7, 4, 5, 5, 3, 3, 4, 5]","[0, 0, 0, 0, 0, 1, 0, 0, 0, 0]",1
23,0,25,"[6, 6, 6, 6, 5, 6, 7, 6, 6, 5]","[0, 0, 0, 0, 0, 0, 0, 1, 0, 0]",1
23,0,26,"[5, 9, 9, 5, 9, 9, 9, 9, 9, 9]","[1, 0, 0, 0, 0, 0, 0, 0, 0, 0]",1
23,0,27,"[6, 6, 7, 6, 6, 6, 6, 6, 6, 6]","[1, 0, 1, 1, 0, 1, 0, 0, 0, 0]",1
23,0,28,"[5, 6, 5, 4, 6, 4, 6, 5, 5, 5]","[0, 0, 1, 0, 0, 0, 0, 1, 0, 1]",1
23,0,29,"[9, 9, 9, 9, 9, 9, 9, 9, 9, 9]","[1, 1, 1, 0, 0, 1, 0, 0, 1, 0]",1
23,0,30,"[6, 6, 7, 7, 7, 7, 7, 7, 8, 7]","[0, 1, 0, 0, 0, 1, 0, 0, 0, 0]",1
23,0,31,"[4, 8, 8, 6, 6, 6, 7, 6, 1, 6]","[0, 0, 1, 0, 0, 1, 0, 1, 0, 0]",1
23,0,32,"[5, 5, 4, 5, 5, 6, 5, 3, 6, 3]","[0, 1, 0, 0, 1, 0, 0, 1, 0, 0]",1
23,0,33,"[4, 2, 3, 3, 3, 3, 2, 3, 3, 3]","[0, 0, 0, 0, 0, 0, 0, 1, 0, 0]",1
23,0,34,"[7, 8, 7, 7, 3, 5, 5, 8, 7, 6]","[0, 0, 0, 0, 0, 0, 0, 0, 0, 0]",1
23,0,35,"[5, 4, 4, 4, 4, 5, 2, 4, 4, 3]","[0, 0, 1, 0, 0, 0, 0, 0, 0, 1]",1
23,0,36,"[4, 8, 9, 6, 9, 7, 8, 9, 8, 4]","[0, 0, 0, 0, 1, 0, 0, 0, 0, 0]",1
23,0,37,"[4, 6, 5, 4, 7, 4, 4, 5, 6, 5]","[0, 1, 0, 1, 0, 0, 1, 0, 0, 0]",1
23,0,38,"[8, 6, 6, 5, 5, 5, 5, 7, 4, 5]","[1, 0, 0, 0, 0, 0, 0, 0, 1, 0]",1
23,0,39,"[1, 1, 1, 1, 3, 3, 1, 1, 1, 1]","[0, 1, 0, 0, 0, 0, 1, 0, 0, 0]",1
23,0,40,"[2, 1, 2, 2, 2, 3, 2, 6, 2, 2]","[0, 0, 0, 0, 0, 0, 0, 0, 0, 0]",1
23,0,41,"[8, 4, 4, 4, 4, 5, 4, 4, 7, 5]","[1, 0, 0, 1, 0, 1, 0, 0, 0, 0]",1
23,0,42,"[3, 2, 2, 1, 3, 4, 3, 4, 3, 3]","[0, 0, 0, 1, 0, 0, 0, 0, 0, 0]",1
23,0,43,"[4, 2, 8, 8, 8, 2, 8, 5, 4, 8]","[0, 0, 0, 0, 0, 1, 0, 0, 0, 1]",1
23,0,44,"[9, 4, 4, 5, 6, 4, 6, 4, 3, 4]","[1, 0, 1, 0, 0, 0, 0, 0, 0, 0]",1
23,0,45,"[9, 9, 4, 5, 1, 5, 5, 1, 5, 5]","[0, 0, 0, 0, 0, 0, 1, 0, 0, 1]",1
23,0,46,"[3, 3, 3, 2, 5, 3, 3, 3, 3, 3]","[0, 0, 0, 0, 1, 1, 0, 1, 0, 0]",1
23,0,47,"[7, 7, 6, 7, 6, 6, 6, 6, 7, 9]","[0, 1, 1, 0, 0, 0, 0, 0, 0, 1]",1
23,0,48,"[5, 6, 5, 5, 5, 5, 5, 6, 6, 6]","[0, 0, 0, 0, 0, 0, 0, 0, 0, 1]",1
23,0,49,"[5, 6, 4, 4, 4, 3, 4, 4, 5, 5]","[0, 0, 0, 1, 0, 0, 1, 1, 0, 0]",1
23,0,50,"[6, 7, 7, 7, 8, 6, 6, 7, 7, 8]","[0, 0, 1, 0, 0, 0, 1, 0, 0, 1]",1
23,0,51,"[5, 5, 5, 3, 5, 5, 6, 5, 5, 5]","[0, 0, 0, 0, 0, 0, 1, 0, 0, 1]",1
23,0,52,"[4, 4, 1, 4, 3, 5, 5, 4, 4, 4]","[0, 0, 0, 1, 1, 0, 0, 1, 0, 1]",1
23,0,53,"[3, 4, 4, 3, 3, 4, 4, 4, 4, 4]","[0, 0, 0, 0, 0, 1, 0, 0, 0, 0]",1
23,0,54,"[3, 9, 4, 7, 9, 9, 5, 9, 8, 7]","[0, 1, 0, 0, 0, 1, 0, 0, 0, 1]",1
23,0,55,"[7, 6, 7, 7, 7, 7, 6, 4, 7, 7]","[0, 0, 0, 0, 0, 0, 0, 0, 1, 1]",1
23,0,56,"[5, 1, 7, 5, 1, 1, 1, 1, 1, 1]","[0, 0, 0, 0, 0, 0, 0, 0, 1, 0]",1
23,0,57,"[3, 7, 3, 4, 5, 4, 5, 4, 5, 2]","[1, 0, 0, 0, 0, 0, 1, 0, 0, 0]",1
23,0,58,"[6, 5, 5, 5, 4, 8, 4, 6, 3, 5]","[0, 0, 1, 0, 0, 0, 0, 0, 0, 0]",1
23,0,59,"[3, 3, 4, 6, 2, 4, 3, 2, 4, 9]","[0, 0, 0, 0, 0, 0, 0, 0, 0, 0]",1
23,0,60,"[5, 4, 6, 2, 3, 5, 6, 3, 4, 4]","[0, 0, 0, 0, 0, 0, 0, 0, 0, 0]",1
23,0,61,"[6, 5, 5, 4, 4, 5, 3, 3, 4, 3]","[0, 0, 1, 1, 0, 0, 0, 0, 0, 0]",1
23,0,62,"[8, 8, 9, 8, 8, 8, 8, 8, 9, 8]","[0, 0, 1, 0, 0, 1, 0, 1, 0, 0]",1
23,0,63,"[3, 4, 4, 4, 4, 4, 4, 4, 4, 6]","[0, 0, 0, 0, 1, 0, 1, 1, 0, 0]",1
23,0,64,"[8, 7, 7, 8, 8, 9, 8, 8, 8, 7]","[1, 0, 0, 0, 1, 0, 0, 0, 0, 0]",1
23,0,65,"[3, 7, 4, 4, 4, 5, 3, 4, 3, 3]","[0, 0, 0, 0, 0, 1, 1, 1, 0, 0]",1
23,0,66,"[6, 4, 6, 4, 5, 6, 3, 4, 7, 5]","[0, 0, 1, 0, 0, 0, 0, 0, 0, 0]",1
23,0,67,"[3, 8, 5, 6, 3, 6, 5, 2, 4, 4]","[0, 0, 0, 0, 0, 0, 0, 0, 0, 0]",1
23,0,68,"[4, 5, 6, 7, 7, 6, 7, 3, 6, 4]","[0, 0, 1, 1, 1, 0, 0, 0, 0, 0]",1
23,0,69,"[4, 4, 4, 2, 4, 1, 3, 4, 5, 2]","[0, 0, 1, 0, 0, 0, 0, 0, 0, 0]",1
23,0,70,"[6, 4, 6, 6, 6, 3, 5, 6, 6, 6]","[0, 0, 1, 0, 0, 0, 0, 0, 0, 0]",1
23,0,71,"[5, 6, 6, 5, 6, 2, 4, 6, 5, 5]","[1, 0, 0, 0, 0, 0, 0, 0, 0, 0]",1
23,0,72,"[3, 5, 5, 4, 4, 5, 4, 5, 4, 4]","[0, 0, 0, 0, 0, 0, 0, 0, 0, 0]",1
23,0,73,"[6, 7, 5, 3, 8, 3, 3, 8, 5, 5]","[0, 0, 0, 0, 1, 0, 0, 1, 1, 0]",1
23,0,74,"[4, 4, 5, 4, 2, 2, 3, 6, 4, 2]","[0, 0, 0, 1, 0, 0, 0, 0, 0, 0]",1
23,0,75,"[9, 9, 8, 8, 9, 6, 9, 9, 8, 9]","[0, 0, 0, 0, 0, 0, 1, 0, 0, 0]",1
23,0,76,"[4, 4, 2, 3, 3, 7, 6, 4, 4, 5]","[0, 0, 0, 0, 0, 0, 0, 1, 0, 0]",1
23,0,77,"[7, 8, 4, 8, 7, 6, 7, 8, 7, 7]","[0, 1, 1, 0, 0, 1, 0, 1, 1, 1]",1
23,0,78,"[5, 5, 6, 2, 7, 4, 5, 5, 4, 6]","[0, 0, 0, 0, 1, 1, 0, 1, 0, 1]",1
23,0,79,"[6, 7, 6, 3, 2, 6, 6, 5, 6, 6]","[1, 1, 0, 1, 0, 0, 0, 0, 0, 0]",1
23,0,80,"[5, 8, 6, 7, 9, 6, 6, 9, 7, 8]","[0, 0, 0, 0, 1, 1, 0, 0, 1, 0]",1
23,0,81,"[5, 4, 6, 5, 8, 5, 7, 5, 7, 5]","[0, 0, 0, 0, 1, 0, 0, 0, 1, 0]",1
23,0,82,"[5, 5, 5, 4, 6, 4, 4, 5, 7, 7]","[0, 0, 0, 0, 0, 0, 0, 0, 0, 0]",1
23,0,83,"[3, 4, 7, 8, 8, 8, 4, 5, 4, 4]","[0, 1, 0, 0, 1, 0, 0, 0, 0, 0]",1
23,0,84,"[4, 3, 5, 3, 3, 5, 3, 5, 3, 7]","[1, 0, 0, 0, 0, 1, 1, 0, 0, 0]",1
23,0,85,"[8, 7, 7, 7, 7, 8, 8, 6, 7, 7]","[0, 1, 0, 0, 1, 0, 0, 0, 0, 0]",1
23,0,86,"[9, 9, 9, 9, 9, 9, 9, 9, 8, 9]","[1, 1, 0, 0, 1, 0, 0, 1, 1, 0]",1
23,0,87,"[4, 5, 4, 7, 2, 4, 5, 5, 2, 7]","[1, 0, 0, 1, 0, 0, 0, 0, 0, 0]",1
23,0,88,"[5, 5, 5, 5, 5, 5, 5, 5, 5, 5]","[1, 0, 0, 0, 0, 0, 0, 0, 0, 0]",1
23,0,89,"[1, 6, 7, 7, 5, 7, 6, 6, 6, 6]","[0, 0, 0, 0, 0, 0, 0, 0, 0, 0]",1
23,0,90,"[9, 9, 9, 9, 9, 9, 9, 9, 9, 9]","[0, 0, 0, 1, 1, 1, 0, 1, 0, 0]",1
23,0,91,"[5, 3, 4, 8, 5, 5, 5, 4, 9, 6]","[0, 0, 0, 1, 1, 1, 0, 1, 1, 1]",1
23,0,92,"[4, 6, 6, 4, 3, 4, 4, 4, 4, 2]","[0, 0, 0, 0, 1, 0, 0, 0, 0, 0]",1
23,0,93,"[1, 5, 2, 2, 1, 6, 5, 1, 3, 3]","[1, 1, 0, 0, 0, 1, 0, 0, 0, 1]",1
23,0,94,"[6, 4, 6, 5, 5, 5, 5, 6, 6, 5]","[0, 1, 0, 0, 0, 0, 1, 0, 1, 0]",1
23,0,95,"[3, 3, 2, 3, 3, 2, 3, 3, 3, 4]","[0, 0, 0, 0, 0, 0, 0, 0, 0, 0]",1
23,0,96,"[8, 7, 7, 7, 7, 5, 5, 6, 5, 6]","[0, 0, 0, 0, 0, 0, 0, 1, 1, 0]",1
23,0,97,"[6, 4, 5, 5, 4, 6, 3, 2, 4, 4]","[1, 0, 0, 0, 1, 0, 0, 0, 0, 1]",1
23,0,98,"[9, 9, 9, 9, 9, 9, 9, 9, 9, 9]","[1, 0, 0, 0, 0, 0, 0, 1, 0, 0]",1
23,0,99,"[6, 3, 1, 7, 4, 3, 3, 4, 3, 3]","[0, 0, 0, 0, 1, 0, 0, 0, 1, 0]",1
23,0,100,"[5, 3, 8, 3, 8, 5, 8, 3, 6, 3]","[0, 0, 0, 0, 1, 0, 0, 0, 1, 0]",1
23,0,101,"[8, 6, 2, 8, 3, 7, 9, 8, 8, 8]","[0, 0, 0, 0, 0, 0, 1, 1, 1, 0]",1
23,0,102,"[3, 6, 8, 2, 5, 1, 6, 4, 5, 8]","[0, 1, 0, 1, 0, 0, 0, 0, 0, 1]",1
23,0,103,"[1, 7, 8, 7, 7, 7, 7, 6, 7, 7]","[1, 1, 0, 1, 0, 0, 0, 1, 1, 0]",1
23,0,104,"[9, 9, 9, 9, 9, 9, 9, 9, 8, 9]","[1, 1, 1, 0, 1, 0, 1, 1, 1, 0]",1
23,0,105,"[8, 9, 5, 9, 6, 9, 7, 6, 5, 6]","[0, 0, 0, 1, 0, 0, 0, 0, 1, 0]",1
23,0,106,"[5, 6, 8, 5, 5, 5, 5, 4, 5, 7]","[0, 1, 1, 1, 0, 1, 0, 1, 0, 0]",1
23,0,107,"[4, 4, 4, 4, 4, 9, 5, 6, 2, 5]","[1, 1, 0, 0, 0, 0, 1, 0, 0, 0]",1
23,0,108,"[9, 8, 4, 8, 9, 4, 4, 4, 4, 9]","[0, 1, 0, 0, 0, 0, 0, 0, 0, 0]",1
23,0,109,"[6, 7, 6, 6, 7, 7, 4, 6, 7, 5]","[0, 1, 0, 0, 0, 0, 1, 0, 0, 0]",1
23,0,110,"[8, 8, 9, 9, 8, 9, 8, 8, 9, 9]","[0, 0, 0, 0, 1, 0, 1, 0, 0, 1]",1
23,0,111,"[8, 7, 8, 7, 6, 7, 4, 8, 7, 7]","[1, 1, 0, 1, 0, 0, 1, 0, 0, 1]",1
23,0,112,"[4, 4, 4, 5, 4, 5, 4, 4, 3, 4]","[0, 0, 0, 1, 0, 0, 0, 0, 0, 0]",1
23,0,113,"[7, 4, 7, 5, 7, 7, 3, 7, 9, 9]","[0, 0, 0, 0, 1, 0, 0, 0, 1, 1]",1
23,0,114,"[3, 3, 4, 3, 3, 2, 3, 9, 2, 3]","[0, 0, 0, 1, 0, 1, 0, 1, 0, 0]",1
23,0,115,"[9, 9, 9, 9, 9, 9, 8, 9, 8, 9]","[1, 0, 0, 1, 0, 0, 1, 1, 0, 0]",1
23,0,116,"[9, 3, 9, 9, 9, 6, 9, 9, 9, 9]","[0, 0, 1, 0, 1, 0, 0, 0, 1, 1]",1
23,0,117,"[3, 3, 4, 5, 4, 4, 4, 5, 4, 5]","[0, 0, 0, 0, 1, 1, 0, 0, 0, 1]",1
23,0,118,"[7, 7, 6, 8, 7, 6, 6, 8, 7, 8]","[0, 1, 1, 1, 0, 1, 0, 1, 0, 1]",1
23,0,119,"[5, 5, 5, 5, 5, 6, 5, 5, 5, 5]","[0, 0, 0, 1, 0, 1, 1, 0, 0, 0]",1
23,0,120,"[6, 5, 4, 5, 8, 2, 7, 6, 4, 6]","[0, 0, 0, 0, 0, 0, 0, 0, 0, 0]",1
23,0,121,"[6, 6, 6, 6, 6, 5, 6, 6, 6, 6]","[1, 0, 0, 0, 1, 0, 0, 0, 0, 0]",1
23,0,122,"[5, 7, 7, 6, 6, 6, 5, 6, 6, 4]","[1, 0, 0, 0, 0, 0, 0, 0, 0, 1]",1
23,0,123,"[6, 5, 6, 5, 7, 5, 4, 6, 4, 6]","[1, 1, 1, 1, 0, 1, 1, 0, 1, 1]",1
23,0,124,"[8, 9, 9, 2, 9, 4, 8, 9, 2, 9]","[0, 0, 0, 0, 0, 0, 0, 0, 0, 0]",1
23,0,125,"[6, 5, 6, 6, 6, 7, 6, 6, 6, 6]","[0, 0, 1, 0, 1, 0, 1, 0, 0, 0]",1
23,0,126,"[5, 6, 5, 7, 1, 6, 5, 6, 6, 6]","[0, 0, 0, 0, 0, 0, 0, 0, 0, 0]",1
23,0,127,"[4, 3, 4, 4, 4, 4, 5, 4, 4, 5]","[0, 0, 0, 0, 0, 0, 1, 0, 1, 0]",1
23,0,128,"[8, 6, 7, 7, 8, 6, 8, 8, 5, 7]","[1, 0, 0, 1, 0, 0, 1, 1, 0, 0]",1
23,0,129,"[6, 5, 5, 7, 7, 6, 6, 7, 5, 6]","[0, 0, 0, 0, 1, 1, 0, 0, 0, 0]",1
23,0,130,"[7, 9, 9, 9, 7, 7, 7, 7, 6, 7]","[1, 0, 1, 1, 0, 0, 0, 1, 0, 0]",1
23,0,131,"[6, 7, 5, 8, 6, 7, 6, 7, 7, 4]","[0, 0, 1, 1, 0, 1, 0, 1, 0, 0]",1
23,0,132,"[3, 4, 4, 4, 6, 4, 5, 5, 6, 6]","[0, 1, 0, 0, 1, 0, 0, 0, 0, 1]",1
23,0,133,"[9, 9, 8, 9, 9, 9, 9, 9, 7, 9]","[0, 0, 0, 1, 0, 0, 0, 0, 0, 0]",1
23,0,134,"[7, 7, 7, 5, 2, 9, 6, 8, 7, 7]","[1, 0, 0, 1, 0, 1, 1, 0, 0, 0]",1
23,0,135,"[7, 6, 5, 6, 8, 7, 5, 8, 6, 9]","[0, 0, 0, 0, 1, 0, 0, 1, 0, 0]",1
23,0,136,"[8, 7, 7, 7, 7, 7, 6, 6, 7, 6]","[0, 0, 0, 1, 1, 0, 0, 0, 0, 0]",1
23,0,137,"[6, 4, 5, 3, 6, 3, 5, 3, 6, 4]","[0, 0, 0, 1, 0, 0, 0, 0, 0, 0]",1
23,0,138,"[6, 6, 5, 6, 6, 6, 6, 6, 6, 6]","[0, 1, 0, 0, 0, 0, 0, 0, 0, 0]",1
23,0,139,"[4, 4, 3, 5, 4, 4, 3, 5, 4, 4]","[0, 0, 0, 0, 0, 0, 0, 0, 0, 0]",1
23,0,140,"[7, 6, 4, 6, 5, 9, 4, 5, 6, 3]","[1, 0, 0, 0, 0, 1, 0, 0, 0, 0]",1
23,0,141,"[2, 3, 3, 4, 3, 6, 3, 4, 3, 4]","[0, 0, 0, 0, 0, 0, 0, 0, 0, 0]",1
23,0,142,"[4, 4, 6, 8, 7, 3, 4, 9, 6, 5]","[0, 0, 0, 0, 0, 0, 0, 1, 1, 0]",1
23,0,143,"[3, 4, 4, 3, 4, 5, 4, 4, 4, 4]","[0, 0, 0, 0, 0, 0, 0, 0, 0, 0]",1
23,0,144,"[7, 7, 7, 6, 6, 7, 8, 7, 8, 8]","[0, 0, 0, 0, 0, 0, 0, 0, 0, 1]",1
23,0,145,"[7, 6, 7, 6, 5, 6, 7, 7, 6, 8]","[0, 0, 0, 0, 0, 1, 0, 0, 1, 0]",1
23,0,146,"[6, 6, 6, 6, 6, 7, 6, 6, 5, 6]","[0, 0, 0, 1, 1, 0, 1, 1, 1, 0]",1
23,0,147,"[3, 5, 6, 7, 2, 5, 7, 6, 7, 6]","[0, 1, 0, 0, 0, 0, 0, 1, 1, 0]",1
23,0,148,"[6, 4, 5, 5, 5, 5, 5, 4, 9, 5]","[0, 0, 1, 0, 0, 1, 0, 0, 0, 0]",1
23,0,149,"[7, 3, 5, 5, 5, 5, 5, 5, 5, 4]","[0, 0, 0, 0, 0, 0, 0, 1, 1, 0]",1
23,0,150,"[3, 7, 5, 7, 5, 5, 6, 4, 7, 5]","[0, 0, 0, 0, 0, 0, 0, 0, 0, 0]",1
23,0,151,"[7, 4, 4, 4, 5, 8, 4, 5, 8, 4]","[0, 0, 0, 0, 0, 0, 0, 0, 0, 0]",1
23,0,152,"[4, 6, 6, 5, 6, 4, 4, 5, 5, 5]","[0, 0, 0, 0, 1, 0, 0, 0, 1, 0]",1
23,0,153,"[9, 3, 6, 4, 8, 5, 3, 3, 3, 4]","[1, 0, 0, 0, 0, 0, 0, 0, 1, 0]",1
23,0,154,"[8, 1, 8, 6, 9, 8, 6, 9, 9, 9]","[0, 0, 0, 0, 0, 0, 1, 1, 0, 1]",1
23,0,155,"[9, 9, 9, 9, 9, 9, 8, 9, 9, 8]","[0, 0, 1, 0, 0, 0, 1, 0, 0, 1]",1
23,0,156,"[3, 3, 3, 4, 3, 3, 3, 4, 3, 4]","[0, 0, 0, 0, 0, 0, 0, 0, 0, 0]",1
23,0,157,"[6, 4, 5, 7, 5, 4, 5, 6, 3, 6]","[0, 0, 1, 0, 0, 0, 0, 1, 1, 0]",1
23,0,158,"[7, 7, 7, 6, 6, 8, 7, 8, 6, 7]","[0, 1, 1, 1, 0, 0, 1, 1, 0, 0]",1
23,0,159,"[6, 6, 7, 6, 6, 6, 6, 6, 9, 6]","[0, 0, 0, 0, 0, 0, 1, 1, 1, 0]",1
23,0,160,"[9, 6, 4, 5, 5, 1, 9, 9, 9, 9]","[0, 0, 0, 0, 0, 0, 0, 0, 0, 1]",1
23,0,161,"[4, 6, 6, 6, 4, 6, 7, 3, 6, 5]","[0, 1, 0, 0, 1, 1, 1, 0, 1, 0]",1
23,0,162,"[9, 9, 2, 8, 6, 9, 5, 3, 5, 8]","[0, 0, 0, 0, 1, 0, 0, 0, 0, 0]",1
23,0,163,"[6, 6, 4, 4, 8, 4, 8, 8, 6, 5]","[0, 1, 0, 0, 0, 0, 0, 1, 0, 0]",1
23,0,164,"[9, 9, 9, 9, 9, 9, 9, 9, 9, 9]","[0, 0, 1, 0, 0, 0, 0, 0, 0, 0]",1
23,0,165,"[5, 6, 4, 6, 8, 6, 5, 5, 7, 7]","[0, 0, 0, 1, 1, 0, 0, 0, 0, 0]",1
23,0,166,"[4, 4, 8, 4, 6, 4, 3, 4, 3, 5]","[0, 1, 0, 0, 1, 0, 0, 1, 0, 1]",1
23,0,167,"[8, 9, 9, 9, 4, 9, 9, 9, 9, 9]","[1, 0, 1, 0, 0, 1, 1, 1, 1, 1]",1
23,0,168,"[7, 7, 7, 6, 9, 8, 6, 6, 6, 7]","[1, 0, 1, 1, 1, 0, 0, 0, 0, 1]",1
23,0,169,"[5, 5, 6, 5, 5, 6, 7, 4, 4, 6]","[0, 0, 0, 0, 0, 0, 0, 0, 0, 0]",1
23,0,170,"[9, 8, 9, 9, 3, 4, 9, 9, 9, 9]","[0, 0, 1, 1, 0, 0, 0, 1, 0, 0]",1
23,0,171,"[2, 9, 6, 6, 5, 9, 8, 7, 5, 9]","[0, 1, 0, 0, 0, 0, 1, 1, 1, 1]",1
23,0,172,"[6, 6, 5, 8, 6, 6, 8, 6, 6, 7]","[1, 1, 0, 1, 1, 0, 0, 0, 1, 0]",1
23,0,173,"[5, 8, 2, 5, 5, 5, 8, 6, 8, 7]","[0, 0, 0, 1, 0, 0, 0, 1, 1, 1]",1
23,0,174,"[6, 5, 9, 6, 6, 6, 8, 4, 6, 6]","[0, 0, 0, 0, 0, 0, 0, 0, 0, 1]",1
23,0,175,"[2, 2, 2, 2, 1, 1, 1, 3, 3, 2]","[0, 0, 0, 0, 0, 0, 0, 0, 0, 0]",1
23,0,176,"[4, 3, 8, 7, 8, 8, 4, 2, 6, 8]","[0, 0, 1, 0, 0, 0, 0, 0, 0, 0]",1
23,0,177,"[6, 5, 9, 9, 1, 1, 3, 9, 2, 5]","[1, 1, 0, 1, 1, 0, 0, 1, 0, 0]",1
23,0,178,"[8, 7, 6, 7, 6, 7, 8, 7, 6, 7]","[0, 0, 0, 0, 0, 0, 1, 1, 0, 0]",1
23,0,179,"[4, 6, 6, 6, 5, 7, 5, 5, 5, 5]","[0, 0, 0, 1, 0, 0, 1, 1, 0, 0]",1
23,0,180,"[3, 5, 3, 3, 3, 3, 6, 3, 3, 3]","[0, 0, 0, 0, 0, 0, 0, 0, 0, 0]",1
23,0,181,"[3, 3, 2, 4, 5, 2, 8, 3, 5, 5]","[0, 1, 0, 0, 1, 0, 0, 0, 1, 0]",1
23,0,182,"[7, 7, 2, 7, 8, 8, 7, 7, 6, 6]","[0, 0, 0, 0, 0, 0, 0, 1, 1, 1]",1
23,0,183,"[8, 8, 6, 9, 5, 7, 4, 7, 3, 3]","[1, 1, 0, 0, 0, 0, 0, 1, 0, 0]",1
23,0,184,"[6, 6, 6, 6, 8, 6, 7, 7, 7, 7]","[0, 0, 0, 1, 0, 1, 0, 0, 1, 0]",1
23,0,185,"[5, 5, 8, 6, 7, 8, 8, 7, 6, 8]","[0, 1, 0, 1, 1, 0, 1, 0, 1, 0]",1
23,0,186,"[8, 8, 8, 7, 8, 7, 2, 2, 2, 7]","[0, 0, 0, 0, 0, 0, 0, 0, 0, 0]",1
23,0,187,"[6, 4, 6, 6, 7, 6, 7, 6, 4, 2]","[0, 1, 1, 0, 0, 1, 1, 0, 1, 0]",1
23,0,188,"[9, 9, 9, 9, 9, 9, 1, 6, 8, 9]","[1, 0, 1, 0, 0, 0, 0, 0, 1, 0]",1
23,0,189,"[9, 9, 5, 3, 9, 9, 7, 9, 9, 9]","[0, 0, 0, 1, 0, 1, 0, 1, 0, 0]",1
23,0,190,"[6, 5, 2, 6, 4, 4, 6, 5, 4, 6]","[0, 0, 0, 0, 0, 1, 1, 0, 0, 0]",1
23,0,191,"[9, 9, 9, 8, 8, 8, 8, 9, 9, 9]","[0, 0, 0, 1, 0, 0, 0, 0, 1, 0]",1
23,0,192,"[9, 9, 9, 9, 9, 5, 9, 1, 8, 8]","[1, 1, 0, 1, 1, 1, 1, 0, 0, 0]",1
23,0,193,"[7, 8, 6, 6, 2, 6, 4, 6, 6, 7]","[0, 0, 1, 0, 0, 0, 0, 0, 0, 0]",1
23,0,194,"[7, 6, 5, 8, 3, 4, 8, 8, 8, 8]","[0, 1, 0, 0, 0, 1, 0, 0, 0, 1]",1
23,0,195,"[1, 3, 4, 5, 7, 1, 3, 4, 3, 2]","[0, 0, 0, 0, 1, 0, 0, 0, 0, 0]",1
23,0,196,"[4, 3, 3, 4, 5, 4, 3, 4, 4, 5]","[0, 0, 0, 0, 0, 0, 0, 0, 0, 0]",1
23,0,197,"[7, 7, 6, 5, 6, 6, 6, 6, 6, 6]","[1, 0, 0, 0, 0, 0, 0, 1, 0, 1]",1
23,0,198,"[6, 3, 2, 1, 6, 5, 3, 2, 2, 2]","[0, 1, 0, 0, 0, 0, 0, 0, 0, 1]",1
23,0,199,"[3, 2, 4, 3, 3, 3, 2, 4, 4, 3]","[0, 0, 1, 0, 0, 0, 0, 0, 1, 1]",1
23,0,200,"[3, 3, 3, 4, 4, 3, 3, 5, 4, 2]","[0, 0, 0, 0, 0, 0, 0, 0, 0, 0]",1
23,0,201,"[8, 7, 7, 7, 9, 8, 9, 9, 6, 8]","[0, 0, 0, 0, 0, 0, 0, 0, 1, 0]",1
23,0,202,"[5, 5, 7, 5, 6, 7, 7, 6, 5, 6]","[0, 0, 0, 0, 1, 0, 0, 0, 0, 0]",1
23,0,203,"[4, 4, 4, 4, 4, 4, 4, 4, 3, 4]","[0, 0, 0, 0, 0, 0, 0, 0, 0, 0]",1
23,0,204,"[7, 8, 8, 6, 8, 7, 7, 8, 7, 9]","[0, 0, 1, 1, 0, 0, 0, 0, 1, 1]",1
23,0,205,"[9, 5, 9, 9, 9, 8, 8, 9, 9, 9]","[0, 0, 1, 1, 0, 0, 0, 1, 0, 1]",1
23,0,206,"[8, 8, 8, 4, 8, 8, 8, 6, 8, 8]","[0, 0, 0, 1, 1, 0, 1, 0, 1, 0]",1
23,0,207,"[3, 2, 2, 2, 2, 3, 2, 9, 1, 3]","[0, 0, 0, 0, 0, 0, 0, 0, 0, 0]",1
23,0,208,"[9, 9, 9, 9, 9, 9, 9, 8, 9, 8]","[1, 1, 1, 1, 0, 0, 0, 0, 0, 1]",1
23,0,209,"[4, 5, 5, 4, 3, 4, 4, 4, 5, 5]","[1, 0, 0, 0, 0, 0, 0, 0, 0, 0]",1
23,1,0,"[3, 3, 2, 4, 3, 2, 3, 3, 3, 3]","[0, 0, 0, 0, 0, 0, 0, 0, 0, 0]",1
23,1,1,"[4, 4, 4, 2, 3, 4, 4, 3, 4, 4]","[0, 0, 0, 0, 0, 0, 0, 0, 0, 0]",1
23,1,2,"[2, 7, 4, 1, 1, 2, 6, 4, 1, 5]","[0, 0, 1, 1, 0, 1, 1, 1, 0, 1]",1
23,1,3,"[6, 6, 7, 4, 5, 8, 6, 6, 7, 6]","[0, 1, 0, 0, 0, 0, 0, 0, 0, 0]",1
23,1,4,"[5, 3, 3, 3, 3, 4, 4, 4, 4, 4]","[0, 0, 0, 0, 1, 0, 0, 0, 0, 0]",1
23,1,5,"[5, 4, 4, 4, 5, 3, 4, 3, 4, 4]","[0, 0, 1, 0, 1, 0, 0, 0, 0, 0]",1
23,1,6,"[4, 6, 5, 2, 5, 5, 6, 5, 4, 4]","[0, 0, 0, 0, 0, 0, 0, 0, 0, 0]",1
23,1,7,"[5, 6, 6, 5, 5, 5, 5, 6, 5, 6]","[0, 0, 0, 0, 1, 0, 0, 0, 0, 0]",1
23,1,8,"[4, 2, 3, 3, 3, 3, 3, 3, 3, 3]","[1, 0, 0, 1, 0, 0, 0, 0, 0, 0]",1
23,1,9,"[5, 4, 3, 3, 3, 1, 1, 3, 3, 3]","[0, 0, 0, 0, 0, 0, 0, 1, 0, 0]",1
23,1,10,"[5, 5, 5, 4, 3, 8, 4, 5, 4, 4]","[0, 0, 0, 0, 1, 0, 1, 1, 1, 0]",1
23,1,11,"[3, 3, 3, 3, 3, 9, 3, 3, 3, 4]","[0, 1, 0, 0, 0, 0, 0, 0, 0, 0]",1
23,1,12,"[4, 4, 4, 4, 4, 3, 4, 4, 4, 4]","[1, 0, 0, 1, 0, 0, 0, 0, 1, 0]",1
23,1,13,"[5, 3, 6, 6, 1, 6, 6, 5, 6, 3]","[0, 0, 0, 0, 0, 1, 1, 0, 0, 0]",1
23,1,14,"[4, 2, 2, 2, 7, 3, 3, 4, 3, 3]","[0, 1, 0, 0, 0, 0, 0, 0, 0, 0]",1
23,1,15,"[5, 5, 5, 6, 1, 5, 5, 5, 5, 1]","[1, 1, 0, 1, 0, 1, 0, 0, 0, 0]",1
23,1,16,"[5, 4, 7, 7, 5, 8, 6, 5, 9, 2]","[0, 0, 0, 0, 0, 1, 1, 0, 0, 0]",1
23,1,17,"[3, 5, 5, 5, 4, 4, 4, 4, 6, 5]","[1, 0, 0, 0, 0, 1, 0, 0, 0, 0]",1
23,1,18,"[3, 3, 5, 3, 3, 4, 4, 3, 4, 3]","[0, 0, 0, 0, 0, 0, 0, 0, 1, 0]",1
23,1,19,"[3, 2, 4, 3, 3, 3, 2, 2, 2, 4]","[0, 0, 0, 1, 0, 0, 1, 0, 0, 0]",1
23,1,20,"[4, 5, 5, 5, 5, 5, 1, 5, 4, 3]","[0, 0, 0, 0, 0, 0, 0, 0, 0, 0]",1
23,1,21,"[6, 3, 3, 7, 9, 4, 4, 4, 5, 6]","[1, 0, 0, 1, 1, 0, 0, 0, 0, 0]",1
23,1,22,"[3, 3, 2, 3, 2, 4, 3, 3, 3, 3]","[0, 0, 0, 0, 0, 0, 0, 0, 0, 0]",1
23,1,23,"[3, 4, 3, 3, 5, 4, 6, 3, 3, 3]","[0, 1, 1, 0, 0, 0, 0, 0, 0, 1]",1
23,1,24,"[4, 4, 4, 7, 6, 6, 2, 4, 5, 1]","[0, 0, 0, 0, 0, 1, 0, 0, 0, 0]",1
23,1,25,"[1, 3, 3, 3, 3, 3, 9, 3, 3, 3]","[1, 0, 0, 1, 0, 1, 1, 0, 1, 0]",1
23,1,26,"[9, 6, 9, 9, 9, 9, 9, 9, 9, 9]","[0, 0, 0, 1, 0, 1, 1, 0, 0, 0]",1
23,1,27,"[4, 4, 4, 4, 4, 5, 5, 4, 5, 4]","[0, 1, 0, 0, 0, 0, 0, 0, 0, 1]",1
23,1,28,"[4, 4, 1, 4, 3, 3, 4, 4, 3, 5]","[0, 0, 0, 0, 0, 0, 0, 0, 0, 0]",1
23,1,29,"[9, 5, 7, 9, 3, 9, 7, 8, 7, 9]","[1, 0, 1, 1, 0, 0, 0, 0, 0, 0]",1
23,1,30,"[4, 5, 3, 4, 3, 2, 3, 4, 4, 4]","[0, 1, 0, 1, 0, 0, 0, 0, 0, 0]",1
23,1,31,"[3, 3, 3, 2, 3, 2, 8, 4, 3, 3]","[0, 0, 0, 0, 0, 0, 1, 0, 0, 0]",1
23,1,32,"[4, 3, 3, 5, 3, 2, 3, 3, 4, 6]","[0, 0, 1, 0, 0, 0, 0, 0, 0, 0]",1
23,1,33,"[3, 2, 3, 4, 3, 4, 3, 2, 4, 3]","[1, 0, 0, 0, 1, 0, 0, 0, 0, 0]",1
23,1,34,"[7, 3, 7, 7, 5, 5, 8, 4, 5, 5]","[0, 0, 1, 0, 0, 0, 0, 0, 0, 0]",1
23,1,35,"[9, 3, 2, 9, 8, 2, 8, 2, 6, 2]","[0, 0, 0, 0, 0, 0, 0, 0, 0, 0]",1
23,1,36,"[2, 3, 2, 5, 4, 2, 4, 8, 6, 5]","[0, 0, 0, 0, 0, 0, 0, 1, 0, 0]",1
23,1,37,"[3, 4, 5, 6, 3, 9, 4, 4, 3, 3]","[1, 0, 0, 0, 1, 0, 0, 1, 0, 0]",1
23,1,38,"[4, 5, 3, 4, 2, 9, 4, 4, 5, 3]","[0, 0, 0, 0, 0, 0, 0, 0, 1, 0]",1
23,1,39,"[1, 5, 3, 4, 1, 1, 1, 2, 7, 1]","[0, 0, 1, 1, 0, 0, 1, 1, 1, 0]",1
23,1,40,"[2, 2, 2, 2, 2, 2, 2, 2, 2, 2]","[0, 0, 0, 0, 0, 0, 0, 0, 0, 0]",1
23,1,41,"[4, 6, 3, 5, 3, 5, 4, 4, 5, 4]","[0, 1, 0, 0, 0, 0, 0, 0, 0, 0]",1
23,1,42,"[3, 3, 2, 2, 2, 3, 3, 4, 3, 3]","[0, 0, 0, 0, 0, 0, 0, 1, 0, 0]",1
23,1,43,"[4, 3, 3, 3, 2, 6, 3, 4, 1, 3]","[0, 1, 0, 0, 0, 0, 0, 0, 0, 0]",1
23,1,44,"[4, 5, 4, 4, 5, 4, 4, 4, 3, 4]","[1, 1, 0, 0, 0, 0, 0, 0, 0, 0]",1
23,1,45,"[7, 3, 5, 8, 6, 4, 3, 9, 4, 4]","[1, 0, 1, 1, 1, 0, 0, 0, 0, 0]",1
23,1,46,"[6, 5, 4, 4, 4, 3, 8, 5, 4, 3]","[1, 1, 0, 0, 0, 1, 1, 1, 0, 0]",1
23,1,47,"[4, 4, 4, 4, 4, 6, 4, 4, 9, 4]","[1, 0, 0, 0, 0, 1, 0, 0, 1, 0]",1
23,1,48,"[4, 4, 4, 4, 4, 4, 4, 4, 3, 4]","[0, 0, 0, 0, 0, 0, 0, 0, 0, 0]",1
23,1,49,"[5, 4, 5, 3, 4, 5, 4, 6, 4, 5]","[0, 0, 0, 1, 0, 0, 1, 0, 0, 0]",1
23,1,50,"[4, 5, 4, 4, 4, 4, 8, 5, 5, 4]","[0, 0, 0, 0, 0, 0, 0, 0, 0, 1]",1
23,1,51,"[3, 3, 2, 3, 5, 3, 3, 1, 4, 1]","[0, 0, 0, 0, 0, 0, 0, 0, 1, 0]",1
23,1,52,"[1, 2, 2, 4, 6, 2, 3, 2, 3, 4]","[0, 0, 0, 1, 0, 1, 1, 1, 1, 1]",1
23,1,53,"[4, 4, 4, 4, 4, 4, 4, 4, 7, 4]","[1, 0, 0, 0, 1, 0, 0, 0, 0, 0]",1
23,1,54,"[4, 3, 3, 2, 1, 2, 3, 6, 3, 5]","[0, 0, 0, 0, 0, 0, 0, 0, 1, 0]",1
23,1,55,"[5, 6, 5, 5, 5, 5, 6, 5, 5, 5]","[0, 0, 0, 0, 0, 0, 1, 0, 0, 0]",1
23,1,56,"[3, 5, 4, 4, 3, 4, 1, 4, 4, 4]","[0, 0, 0, 0, 0, 1, 0, 0, 1, 0]",1
23,1,57,"[4, 5, 2, 2, 5, 4, 3, 2, 3, 4]","[0, 1, 1, 0, 1, 0, 1, 1, 0, 1]",1
23,1,58,"[4, 5, 5, 4, 3, 4, 2, 2, 5, 2]","[0, 0, 0, 0, 0, 0, 0, 1, 0, 0]",1
23,1,59,"[3, 4, 3, 4, 3, 4, 4, 4, 2, 4]","[0, 0, 0, 1, 0, 1, 0, 0, 0, 0]",1
23,1,60,"[3, 5, 3, 5, 4, 4, 3, 3, 1, 4]","[0, 1, 0, 0, 0, 1, 0, 0, 0, 0]",1
23,1,61,"[5, 4, 4, 4, 5, 4, 4, 3, 4, 3]","[0, 0, 0, 0, 1, 0, 0, 0, 1, 1]",1
23,1,62,"[8, 9, 9, 7, 8, 9, 7, 8, 6, 9]","[0, 1, 1, 1, 0, 0, 1, 0, 0, 1]",1
23,1,63,"[6, 6, 6, 7, 7, 5, 7, 6, 6, 6]","[0, 1, 0, 1, 0, 1, 1, 1, 1, 0]",1
23,1,64,"[3, 5, 2, 4, 2, 6, 4, 3, 3, 3]","[0, 0, 0, 1, 0, 0, 0, 0, 0, 1]",1
23,1,65,"[5, 3, 6, 3, 6, 3, 2, 2, 3, 7]","[0, 0, 0, 0, 0, 0, 0, 0, 0, 0]",1
23,1,66,"[6, 5, 3, 1, 5, 6, 3, 3, 3, 3]","[0, 1, 0, 0, 0, 0, 0, 0, 0, 0]",1
23,1,67,"[3, 1, 3, 2, 3, 2, 4, 4, 4, 3]","[0, 1, 0, 0, 0, 0, 0, 0, 0, 0]",1
23,1,68,"[4, 3, 5, 8, 5, 6, 4, 3, 5, 5]","[1, 0, 0, 0, 0, 1, 0, 0, 0, 1]",1
23,1,69,"[4, 5, 3, 5, 4, 4, 6, 4, 2, 6]","[1, 1, 0, 0, 0, 0, 0, 0, 0, 0]",1
23,1,70,"[6, 5, 4, 6, 6, 4, 5, 4, 6, 6]","[1, 0, 0, 0, 1, 0, 0, 0, 0, 0]",1
23,1,71,"[1, 3, 8, 3, 3, 3, 3, 3, 3, 3]","[0, 0, 1, 0, 0, 0, 0, 1, 0, 1]",1
23,1,72,"[4, 4, 4, 3, 5, 4, 4, 4, 4, 3]","[0, 1, 0, 1, 1, 0, 0, 0, 0, 0]",1
23,1,73,"[5, 1, 2, 4, 1, 3, 1, 1, 5, 4]","[0, 0, 1, 0, 0, 1, 1, 1, 0, 1]",1
23,1,74,"[3, 1, 3, 1, 3, 3, 4, 4, 3, 2]","[0, 0, 0, 0, 0, 0, 0, 0, 0, 0]",1
23,1,75,"[2, 3, 3, 2, 5, 5, 4, 4, 4, 4]","[0, 0, 0, 0, 1, 0, 0, 0, 0, 0]",1
23,1,76,"[3, 7, 2, 3, 5, 5, 3, 4, 4, 3]","[0, 1, 0, 0, 0, 0, 0, 1, 0, 0]",1
23,1,77,"[4, 4, 3, 4, 6, 5, 4, 4, 4, 5]","[0, 0, 1, 0, 0, 0, 0, 1, 1, 1]",1
23,1,78,"[6, 4, 6, 6, 6, 6, 5, 5, 6, 5]","[1, 0, 0, 0, 0, 0, 0, 0, 0, 1]",1
23,1,79,"[4, 4, 4, 5, 4, 4, 2, 5, 5, 4]","[0, 0, 0, 0, 0, 0, 0, 0, 0, 1]",1
23,1,80,"[7, 7, 8, 8, 7, 8, 7, 7, 7, 5]","[0, 1, 0, 1, 0, 1, 1, 0, 1, 1]",1
23,1,81,"[8, 5, 4, 6, 8, 7, 6, 5, 5, 6]","[0, 0, 0, 1, 1, 0, 0, 0, 0, 0]",1
23,1,82,"[4, 4, 4, 4, 4, 3, 5, 5, 5, 6]","[0, 0, 0, 0, 0, 1, 1, 0, 0, 0]",1
23,1,83,"[5, 7, 4, 7, 7, 6, 3, 7, 5, 2]","[0, 0, 1, 0, 0, 0, 0, 1, 0, 0]",1
23,1,84,"[1, 1, 1, 3, 1, 7, 1, 1, 1, 1]","[1, 0, 0, 0, 0, 0, 0, 1, 0, 0]",1
23,1,85,"[6, 6, 6, 6, 6, 6, 6, 6, 6, 6]","[0, 0, 1, 0, 0, 1, 0, 1, 1, 0]",1
23,1,86,"[6, 6, 6, 2, 7, 3, 7, 3, 5, 4]","[1, 0, 0, 0, 1, 0, 1, 0, 0, 0]",1
23,1,87,"[5, 5, 2, 4, 4, 5, 1, 4, 4, 4]","[1, 1, 0, 0, 0, 1, 1, 0, 1, 0]",1
23,1,88,"[3, 3, 3, 3, 3, 4, 2, 3, 3, 4]","[0, 0, 0, 0, 1, 0, 0, 0, 0, 0]",1
23,1,89,"[6, 5, 6, 5, 5, 5, 5, 5, 5, 5]","[1, 0, 1, 1, 0, 1, 0, 0, 1, 0]",1
23,1,90,"[6, 6, 6, 6, 6, 9, 6, 5, 6, 6]","[1, 0, 1, 0, 1, 1, 0, 0, 0, 0]",1
23,1,91,"[3, 4, 4, 4, 3, 7, 4, 3, 5, 4]","[1, 0, 0, 0, 0, 1, 0, 0, 0, 0]",1
23,1,92,"[4, 4, 5, 4, 3, 6, 5, 5, 3, 5]","[0, 0, 0, 0, 0, 0, 0, 1, 0, 1]",1
23,1,93,"[3, 1, 2, 2, 4, 4, 1, 2, 5, 1]","[0, 0, 0, 0, 0, 0, 1, 1, 1, 1]",1
23,1,94,"[5, 4, 5, 3, 8, 5, 4, 4, 3, 3]","[1, 0, 0, 0, 1, 0, 1, 0, 0, 1]",1
23,1,95,"[4, 4, 4, 4, 4, 4, 3, 4, 2, 3]","[0, 0, 1, 0, 1, 0, 1, 0, 1, 0]",1
23,1,96,"[6, 6, 7, 6, 6, 5, 6, 6, 9, 2]","[1, 0, 1, 0, 0, 1, 1, 0, 1, 1]",1
23,1,97,"[1, 4, 4, 3, 3, 4, 1, 4, 3, 2]","[0, 1, 1, 1, 0, 0, 0, 0, 0, 0]",1
23,1,98,"[9, 7, 7, 4, 9, 9, 9, 5, 4, 3]","[0, 0, 0, 0, 0, 0, 0, 0, 0, 0]",1
23,1,99,"[2, 3, 1, 1, 1, 7, 3, 1, 2, 1]","[0, 0, 0, 0, 0, 0, 0, 0, 0, 0]",1
23,1,100,"[3, 2, 2, 2, 3, 2, 2, 2, 5, 6]","[0, 0, 0, 0, 1, 0, 0, 0, 0, 0]",1
23,1,101,"[3, 2, 4, 3, 3, 6, 2, 4, 4, 5]","[0, 0, 0, 0, 0, 0, 0, 0, 0, 0]",1
23,1,102,"[1, 5, 1, 1, 4, 4, 1, 5, 5, 4]","[0, 0, 0, 0, 0, 0, 0, 0, 1, 0]",1
23,1,103,"[1, 2, 2, 2, 1, 2, 3, 1, 2, 1]","[0, 0, 0, 0, 0, 0, 0, 0, 0, 0]",1
23,1,104,"[8, 5, 8, 9, 9, 9, 3, 8, 9, 9]","[1, 1, 1, 1, 1, 1, 0, 1, 1, 1]",1
23,1,105,"[5, 4, 4, 3, 5, 5, 5, 4, 5, 3]","[0, 0, 0, 1, 1, 1, 0, 1, 1, 1]",1
23,1,106,"[3, 6, 3, 5, 3, 8, 3, 4, 4, 4]","[1, 0, 0, 1, 0, 1, 0, 0, 0, 0]",1
23,1,107,"[3, 4, 3, 3, 9, 6, 2, 3, 4, 3]","[0, 0, 0, 0, 0, 0, 0, 0, 0, 0]",1
23,1,108,"[3, 2, 3, 4, 2, 4, 2, 2, 6, 5]","[0, 0, 0, 0, 0, 0, 0, 0, 1, 1]",1
23,1,109,"[6, 3, 3, 4, 3, 3, 5, 6, 3, 5]","[1, 0, 1, 0, 0, 1, 1, 0, 0, 0]",1
23,1,110,"[6, 4, 5, 5, 8, 3, 2, 3, 4, 3]","[0, 0, 0, 0, 1, 0, 0, 1, 0, 1]",1
23,1,111,"[8, 6, 4, 4, 5, 5, 4, 6, 6, 4]","[1, 0, 0, 0, 1, 1, 0, 0, 1, 0]",1
23,1,112,"[5, 2, 6, 6, 6, 7, 6, 6, 6, 6]","[0, 0, 1, 0, 1, 1, 0, 0, 1, 0]",1
23,1,113,"[4, 5, 4, 4, 6, 7, 4, 4, 4, 5]","[0, 0, 0, 0, 1, 0, 0, 0, 0, 0]",1
23,1,114,"[2, 2, 2, 3, 1, 4, 2, 4, 1, 2]","[0, 0, 0, 0, 0, 0, 0, 0, 0, 0]",1
23,1,115,"[4, 5, 5, 7, 6, 7, 5, 6, 4, 5]","[0, 1, 0, 0, 0, 0, 0, 0, 0, 1]",1
23,1,116,"[3, 4, 4, 5, 5, 4, 4, 4, 4, 4]","[0, 1, 0, 0, 0, 0, 0, 1, 0, 0]",1
23,1,117,"[3, 3, 3, 3, 3, 3, 2, 3, 8, 3]","[0, 0, 0, 0, 0, 0, 0, 0, 0, 1]",1
23,1,118,"[5, 4, 5, 6, 7, 6, 5, 5, 6, 5]","[1, 0, 0, 0, 0, 0, 0, 0, 1, 0]",1
23,1,119,"[6, 6, 5, 6, 6, 7, 6, 6, 7, 5]","[1, 1, 0, 0, 1, 1, 0, 0, 0, 0]",1
23,1,120,"[5, 5, 3, 5, 5, 5, 4, 5, 6, 7]","[0, 0, 1, 1, 0, 0, 0, 1, 1, 1]",1
23,1,121,"[4, 4, 5, 4, 4, 6, 4, 5, 4, 5]","[0, 1, 1, 0, 1, 1, 0, 1, 0, 0]",1
23,1,122,"[3, 4, 3, 3, 3, 4, 5, 2, 5, 4]","[1, 0, 0, 0, 0, 1, 0, 0, 1, 0]",1
23,1,123,"[4, 2, 3, 3, 4, 3, 2, 2, 2, 5]","[0, 0, 0, 0, 0, 0, 0, 0, 0, 1]",1
23,1,124,"[1, 2, 4, 5, 4, 4, 4, 4, 4, 3]","[1, 0, 1, 0, 0, 0, 1, 0, 1, 0]",1
23,1,125,"[3, 3, 3, 4, 3, 3, 3, 3, 3, 3]","[0, 0, 0, 0, 0, 0, 0, 0, 1, 1]",1
23,1,126,"[5, 1, 4, 4, 4, 4, 5, 4, 4, 5]","[1, 0, 0, 0, 0, 0, 0, 1, 0, 0]",1
23,1,127,"[3, 3, 3, 3, 3, 3, 3, 4, 4, 3]","[0, 1, 0, 0, 0, 1, 0, 0, 0, 1]",1
23,1,128,"[6, 8, 6, 6, 6, 5, 4, 5, 6, 7]","[0, 0, 0, 0, 0, 0, 0, 0, 0, 0]",1
23,1,129,"[3, 3, 5, 3, 4, 4, 3, 5, 3, 2]","[1, 0, 0, 0, 0, 0, 0, 0, 1, 1]",1
23,1,130,"[8, 5, 8, 7, 7, 5, 6, 5, 5, 5]","[0, 0, 0, 0, 1, 0, 0, 0, 0, 1]",1
23,1,131,"[1, 6, 1, 1, 5, 2, 7, 5, 1, 8]","[0, 1, 0, 0, 1, 0, 1, 0, 1, 1]",1
23,1,132,"[2, 4, 4, 4, 5, 4, 4, 4, 2, 3]","[1, 0, 0, 0, 0, 0, 0, 0, 0, 0]",1
23,1,133,"[9, 4, 9, 9, 9, 9, 7, 9, 9, 1]","[0, 1, 1, 0, 1, 0, 1, 1, 0, 0]",1
23,1,134,"[5, 5, 4, 4, 4, 4, 4, 4, 5, 4]","[1, 1, 0, 0, 0, 0, 0, 0, 0, 1]",1
23,1,135,"[5, 6, 4, 5, 5, 6, 2, 5, 4, 1]","[0, 0, 0, 0, 0, 0, 0, 0, 0, 0]",1
23,1,136,"[5, 6, 5, 6, 5, 5, 5, 7, 5, 5]","[0, 0, 1, 0, 1, 0, 1, 0, 1, 0]",1
23,1,137,"[4, 7, 6, 1, 2, 2, 4, 3, 2, 2]","[0, 0, 1, 0, 0, 0, 0, 0, 0, 0]",1
23,1,138,"[7, 7, 7, 7, 7, 7, 7, 7, 7, 7]","[0, 0, 1, 1, 1, 0, 1, 1, 0, 0]",1
23,1,139,"[8, 4, 8, 3, 3, 4, 5, 3, 5, 7]","[0, 0, 1, 0, 0, 0, 0, 0, 0, 0]",1
23,1,140,"[5, 7, 5, 7, 7, 5, 4, 6, 8, 4]","[0, 0, 1, 0, 0, 0, 0, 1, 0, 0]",1
23,1,141,"[3, 1, 2, 3, 5, 8, 4, 2, 1, 1]","[1, 0, 1, 0, 0, 1, 0, 0, 1, 0]",1
23,1,142,"[5, 7, 6, 1, 3, 2, 7, 3, 8, 2]","[0, 0, 0, 1, 0, 0, 1, 0, 0, 0]",1
23,1,143,"[3, 3, 4, 3, 2, 3, 3, 3, 3, 2]","[0, 1, 0, 0, 0, 0, 1, 0, 0, 0]",1
23,1,144,"[5, 5, 6, 5, 5, 4, 5, 5, 5, 5]","[0, 0, 0, 0, 0, 0, 0, 0, 1, 0]",1
23,1,145,"[5, 5, 7, 6, 5, 5, 3, 5, 5, 5]","[1, 0, 0, 1, 0, 1, 0, 0, 0, 0]",1
23,1,146,"[4, 5, 5, 4, 5, 5, 5, 5, 5, 5]","[0, 0, 0, 0, 1, 1, 0, 1, 1, 0]",1
23,1,147,"[5, 5, 5, 4, 3, 5, 3, 4, 5, 5]","[1, 0, 0, 0, 0, 0, 0, 0, 0, 0]",1
23,1,148,"[4, 5, 7, 4, 5, 5, 4, 2, 7, 4]","[0, 1, 1, 0, 0, 1, 0, 1, 1, 1]",1
23,1,149,"[2, 4, 3, 4, 4, 3, 3, 4, 4, 6]","[0, 0, 1, 0, 0, 0, 0, 1, 0, 0]",1
23,1,150,"[4, 2, 2, 8, 2, 4, 3, 3, 2, 4]","[0, 0, 0, 0, 0, 1, 0, 0, 0, 0]",1
23,1,151,"[3, 1, 4, 3, 4, 4, 5, 4, 3, 3]","[0, 0, 0, 0, 0, 0, 1, 0, 0, 0]",1
23,1,152,"[3, 2, 3, 2, 3, 2, 3, 2, 3, 3]","[0, 0, 0, 0, 0, 0, 0, 0, 0, 0]",1
23,1,153,"[3, 2, 2, 2, 3, 2, 6, 3, 1, 3]","[0, 0, 0, 0, 0, 0, 0, 0, 0, 1]",1
23,1,154,"[5, 5, 5, 4, 4, 5, 6, 5, 6, 4]","[0, 0, 0, 0, 0, 1, 0, 0, 1, 0]",1
23,1,155,"[3, 5, 5, 6, 4, 5, 4, 4, 5, 4]","[0, 0, 0, 0, 0, 0, 0, 0, 0, 0]",1
23,1,156,"[4, 4, 3, 4, 4, 4, 4, 4, 4, 4]","[0, 0, 0, 0, 0, 0, 0, 1, 0, 0]",1
23,1,157,"[4, 4, 3, 3, 6, 3, 4, 3, 4, 5]","[0, 0, 0, 0, 0, 0, 0, 1, 0, 0]",1
23,1,158,"[8, 2, 6, 3, 9, 3, 2, 9, 2, 9]","[0, 0, 0, 0, 0, 0, 0, 0, 0, 0]",1
23,1,159,"[6, 7, 6, 5, 6, 7, 6, 6, 6, 6]","[0, 0, 1, 0, 0, 0, 1, 1, 1, 1]",1
23,1,160,"[5, 6, 4, 6, 4, 4, 4, 4, 5, 7]","[1, 1, 1, 1, 0, 1, 0, 1, 1, 1]",1
23,1,161,"[4, 5, 5, 5, 3, 5, 4, 5, 5, 5]","[1, 0, 1, 1, 0, 0, 0, 0, 1, 0]",1
23,1,162,"[4, 6, 4, 7, 6, 7, 4, 6, 6, 6]","[0, 0, 1, 0, 0, 0, 1, 0, 1, 0]",1
23,1,163,"[5, 5, 5, 4, 6, 5, 5, 2, 5, 4]","[0, 1, 0, 0, 0, 0, 0, 0, 0, 0]",1
23,1,164,"[9, 9, 9, 9, 9, 9, 9, 9, 9, 9]","[0, 0, 0, 1, 1, 0, 0, 0, 0, 1]",1
23,1,165,"[5, 3, 3, 3, 3, 3, 3, 4, 3, 3]","[0, 0, 0, 0, 0, 0, 0, 1, 0, 0]",1
23,1,166,"[4, 7, 8, 4, 8, 7, 8, 7, 8, 6]","[0, 0, 1, 0, 1, 0, 0, 1, 0, 1]",1
23,1,167,"[9, 9, 9, 9, 9, 9, 9, 9, 9, 9]","[1, 0, 1, 0, 0, 1, 1, 0, 1, 1]",1
23,1,168,"[5, 1, 5, 3, 5, 4, 2, 5, 5, 5]","[0, 0, 1, 0, 0, 0, 0, 0, 0, 1]",1
23,1,169,"[7, 5, 7, 7, 6, 5, 6, 5, 7, 4]","[0, 0, 0, 0, 0, 0, 0, 0, 0, 0]",1
23,1,170,"[3, 3, 3, 6, 4, 3, 2, 3, 3, 3]","[1, 1, 1, 1, 1, 1, 1, 1, 0, 0]",1
23,1,171,"[6, 4, 7, 4, 7, 8, 7, 7, 7, 3]","[1, 1, 0, 0, 1, 1, 0, 1, 1, 1]",1
23,1,172,"[4, 4, 4, 1, 4, 6, 2, 6, 5, 3]","[0, 0, 0, 0, 0, 0, 0, 1, 0, 0]",1
23,1,173,"[4, 4, 5, 3, 6, 5, 5, 5, 3, 5]","[1, 0, 1, 0, 0, 1, 0, 1, 0, 0]",1
23,1,174,"[4, 5, 4, 5, 8, 4, 5, 5, 2, 5]","[0, 0, 1, 0, 0, 0, 0, 1, 0, 1]",1
23,1,175,"[3, 2, 2, 2, 2, 2, 2, 2, 2, 2]","[0, 0, 0, 0, 0, 0, 0, 0, 0, 0]",1
23,1,176,"[6, 1, 6, 6, 7, 6, 5, 6, 6, 6]","[0, 0, 1, 0, 0, 1, 0, 1, 0, 1]",1
23,1,177,"[6, 1, 5, 5, 1, 4, 4, 4, 5, 2]","[1, 0, 1, 0, 0, 0, 0, 0, 1, 0]",1
23,1,178,"[4, 4, 6, 6, 6, 6, 4, 6, 6, 5]","[0, 0, 0, 1, 0, 0, 0, 0, 0, 0]",1
23,1,179,"[7, 4, 6, 5, 5, 4, 4, 7, 1, 6]","[0, 0, 0, 0, 0, 0, 0, 1, 0, 1]",1
23,1,180,"[3, 3, 3, 5, 3, 3, 3, 3, 3, 3]","[0, 1, 0, 1, 1, 0, 0, 0, 0, 0]",1
23,1,181,"[5, 2, 5, 4, 6, 7, 4, 5, 5, 5]","[0, 0, 1, 1, 1, 1, 0, 0, 0, 0]",1
23,1,182,"[7, 7, 6, 7, 2, 6, 9, 2, 7, 7]","[1, 1, 0, 1, 0, 1, 1, 1, 1, 1]",1
23,1,183,"[4, 4, 5, 5, 5, 4, 3, 4, 4, 4]","[0, 0, 1, 0, 1, 0, 0, 0, 0, 0]",1
23,1,184,"[3, 4, 3, 4, 3, 1, 4, 3, 4, 3]","[0, 0, 0, 1, 0, 0, 1, 0, 0, 0]",1
23,1,185,"[7, 6, 6, 7, 8, 6, 5, 7, 2, 6]","[1, 0, 0, 0, 1, 0, 0, 0, 0, 0]",1
23,1,186,"[3, 7, 7, 5, 5, 4, 6, 7, 4, 5]","[0, 0, 1, 0, 1, 0, 0, 0, 0, 0]",1
23,1,187,"[5, 5, 3, 6, 5, 4, 5, 5, 8, 6]","[0, 0, 0, 1, 0, 0, 0, 1, 1, 0]",1
23,1,188,"[7, 3, 3, 5, 8, 2, 3, 3, 3, 4]","[0, 0, 0, 0, 1, 0, 0, 0, 0, 0]",1
23,1,189,"[3, 3, 3, 2, 3, 3, 3, 3, 4, 3]","[1, 0, 1, 1, 0, 0, 0, 0, 0, 1]",1
23,1,190,"[3, 2, 4, 2, 3, 1, 2, 3, 1, 4]","[0, 0, 0, 0, 0, 0, 0, 1, 0, 1]",1
23,1,191,"[3, 5, 8, 4, 4, 5, 5, 3, 5, 1]","[0, 0, 0, 1, 0, 0, 0, 1, 0, 0]",1
23,1,192,"[3, 2, 3, 4, 4, 3, 2, 3, 2, 2]","[0, 0, 0, 0, 0, 0, 0, 0, 0, 0]",1
23,1,193,"[7, 5, 7, 7, 6, 6, 6, 6, 6, 3]","[1, 0, 1, 1, 1, 1, 0, 0, 0, 0]",1
23,1,194,"[4, 2, 6, 3, 4, 1, 2, 4, 3, 2]","[0, 0, 0, 0, 1, 0, 0, 0, 0, 0]",1
23,1,195,"[2, 3, 1, 1, 7, 5, 1, 1, 1, 1]","[0, 1, 0, 0, 1, 0, 0, 0, 0, 0]",1
23,1,196,"[3, 4, 8, 3, 4, 6, 3, 3, 3, 3]","[1, 1, 0, 0, 0, 0, 0, 0, 0, 0]",1
23,1,197,"[6, 5, 6, 6, 6, 6, 6, 6, 6, 6]","[0, 1, 1, 0, 1, 1, 0, 1, 0, 0]",1
23,1,198,"[1, 4, 1, 4, 5, 5, 5, 1, 4, 3]","[0, 1, 0, 0, 0, 1, 0, 0, 0, 0]",1
23,1,199,"[3, 1, 2, 2, 2, 2, 2, 2, 1, 1]","[0, 0, 0, 0, 0, 0, 0, 0, 0, 0]",1
23,1,200,"[2, 2, 2, 2, 2, 2, 2, 2, 2, 2]","[0, 0, 0, 0, 0, 0, 0, 0, 0, 0]",1
23,1,201,"[7, 4, 4, 4, 5, 5, 4, 4, 4, 4]","[0, 0, 1, 0, 0, 0, 0, 0, 0, 0]",1
23,1,202,"[4, 4, 3, 4, 4, 4, 4, 4, 4, 3]","[0, 1, 0, 1, 0, 0, 1, 0, 0, 0]",1
23,1,203,"[3, 1, 4, 4, 4, 3, 3, 4, 2, 3]","[0, 0, 0, 0, 0, 0, 0, 0, 0, 0]",1
23,1,204,"[2, 2, 2, 2, 2, 2, 2, 2, 3, 9]","[0, 0, 0, 0, 0, 0, 0, 0, 0, 1]",1
23,1,205,"[9, 8, 9, 9, 9, 8, 9, 9, 9, 9]","[1, 1, 1, 1, 1, 1, 1, 1, 1, 1]",1
23,1,206,"[3, 2, 6, 3, 2, 6, 2, 2, 3, 2]","[0, 0, 0, 0, 0, 0, 0, 0, 0, 0]",1
23,1,207,"[2, 3, 3, 2, 2, 1, 1, 2, 2, 2]","[0, 0, 1, 0, 0, 0, 0, 0, 0, 0]",1
23,1,208,"[5, 5, 5, 5, 5, 5, 4, 6, 5, 3]","[0, 0, 0, 0, 1, 0, 0, 0, 0, 0]",1
23,1,209,"[8, 3, 7, 1, 7, 7, 3, 4, 2, 7]","[1, 0, 0, 0, 0, 0, 0, 0, 0, 1]",1
24,0,0,"[7, 6, 6, 5, 6, 8, 6, 6, 6, 8]","[0, 0, 0, 0, 1, 0, 0, 0, 0, 0]",1
24,0,1,"[7, 6, 6, 6, 8, 6, 2, 8, 6, 6]","[1, 0, 0, 0, 0, 0, 0, 0, 0, 0]",1
24,0,2,"[8, 9, 8, 8, 8, 8, 8, 5, 9, 8]","[0, 0, 0, 1, 0, 0, 0, 0, 1, 1]",1
24,0,3,"[5, 7, 6, 6, 4, 5, 5, 5, 6, 3]","[0, 0, 0, 0, 0, 0, 1, 0, 0, 0]",1
24,0,4,"[3, 3, 5, 3, 3, 4, 4, 4, 2, 4]","[0, 0, 0, 0, 0, 0, 0, 0, 0, 0]",1
24,0,5,"[6, 5, 4, 6, 6, 7, 6, 6, 6, 6]","[0, 1, 0, 0, 0, 0, 0, 1, 1, 0]",1
24,0,6,"[5, 5, 3, 4, 4, 6, 7, 6, 4, 5]","[0, 1, 0, 1, 0, 0, 0, 0, 0, 1]",1
24,0,7,"[8, 5, 6, 8, 9, 6, 6, 7, 7, 8]","[1, 0, 1, 0, 1, 1, 0, 1, 0, 1]",1
24,0,8,"[4, 4, 4, 4, 4, 4, 5, 4, 6, 4]","[0, 0, 0, 0, 0, 0, 0, 0, 0, 0]",1
24,0,9,"[7, 4, 2, 3, 2, 5, 2, 5, 7, 6]","[1, 1, 0, 0, 0, 0, 0, 1, 0, 1]",1
24,0,10,"[5, 4, 5, 5, 5, 2, 5, 3, 3, 4]","[1, 0, 0, 1, 0, 0, 0, 0, 0, 0]",1
24,0,11,"[1, 3, 4, 5, 4, 4, 5, 4, 5, 4]","[0, 0, 0, 0, 0, 0, 1, 0, 0, 0]",1
24,0,12,"[6, 6, 6, 6, 6, 5, 6, 6, 6, 5]","[0, 0, 0, 0, 0, 0, 1, 0, 1, 0]",1
24,0,13,"[7, 7, 7, 9, 7, 7, 8, 5, 5, 6]","[0, 0, 0, 0, 0, 0, 0, 0, 0, 0]",1
24,0,14,"[8, 2, 5, 9, 6, 5, 5, 8, 5, 5]","[0, 0, 0, 0, 0, 0, 1, 0, 0, 0]",1
24,0,15,"[8, 5, 3, 4, 5, 4, 2, 5, 4, 5]","[0, 0, 0, 0, 0, 1, 0, 0, 0, 0]",1
24,0,16,"[7, 6, 5, 3, 8, 8, 7, 7, 6, 6]","[0, 0, 0, 0, 1, 0, 1, 0, 0, 0]",1
24,0,17,"[7, 8, 6, 6, 7, 5, 8, 2, 6, 8]","[0, 0, 1, 0, 0, 0, 0, 1, 0, 1]",1
24,0,18,"[7, 7, 1, 7, 7, 7, 8, 9, 9, 7]","[0, 1, 0, 0, 1, 0, 0, 1, 0, 0]",1
24,0,19,"[3, 3, 4, 2, 6, 2, 2, 4, 4, 1]","[0, 0, 1, 0, 0, 0, 0, 0, 0, 0]",1
24,0,20,"[4, 5, 5, 7, 8, 6, 5, 5, 4, 4]","[0, 0, 0, 0, 0, 1, 1, 0, 1, 0]",1
24,0,21,"[6, 5, 9, 7, 3, 9, 9, 2, 7, 6]","[1, 1, 0, 0, 0, 0, 0, 0, 0, 0]",1
24,0,22,"[4, 7, 4, 4, 5, 4, 2, 5, 5, 4]","[0, 0, 0, 0, 0, 0, 1, 0, 0, 0]",1
24,0,23,"[5, 5, 3, 6, 3, 3, 3, 4, 4, 5]","[0, 0, 0, 1, 0, 1, 0, 0, 1, 0]",1
24,0,24,"[1, 5, 2, 3, 7, 5, 4, 5, 4, 5]","[0, 0, 0, 0, 1, 0, 0, 0, 0, 0]",1
24,0,25,"[6, 6, 6, 6, 8, 6, 6, 7, 6, 6]","[0, 0, 0, 0, 1, 0, 0, 0, 1, 0]",1
24,0,26,"[9, 9, 9, 9, 5, 1, 9, 1, 9, 9]","[0, 0, 1, 1, 0, 0, 1, 0, 0, 0]",1
24,0,27,"[6, 6, 6, 6, 6, 6, 6, 6, 6, 5]","[0, 1, 0, 1, 0, 1, 0, 0, 0, 0]",1
24,0,28,"[5, 5, 5, 5, 6, 4, 5, 6, 5, 5]","[0, 0, 0, 0, 0, 0, 0, 1, 0, 0]",1
24,0,29,"[9, 9, 9, 9, 9, 9, 9, 9, 9, 9]","[0, 0, 0, 0, 0, 0, 0, 0, 1, 0]",1
24,0,30,"[6, 6, 6, 6, 5, 6, 7, 3, 5, 5]","[1, 1, 0, 0, 1, 0, 1, 0, 0, 1]",1
24,0,31,"[6, 7, 7, 6, 6, 9, 6, 6, 4, 6]","[0, 0, 0, 1, 0, 0, 0, 0, 0, 1]",1
24,0,32,"[4, 6, 7, 6, 5, 5, 6, 3, 4, 2]","[0, 1, 0, 0, 0, 0, 1, 0, 0, 0]",1
24,0,33,"[2, 3, 3, 3, 3, 3, 3, 3, 3, 3]","[0, 0, 0, 0, 0, 1, 0, 0, 0, 0]",1
24,0,34,"[5, 5, 7, 6, 6, 7, 6, 7, 7, 6]","[1, 1, 0, 0, 1, 1, 0, 1, 1, 1]",1
24,0,35,"[4, 3, 5, 4, 6, 4, 5, 5, 3, 3]","[0, 0, 0, 0, 0, 1, 1, 1, 0, 0]",1
24,0,36,"[8, 1, 9, 9, 7, 5, 9, 9, 1, 9]","[1, 0, 0, 1, 0, 0, 0, 0, 0, 0]",1
24,0,37,"[5, 5, 3, 5, 5, 5, 3, 3, 5, 8]","[0, 1, 1, 1, 0, 1, 0, 0, 0, 0]",1
24,0,38,"[4, 6, 5, 4, 5, 5, 6, 5, 6, 6]","[0, 0, 1, 0, 0, 0, 0, 0, 1, 0]",1
24,0,39,"[2, 6, 4, 3, 1, 1, 1, 1, 2, 1]","[0, 0, 1, 0, 0, 0, 0, 1, 1, 0]",1
24,0,40,"[4, 5, 5, 5, 5, 5, 4, 3, 6, 5]","[0, 0, 0, 0, 0, 0, 0, 0, 1, 0]",1
24,0,41,"[4, 8, 4, 5, 5, 4, 3, 3, 6, 5]","[0, 1, 0, 0, 0, 0, 0, 0, 0, 0]",1
24,0,42,"[3, 3, 3, 3, 3, 4, 3, 2, 3, 2]","[0, 0, 0, 0, 0, 0, 0, 0, 0, 0]",1
24,0,43,"[7, 4, 6, 7, 7, 6, 6, 6, 4, 3]","[0, 0, 0, 0, 0, 0, 0, 0, 0, 0]",1
24,0,44,"[5, 4, 4, 6, 4, 4, 5, 5, 6, 5]","[0, 0, 0, 0, 1, 1, 0, 0, 0, 0]",1
24,0,45,"[5, 7, 5, 6, 5, 8, 5, 4, 5, 5]","[0, 1, 1, 0, 1, 1, 1, 0, 0, 0]",1
24,0,46,"[4, 3, 3, 4, 3, 3, 3, 3, 5, 3]","[0, 0, 0, 0, 0, 0, 0, 0, 0, 0]",1
24,0,47,"[5, 6, 6, 6, 7, 6, 5, 6, 2, 9]","[0, 0, 1, 0, 0, 0, 0, 0, 0, 0]",1
24,0,48,"[4, 5, 5, 6, 5, 5, 5, 5, 5, 6]","[1, 1, 0, 1, 0, 1, 0, 0, 0, 1]",1
24,0,49,"[3, 5, 7, 4, 5, 5, 5, 4, 4, 5]","[0, 0, 0, 0, 1, 1, 0, 0, 0, 0]",1
24,0,50,"[5, 7, 7, 9, 7, 8, 8, 7, 8, 7]","[1, 0, 0, 1, 0, 0, 1, 1, 0, 0]",1
24,0,51,"[5, 5, 6, 7, 5, 6, 5, 5, 5, 5]","[1, 0, 0, 0, 1, 0, 0, 0, 1, 0]",1
24,0,52,"[1, 4, 6, 1, 2, 5, 4, 3, 2, 2]","[0, 1, 1, 0, 0, 0, 1, 1, 0, 0]",1
24,0,53,"[4, 4, 4, 6, 4, 3, 4, 3, 4, 4]","[0, 0, 0, 1, 0, 0, 0, 0, 0, 0]",1
24,0,54,"[8, 5, 9, 7, 8, 9, 7, 7, 3, 4]","[1, 0, 0, 0, 1, 1, 1, 0, 0, 1]",1
24,0,55,"[8, 6, 7, 6, 6, 7, 7, 7, 7, 8]","[0, 1, 0, 0, 1, 0, 0, 0, 0, 0]",1
24,0,56,"[1, 1, 6, 1, 7, 1, 1, 1, 1, 1]","[0, 0, 0, 0, 1, 0, 1, 0, 0, 0]",1
24,0,57,"[6, 3, 5, 5, 3, 3, 4, 4, 5, 7]","[0, 0, 0, 0, 0, 0, 0, 0, 1, 1]",1
24,0,58,"[5, 5, 5, 3, 7, 7, 6, 7, 6, 7]","[0, 0, 0, 0, 0, 0, 1, 1, 0, 0]",1
24,0,59,"[3, 1, 4, 8, 5, 5, 4, 4, 4, 5]","[0, 0, 0, 1, 0, 0, 0, 0, 0, 0]",1
24,0,60,"[4, 2, 6, 3, 4, 3, 1, 2, 4, 3]","[1, 0, 0, 0, 0, 0, 0, 0, 0, 0]",1
24,0,61,"[8, 4, 3, 4, 4, 4, 9, 7, 5, 5]","[1, 0, 0, 1, 0, 0, 0, 0, 0, 0]",1
24,0,62,"[7, 7, 8, 8, 7, 7, 8, 7, 8, 8]","[1, 0, 0, 0, 0, 1, 0, 0, 1, 1]",1
24,0,63,"[6, 6, 5, 6, 6, 6, 6, 7, 6, 6]","[0, 0, 0, 0, 0, 0, 1, 0, 0, 1]",1
24,0,64,"[7, 8, 8, 7, 7, 7, 7, 7, 7, 7]","[0, 0, 0, 0, 0, 0, 0, 0, 0, 1]",1
24,0,65,"[5, 3, 3, 4, 4, 1, 6, 5, 4, 6]","[1, 0, 0, 0, 0, 0, 1, 0, 1, 0]",1
24,0,66,"[3, 6, 5, 4, 6, 5, 4, 6, 5, 6]","[0, 0, 0, 1, 0, 0, 0, 1, 0, 1]",1
24,0,67,"[4, 5, 8, 4, 5, 4, 5, 5, 1, 5]","[0, 1, 0, 0, 0, 0, 0, 0, 0, 0]",1
24,0,68,"[3, 7, 8, 7, 7, 7, 7, 8, 6, 7]","[0, 0, 0, 0, 1, 0, 1, 0, 0, 1]",1
24,0,69,"[4, 3, 3, 4, 5, 5, 4, 2, 4, 5]","[1, 0, 0, 0, 1, 0, 0, 0, 0, 0]",1
24,0,70,"[6, 6, 4, 6, 6, 6, 6, 4, 5, 6]","[1, 1, 0, 0, 0, 0, 0, 0, 0, 1]",1
24,0,71,"[5, 5, 5, 5, 6, 5, 4, 5, 4, 5]","[1, 0, 0, 0, 0, 0, 0, 0, 0, 0]",1
24,0,72,"[4, 4, 9, 4, 4, 4, 4, 4, 4, 4]","[0, 0, 1, 0, 0, 0, 0, 0, 0, 0]",1
24,0,73,"[3, 7, 7, 6, 5, 3, 4, 6, 5, 5]","[0, 0, 0, 1, 1, 0, 1, 0, 1, 1]",1
24,0,74,"[3, 4, 5, 3, 4, 1, 5, 1, 3, 4]","[0, 0, 0, 1, 1, 0, 0, 0, 0, 0]",1
24,0,75,"[3, 3, 2, 3, 5, 8, 3, 3, 3, 2]","[1, 1, 1, 0, 0, 1, 1, 0, 0, 0]",1
24,0,76,"[5, 4, 2, 3, 5, 5, 1, 6, 5, 4]","[1, 0, 0, 0, 0, 1, 0, 0, 0, 0]",1
24,0,77,"[8, 8, 7, 7, 6, 7, 6, 7, 8, 7]","[1, 0, 0, 0, 0, 0, 0, 1, 0, 0]",1
24,0,78,"[7, 7, 7, 5, 6, 4, 4, 4, 6, 6]","[0, 1, 0, 1, 0, 1, 0, 0, 1, 0]",1
24,0,79,"[4, 9, 9, 6, 7, 9, 5, 8, 9, 9]","[0, 0, 0, 0, 0, 1, 0, 0, 1, 0]",1
24,0,80,"[9, 6, 6, 3, 8, 9, 5, 6, 8, 7]","[0, 1, 0, 0, 0, 1, 1, 0, 0, 1]",1
24,0,81,"[4, 5, 5, 4, 7, 5, 7, 7, 4, 6]","[0, 0, 0, 0, 0, 0, 0, 0, 1, 1]",1
24,0,82,"[8, 8, 4, 1, 5, 4, 6, 7, 5, 3]","[0, 0, 0, 0, 0, 0, 0, 0, 0, 0]",1
24,0,83,"[7, 6, 6, 5, 3, 6, 4, 8, 6, 8]","[0, 0, 0, 0, 0, 0, 0, 1, 0, 0]",1
24,0,84,"[4, 3, 3, 5, 3, 6, 9, 5, 3, 5]","[0, 0, 0, 0, 0, 0, 1, 0, 0, 0]",1
24,0,85,"[7, 7, 7, 7, 7, 7, 7, 7, 7, 7]","[0, 0, 1, 1, 0, 0, 0, 0, 0, 0]",1
24,0,86,"[7, 9, 9, 9, 8, 9, 9, 9, 8, 9]","[1, 0, 1, 0, 1, 0, 0, 0, 0, 0]",1
24,0,87,"[5, 1, 4, 5, 5, 4, 7, 7, 4, 3]","[0, 0, 0, 1, 0, 0, 0, 0, 0, 0]",1
24,0,88,"[2, 6, 6, 6, 6, 6, 7, 6, 6, 6]","[0, 0, 0, 0, 0, 0, 0, 1, 1, 0]",1
24,0,89,"[6, 2, 2, 3, 2, 6, 8, 2, 2, 2]","[0, 0, 0, 0, 0, 0, 0, 1, 0, 0]",1
24,0,90,"[9, 9, 9, 9, 9, 9, 9, 9, 9, 9]","[0, 1, 0, 0, 0, 0, 1, 0, 1, 0]",1
24,0,91,"[3, 3, 6, 5, 6, 4, 9, 3, 6, 6]","[0, 0, 0, 0, 0, 0, 0, 0, 0, 0]",1
24,0,92,"[7, 6, 6, 6, 6, 6, 5, 6, 6, 6]","[0, 0, 0, 0, 0, 0, 0, 0, 0, 1]",1
24,0,93,"[3, 2, 1, 3, 4, 2, 4, 2, 1, 3]","[0, 0, 0, 0, 0, 0, 1, 0, 0, 0]",1
24,0,94,"[3, 5, 6, 5, 5, 7, 6, 5, 6, 9]","[0, 0, 0, 0, 0, 0, 0, 1, 0, 1]",1
24,0,95,"[3, 4, 3, 5, 4, 3, 3, 2, 3, 4]","[0, 0, 0, 1, 0, 0, 0, 0, 0, 0]",1
24,0,96,"[5, 5, 4, 5, 4, 5, 5, 4, 5, 9]","[0, 0, 0, 0, 0, 0, 0, 1, 0, 0]",1
24,0,97,"[6, 4, 6, 5, 4, 4, 6, 4, 4, 3]","[0, 0, 0, 0, 0, 0, 1, 0, 0, 0]",1
24,0,98,"[9, 9, 9, 9, 9, 9, 9, 9, 9, 9]","[1, 0, 0, 0, 0, 0, 0, 0, 0, 0]",1
24,0,99,"[4, 4, 3, 2, 3, 3, 4, 6, 3, 3]","[0, 0, 0, 0, 0, 1, 0, 0, 0, 0]",1
24,0,100,"[1, 4, 2, 4, 2, 5, 4, 2, 5, 3]","[0, 0, 0, 1, 0, 0, 0, 0, 0, 0]",1
24,0,101,"[2, 8, 8, 8, 8, 8, 2, 8, 5, 1]","[0, 0, 0, 0, 1, 0, 0, 1, 1, 0]",1
24,0,102,"[1, 5, 8, 7, 5, 5, 6, 5, 5, 2]","[0, 0, 0, 0, 0, 0, 1, 0, 0, 0]",1
24,0,103,"[6, 7, 7, 7, 7, 7, 7, 7, 7, 7]","[0, 0, 1, 1, 0, 1, 1, 0, 0, 0]",1
24,0,104,"[9, 7, 9, 9, 9, 9, 9, 8, 9, 9]","[1, 1, 0, 0, 0, 0, 1, 1, 1, 1]",1
24,0,105,"[6, 6, 5, 7, 5, 7, 5, 9, 6, 8]","[0, 0, 0, 1, 0, 0, 0, 0, 0, 0]",1
24,0,106,"[5, 8, 3, 6, 7, 5, 7, 7, 6, 7]","[0, 0, 0, 0, 1, 0, 1, 0, 1, 0]",1
24,0,107,"[5, 4, 6, 4, 5, 5, 4, 4, 3, 4]","[1, 0, 0, 0, 0, 0, 0, 0, 0, 0]",1
24,0,108,"[8, 8, 9, 6, 8, 8, 9, 7, 9, 8]","[0, 0, 1, 0, 1, 0, 1, 0, 1, 0]",1
24,0,109,"[6, 3, 6, 6, 7, 6, 5, 6, 6, 5]","[0, 0, 0, 0, 0, 0, 0, 0, 0, 0]",1
24,0,110,"[4, 5, 8, 9, 9, 9, 9, 7, 9, 9]","[1, 1, 0, 0, 1, 0, 1, 1, 0, 1]",1
24,0,111,"[6, 5, 9, 2, 6, 7, 6, 7, 7, 6]","[0, 1, 0, 0, 0, 0, 0, 0, 1, 0]",1
24,0,112,"[4, 4, 4, 4, 4, 4, 4, 4, 3, 4]","[0, 1, 0, 0, 0, 0, 1, 0, 0, 0]",1
24,0,113,"[3, 3, 8, 6, 3, 7, 6, 7, 7, 6]","[0, 0, 0, 0, 0, 0, 0, 0, 0, 0]",1
24,0,114,"[3, 2, 4, 3, 4, 3, 4, 2, 4, 3]","[0, 0, 0, 0, 0, 0, 0, 0, 0, 0]",1
24,0,115,"[9, 9, 9, 9, 9, 9, 9, 9, 9, 9]","[0, 1, 0, 1, 1, 1, 0, 0, 1, 1]",1
24,0,116,"[9, 9, 8, 9, 9, 9, 9, 9, 9, 9]","[0, 0, 1, 0, 0, 0, 0, 0, 1, 0]",1
24,0,117,"[5, 5, 3, 5, 5, 5, 6, 5, 5, 4]","[0, 0, 0, 0, 0, 1, 0, 0, 0, 0]",1
24,0,118,"[5, 7, 7, 7, 7, 7, 7, 7, 6, 7]","[0, 1, 0, 0, 0, 0, 0, 1, 1, 0]",1
24,0,119,"[4, 5, 7, 4, 5, 3, 4, 4, 3, 4]","[0, 0, 0, 0, 0, 0, 0, 0, 0, 0]",1
24,0,120,"[6, 3, 7, 7, 8, 4, 5, 6, 5, 6]","[0, 0, 0, 0, 0, 0, 0, 0, 0, 0]",1
24,0,121,"[5, 5, 5, 6, 5, 5, 5, 5, 5, 5]","[0, 1, 0, 1, 0, 1, 0, 0, 0, 0]",1
24,0,122,"[6, 8, 6, 6, 6, 7, 6, 6, 3, 6]","[0, 0, 1, 0, 0, 0, 0, 0, 0, 0]",1
24,0,123,"[6, 4, 2, 5, 6, 6, 5, 6, 6, 5]","[0, 0, 0, 1, 0, 1, 0, 0, 0, 0]",1
24,0,124,"[9, 9, 6, 9, 8, 8, 8, 9, 9, 9]","[1, 0, 0, 0, 0, 0, 0, 0, 1, 0]",1
24,0,125,"[5, 5, 5, 5, 5, 5, 5, 6, 4, 5]","[1, 1, 1, 0, 0, 0, 1, 0, 0, 1]",1
24,0,126,"[5, 8, 5, 5, 5, 8, 5, 5, 5, 6]","[0, 0, 0, 0, 1, 1, 0, 0, 0, 0]",1
24,0,127,"[4, 8, 4, 5, 5, 4, 4, 3, 4, 5]","[1, 1, 0, 0, 0, 0, 0, 0, 0, 1]",1
24,0,128,"[4, 5, 7, 6, 7, 7, 5, 8, 8, 5]","[0, 1, 0, 0, 1, 1, 0, 0, 0, 0]",1
24,0,129,"[8, 7, 3, 6, 4, 7, 6, 6, 6, 7]","[0, 1, 0, 1, 1, 1, 0, 1, 0, 0]",1
24,0,130,"[6, 7, 7, 7, 7, 6, 7, 7, 7, 7]","[0, 1, 0, 0, 1, 0, 0, 0, 1, 0]",1
24,0,131,"[7, 7, 7, 7, 6, 8, 7, 8, 6, 5]","[1, 1, 1, 0, 0, 1, 0, 1, 0, 1]",1
24,0,132,"[3, 7, 5, 6, 6, 4, 3, 5, 4, 4]","[0, 0, 1, 0, 0, 0, 1, 1, 0, 0]",1
24,0,133,"[9, 9, 9, 9, 9, 8, 9, 9, 9, 9]","[0, 1, 1, 1, 1, 1, 0, 1, 1, 0]",1
24,0,134,"[7, 5, 4, 6, 5, 7, 4, 6, 8, 5]","[0, 1, 1, 1, 0, 1, 0, 0, 0, 0]",1
24,0,135,"[6, 7, 7, 5, 7, 6, 8, 4, 5, 8]","[0, 0, 0, 0, 0, 0, 1, 0, 0, 0]",1
24,0,136,"[6, 6, 4, 7, 6, 5, 3, 6, 6, 6]","[1, 0, 1, 0, 0, 1, 0, 0, 0, 0]",1
24,0,137,"[5, 4, 4, 4, 2, 4, 4, 3, 5, 7]","[1, 0, 0, 0, 0, 0, 0, 0, 0, 1]",1
24,0,138,"[4, 4, 4, 4, 4, 3, 4, 6, 3, 4]","[0, 1, 0, 0, 0, 0, 0, 0, 0, 0]",1
24,0,139,"[3, 4, 2, 4, 3, 4, 3, 3, 3, 6]","[0, 0, 0, 0, 0, 0, 0, 0, 0, 0]",1
24,0,140,"[5, 7, 5, 9, 9, 8, 7, 5, 3, 5]","[0, 1, 1, 0, 1, 0, 0, 0, 0, 1]",1
24,0,141,"[2, 6, 2, 5, 3, 1, 4, 4, 4, 6]","[0, 1, 0, 1, 0, 0, 0, 0, 0, 0]",1
24,0,142,"[5, 6, 7, 2, 7, 6, 3, 8, 3, 3]","[1, 0, 1, 0, 0, 0, 0, 1, 1, 0]",1
24,0,143,"[3, 4, 4, 4, 5, 6, 5, 4, 5, 4]","[0, 0, 0, 0, 0, 1, 0, 0, 0, 0]",1
24,0,144,"[8, 8, 8, 6, 8, 8, 8, 8, 8, 8]","[1, 1, 0, 1, 0, 0, 1, 0, 1, 0]",1
24,0,145,"[6, 7, 6, 6, 6, 5, 1, 6, 7, 8]","[0, 0, 0, 0, 0, 0, 0, 0, 0, 0]",1
24,0,146,"[7, 7, 7, 7, 7, 7, 7, 7, 7, 6]","[0, 0, 1, 0, 0, 1, 1, 0, 0, 0]",1
24,0,147,"[7, 5, 6, 1, 6, 6, 7, 7, 2, 8]","[1, 0, 0, 0, 0, 0, 0, 0, 0, 0]",1
24,0,148,"[3, 4, 5, 4, 5, 4, 8, 5, 5, 9]","[0, 0, 0, 0, 0, 1, 0, 0, 0, 0]",1
24,0,149,"[6, 6, 7, 6, 5, 6, 4, 5, 3, 5]","[0, 0, 1, 1, 0, 0, 0, 1, 0, 0]",1
24,0,150,"[4, 4, 4, 5, 4, 4, 5, 5, 4, 4]","[0, 0, 1, 0, 0, 1, 0, 0, 0, 0]",1
24,0,151,"[7, 4, 6, 3, 4, 9, 4, 6, 6, 3]","[0, 0, 0, 0, 0, 0, 0, 1, 0, 0]",1
24,0,152,"[8, 5, 5, 4, 5, 5, 4, 5, 5, 5]","[0, 0, 0, 0, 0, 0, 0, 0, 1, 0]",1
24,0,153,"[3, 5, 5, 5, 6, 6, 6, 4, 5, 6]","[0, 0, 0, 0, 0, 0, 0, 0, 0, 0]",1
24,0,154,"[2, 8, 8, 9, 3, 8, 8, 8, 7, 7]","[0, 0, 1, 0, 1, 1, 0, 1, 0, 0]",1
24,0,155,"[5, 5, 5, 5, 4, 5, 4, 5, 5, 5]","[0, 0, 1, 1, 0, 0, 0, 0, 0, 0]",1
24,0,156,"[3, 4, 3, 3, 7, 3, 3, 3, 3, 3]","[0, 0, 0, 0, 1, 0, 0, 0, 0, 0]",1
24,0,157,"[5, 8, 5, 5, 6, 4, 6, 5, 5, 6]","[0, 0, 0, 0, 0, 0, 0, 0, 0, 0]",1
24,0,158,"[8, 8, 6, 7, 7, 7, 7, 7, 7, 7]","[0, 0, 1, 0, 0, 1, 0, 0, 1, 0]",1
24,0,159,"[7, 7, 9, 7, 7, 6, 7, 8, 6, 6]","[1, 0, 1, 0, 1, 0, 1, 0, 0, 0]",1
24,0,160,"[9, 9, 6, 5, 6, 7, 9, 9, 9, 9]","[1, 0, 0, 0, 1, 1, 0, 0, 0, 0]",1
24,0,161,"[5, 5, 6, 6, 6, 6, 6, 3, 5, 6]","[1, 0, 0, 0, 0, 1, 0, 0, 1, 0]",1
24,0,162,"[8, 8, 7, 8, 9, 9, 8, 9, 9, 7]","[0, 0, 0, 0, 0, 0, 0, 0, 1, 0]",1
24,0,163,"[8, 8, 7, 8, 8, 8, 7, 8, 8, 8]","[1, 0, 0, 0, 0, 0, 0, 1, 0, 0]",1
24,0,164,"[9, 9, 9, 9, 9, 9, 9, 9, 9, 9]","[1, 0, 1, 0, 1, 0, 0, 0, 0, 0]",1
24,0,165,"[3, 8, 5, 5, 6, 5, 5, 7, 5, 8]","[0, 0, 1, 0, 0, 1, 1, 0, 0, 1]",1
24,0,166,"[6, 6, 6, 7, 6, 6, 8, 5, 5, 7]","[0, 0, 0, 0, 0, 0, 1, 0, 0, 0]",1
24,0,167,"[9, 8, 9, 9, 9, 9, 9, 8, 9, 9]","[1, 0, 0, 0, 0, 0, 0, 0, 0, 1]",1
24,0,168,"[7, 7, 5, 6, 7, 6, 7, 7, 5, 5]","[0, 1, 0, 0, 0, 1, 0, 0, 0, 0]",1
24,0,169,"[5, 7, 4, 6, 5, 4, 3, 6, 5, 5]","[0, 0, 0, 0, 0, 0, 1, 0, 0, 0]",1
24,0,170,"[9, 4, 9, 9, 9, 9, 9, 9, 9, 9]","[1, 0, 0, 1, 0, 1, 1, 0, 1, 0]",1
24,0,171,"[9, 5, 5, 3, 5, 5, 2, 6, 6, 3]","[1, 1, 1, 1, 0, 0, 0, 0, 0, 0]",1
24,0,172,"[6, 5, 6, 7, 7, 4, 3, 5, 6, 4]","[1, 1, 0, 0, 1, 0, 0, 0, 0, 0]",1
24,0,173,"[8, 5, 8, 9, 4, 5, 8, 6, 5, 8]","[1, 0, 1, 0, 0, 0, 0, 1, 0, 1]",1
24,0,174,"[5, 5, 6, 7, 6, 6, 7, 6, 8, 5]","[0, 0, 0, 0, 0, 0, 0, 0, 0, 0]",1
24,0,175,"[5, 6, 5, 6, 6, 7, 6, 4, 3, 8]","[0, 0, 0, 0, 1, 1, 0, 0, 0, 0]",1
24,0,176,"[9, 8, 8, 8, 8, 7, 8, 7, 8, 8]","[0, 1, 0, 1, 0, 1, 0, 1, 1, 1]",1
24,0,177,"[1, 9, 9, 9, 7, 6, 9, 2, 3, 9]","[0, 1, 1, 1, 1, 1, 1, 0, 0, 1]",1
24,0,178,"[7, 7, 7, 7, 7, 6, 8, 5, 6, 7]","[1, 0, 1, 0, 0, 0, 0, 0, 0, 1]",1
24,0,179,"[6, 9, 6, 5, 7, 6, 4, 5, 9, 9]","[0, 0, 1, 0, 0, 0, 0, 0, 1, 0]",1
24,0,180,"[3, 4, 4, 5, 4, 4, 4, 4, 4, 4]","[0, 0, 1, 0, 0, 0, 0, 0, 0, 0]",1
24,0,181,"[4, 2, 4, 5, 8, 3, 4, 2, 5, 2]","[0, 0, 0, 0, 1, 0, 0, 0, 0, 0]",1
24,0,182,"[6, 6, 6, 4, 5, 7, 6, 1, 6, 6]","[1, 0, 1, 0, 1, 1, 0, 0, 1, 1]",1
24,0,183,"[5, 2, 3, 8, 5, 5, 7, 7, 8, 5]","[0, 0, 0, 0, 0, 0, 1, 0, 0, 0]",1
24,0,184,"[2, 3, 4, 7, 6, 6, 7, 4, 7, 5]","[0, 1, 0, 1, 0, 0, 0, 0, 0, 0]",1
24,0,185,"[5, 8, 4, 8, 5, 9, 3, 8, 7, 2]","[0, 0, 0, 0, 0, 1, 0, 0, 0, 0]",1
24,0,186,"[9, 9, 3, 9, 9, 5, 8, 8, 4, 2]","[0, 1, 0, 0, 0, 0, 0, 0, 0, 0]",1
24,0,187,"[7, 6, 5, 6, 4, 3, 8, 7, 2, 1]","[0, 0, 0, 0, 0, 0, 0, 0, 0, 0]",1
24,0,188,"[9, 9, 9, 8, 2, 9, 9, 9, 9, 9]","[0, 0, 1, 1, 1, 1, 0, 1, 1, 1]",1
24,0,189,"[9, 8, 4, 8, 2, 7, 8, 9, 5, 2]","[1, 1, 0, 1, 0, 0, 1, 1, 1, 1]",1
24,0,190,"[6, 5, 6, 6, 3, 5, 5, 3, 6, 6]","[0, 0, 0, 1, 0, 0, 1, 0, 1, 0]",1
24,0,191,"[3, 1, 7, 9, 6, 8, 7, 9, 1, 8]","[1, 1, 0, 1, 1, 1, 0, 1, 0, 1]",1
24,0,192,"[9, 9, 7, 9, 7, 9, 9, 9, 9, 9]","[1, 1, 0, 1, 0, 0, 0, 1, 0, 0]",1
24,0,193,"[4, 4, 4, 4, 4, 4, 4, 9, 3, 4]","[0, 0, 0, 0, 0, 0, 0, 0, 0, 0]",1
24,0,194,"[4, 6, 7, 7, 8, 5, 5, 6, 5, 5]","[0, 0, 0, 1, 0, 0, 0, 0, 1, 0]",1
24,0,195,"[1, 2, 6, 3, 1, 5, 3, 5, 1, 4]","[0, 1, 0, 0, 0, 0, 0, 1, 0, 0]",1
24,0,196,"[4, 5, 5, 4, 2, 5, 2, 3, 4, 2]","[0, 0, 0, 0, 0, 0, 0, 1, 0, 0]",1
24,0,197,"[7, 3, 7, 7, 7, 7, 7, 6, 7, 7]","[0, 1, 0, 0, 0, 1, 0, 1, 0, 0]",1
24,0,198,"[1, 5, 7, 5, 4, 7, 4, 3, 3, 2]","[0, 0, 1, 1, 0, 0, 0, 1, 0, 0]",1
24,0,199,"[3, 2, 3, 3, 3, 4, 3, 3, 4, 3]","[0, 0, 0, 0, 0, 0, 0, 0, 0, 0]",1
24,0,200,"[2, 4, 3, 3, 3, 3, 3, 3, 3, 3]","[0, 0, 0, 0, 0, 0, 1, 0, 0, 0]",1
24,0,201,"[8, 9, 9, 4, 9, 5, 5, 1, 9, 8]","[1, 0, 0, 0, 0, 0, 0, 0, 0, 0]",1
24,0,202,"[5, 1, 6, 5, 5, 5, 7, 5, 5, 5]","[0, 0, 1, 1, 0, 0, 1, 0, 0, 1]",1
24,0,203,"[5, 2, 3, 4, 4, 4, 4, 4, 4, 3]","[0, 0, 0, 0, 0, 0, 0, 1, 0, 0]",1
24,0,204,"[8, 8, 8, 7, 8, 8, 8, 8, 8, 8]","[0, 0, 0, 1, 1, 0, 0, 0, 0, 1]",1
24,0,205,"[9, 9, 8, 9, 9, 9, 9, 8, 9, 9]","[1, 1, 0, 1, 1, 0, 1, 1, 1, 0]",1
24,0,206,"[8, 8, 8, 8, 4, 8, 8, 6, 8, 8]","[0, 1, 0, 0, 0, 0, 1, 0, 1, 0]",1
24,0,207,"[5, 4, 3, 4, 4, 4, 5, 4, 7, 4]","[0, 0, 1, 0, 0, 1, 0, 0, 0, 0]",1
24,0,208,"[6, 9, 8, 8, 9, 7, 8, 1, 8, 8]","[0, 0, 1, 0, 0, 1, 1, 0, 1, 1]",1
24,0,209,"[4, 5, 2, 4, 6, 6, 5, 5, 5, 5]","[0, 0, 0, 1, 1, 0, 0, 0, 0, 0]",1
24,1,0,"[7, 6, 7, 6, 6, 6, 6, 7, 6, 6]","[1, 1, 0, 1, 0, 0, 0, 0, 1, 0]",1
24,1,1,"[4, 4, 3, 3, 4, 4, 4, 4, 4, 4]","[0, 1, 0, 0, 0, 0, 0, 0, 0, 0]",1
24,1,2,"[5, 6, 5, 3, 2, 5, 7, 1, 2, 6]","[1, 0, 0, 0, 0, 1, 1, 0, 0, 1]",1
24,1,3,"[6, 6, 6, 7, 4, 6, 6, 8, 8, 5]","[0, 0, 1, 1, 1, 0, 1, 1, 0, 1]",1
24,1,4,"[2, 4, 4, 4, 1, 4, 3, 5, 6, 4]","[1, 1, 0, 0, 0, 1, 1, 0, 0, 0]",1
24,1,5,"[3, 3, 6, 3, 5, 5, 4, 2, 4, 4]","[0, 0, 0, 0, 0, 1, 0, 0, 1, 0]",1
24,1,6,"[5, 4, 5, 6, 6, 6, 4, 5, 2, 5]","[0, 0, 1, 1, 0, 1, 0, 0, 0, 0]",1
24,1,7,"[2, 4, 5, 6, 5, 3, 5, 5, 6, 3]","[0, 0, 0, 0, 0, 1, 0, 1, 1, 0]",1
24,1,8,"[3, 2, 3, 3, 4, 3, 4, 3, 4, 3]","[0, 1, 0, 0, 0, 0, 0, 1, 0, 0]",1
24,1,9,"[3, 1, 5, 2, 4, 4, 3, 4, 3, 5]","[0, 0, 1, 0, 1, 0, 0, 0, 1, 1]",1
24,1,10,"[4, 5, 4, 4, 4, 7, 5, 3, 2, 4]","[0, 0, 0, 1, 0, 0, 0, 0, 0, 1]",1
24,1,11,"[3, 3, 3, 3, 4, 4, 3, 3, 3, 3]","[0, 0, 0, 0, 0, 0, 0, 0, 0, 1]",1
24,1,12,"[4, 4, 4, 4, 4, 4, 4, 4, 4, 4]","[0, 0, 0, 0, 0, 0, 1, 0, 0, 0]",1
24,1,13,"[8, 5, 7, 3, 8, 8, 1, 8, 5, 8]","[1, 0, 1, 1, 0, 1, 0, 0, 0, 1]",1
24,1,14,"[9, 6, 3, 8, 2, 2, 2, 2, 3, 3]","[0, 0, 0, 1, 0, 0, 0, 0, 0, 0]",1
24,1,15,"[4, 2, 3, 4, 4, 5, 4, 5, 5, 4]","[0, 0, 0, 0, 0, 0, 0, 0, 1, 1]",1
24,1,16,"[7, 4, 6, 5, 4, 4, 8, 5, 6, 7]","[0, 0, 0, 0, 1, 1, 1, 0, 0, 0]",1
24,1,17,"[5, 7, 6, 4, 9, 6, 3, 4, 5, 4]","[0, 1, 0, 0, 0, 0, 0, 1, 0, 0]",1
24,1,18,"[1, 3, 5, 2, 3, 5, 3, 4, 2, 3]","[0, 0, 0, 0, 0, 0, 0, 0, 0, 0]",1
24,1,19,"[3, 3, 2, 6, 2, 3, 3, 3, 9, 3]","[0, 0, 0, 0, 0, 0, 1, 0, 1, 0]",1
24,1,20,"[3, 2, 4, 4, 4, 5, 6, 6, 4, 6]","[0, 0, 0, 0, 1, 0, 1, 1, 0, 0]",1
24,1,21,"[7, 3, 4, 7, 6, 3, 4, 5, 7, 6]","[0, 0, 0, 0, 0, 0, 0, 1, 0, 0]",1
24,1,22,"[3, 3, 4, 3, 3, 2, 3, 3, 3, 3]","[0, 0, 0, 0, 0, 1, 1, 1, 0, 0]",1
24,1,23,"[4, 4, 3, 4, 3, 3, 2, 4, 3, 4]","[0, 0, 0, 0, 0, 0, 1, 1, 0, 0]",1
24,1,24,"[2, 4, 3, 7, 3, 5, 5, 4, 4, 3]","[0, 0, 0, 1, 1, 0, 0, 1, 0, 0]",1
24,1,25,"[4, 4, 3, 4, 4, 4, 4, 4, 5, 3]","[0, 0, 0, 0, 1, 1, 0, 0, 0, 0]",1
24,1,26,"[9, 9, 9, 9, 9, 9, 9, 9, 9, 9]","[0, 0, 0, 0, 0, 0, 0, 0, 1, 0]",1
24,1,27,"[4, 5, 5, 4, 4, 4, 4, 4, 4, 3]","[1, 0, 1, 0, 0, 1, 0, 0, 1, 0]",1
24,1,28,"[5, 4, 9, 4, 3, 5, 5, 4, 3, 4]","[0, 1, 1, 0, 0, 0, 1, 0, 0, 0]",1
24,1,29,"[9, 6, 5, 9, 9, 9, 7, 9, 7, 9]","[1, 0, 0, 0, 0, 0, 1, 0, 0, 0]",1
24,1,30,"[8, 5, 7, 8, 7, 7, 7, 7, 6, 4]","[0, 0, 0, 1, 1, 0, 0, 1, 1, 0]",1
24,1,31,"[4, 3, 4, 4, 4, 4, 4, 4, 4, 4]","[0, 0, 1, 0, 1, 0, 0, 1, 1, 0]",1
24,1,32,"[7, 3, 4, 4, 3, 1, 4, 7, 4, 4]","[0, 0, 0, 0, 0, 0, 0, 1, 0, 0]",1
24,1,33,"[3, 3, 2, 3, 3, 4, 3, 3, 3, 4]","[0, 0, 0, 0, 0, 1, 0, 0, 1, 0]",1
24,1,34,"[7, 5, 6, 7, 5, 7, 5, 5, 5, 5]","[1, 0, 0, 1, 0, 0, 0, 1, 0, 0]",1
24,1,35,"[7, 2, 3, 3, 3, 2, 3, 3, 6, 2]","[1, 0, 1, 0, 0, 0, 0, 0, 0, 0]",1
24,1,36,"[4, 5, 7, 5, 5, 7, 4, 3, 4, 6]","[0, 0, 0, 0, 0, 0, 0, 0, 0, 0]",1
24,1,37,"[3, 4, 4, 7, 2, 3, 4, 4, 4, 3]","[0, 0, 1, 0, 0, 1, 0, 0, 0, 1]",1
24,1,38,"[3, 3, 4, 3, 5, 5, 3, 3, 4, 3]","[0, 0, 0, 0, 0, 0, 0, 0, 0, 0]",1
24,1,39,"[1, 2, 2, 5, 1, 2, 1, 1, 1, 1]","[0, 1, 1, 0, 0, 0, 0, 1, 0, 0]",1
24,1,40,"[2, 1, 3, 1, 4, 2, 2, 2, 2, 2]","[0, 0, 0, 0, 0, 0, 0, 0, 0, 0]",1
24,1,41,"[5, 1, 6, 6, 8, 4, 5, 3, 4, 2]","[0, 1, 0, 0, 1, 0, 1, 0, 0, 0]",1
24,1,42,"[3, 1, 2, 2, 3, 2, 3, 3, 4, 3]","[0, 0, 1, 0, 0, 0, 0, 0, 0, 0]",1
24,1,43,"[2, 3, 2, 6, 3, 4, 2, 2, 1, 2]","[0, 1, 1, 0, 0, 1, 0, 0, 0, 0]",1
24,1,44,"[3, 9, 3, 1, 7, 4, 4, 3, 7, 4]","[1, 1, 0, 0, 1, 0, 0, 1, 1, 1]",1
24,1,45,"[4, 3, 3, 4, 3, 4, 3, 4, 9, 2]","[1, 0, 1, 0, 0, 0, 0, 0, 1, 0]",1
24,1,46,"[2, 4, 3, 3, 3, 3, 3, 3, 4, 3]","[0, 1, 0, 0, 0, 0, 1, 0, 0, 0]",1
24,1,47,"[4, 4, 4, 5, 4, 5, 4, 4, 7, 5]","[0, 0, 0, 0, 1, 0, 0, 1, 1, 0]",1
24,1,48,"[3, 3, 3, 3, 3, 1, 3, 3, 4, 3]","[0, 0, 0, 1, 0, 0, 0, 0, 0, 1]",1
24,1,49,"[3, 8, 3, 5, 5, 4, 3, 3, 4, 4]","[0, 1, 0, 0, 0, 0, 0, 0, 1, 0]",1
24,1,50,"[4, 4, 4, 4, 6, 3, 4, 5, 4, 4]","[1, 1, 1, 0, 0, 0, 0, 0, 0, 1]",1
24,1,51,"[3, 3, 4, 1, 3, 3, 3, 3, 3, 4]","[0, 1, 0, 0, 0, 1, 0, 0, 0, 0]",1
24,1,52,"[2, 1, 1, 3, 3, 2, 2, 1, 2, 4]","[1, 1, 0, 0, 0, 1, 1, 1, 1, 0]",1
24,1,53,"[3, 7, 3, 4, 3, 3, 2, 3, 3, 2]","[0, 0, 0, 0, 0, 0, 0, 0, 0, 0]",1
24,1,54,"[1, 1, 1, 1, 3, 1, 1, 1, 1, 3]","[0, 0, 0, 0, 0, 0, 0, 0, 0, 0]",1
24,1,55,"[6, 6, 7, 5, 6, 6, 6, 1, 6, 6]","[0, 1, 1, 0, 0, 0, 1, 0, 1, 0]",1
24,1,56,"[4, 4, 9, 4, 4, 4, 5, 4, 4, 5]","[0, 0, 1, 0, 1, 0, 0, 0, 0, 0]",1
24,1,57,"[6, 2, 4, 3, 4, 1, 1, 4, 3, 4]","[0, 0, 0, 0, 1, 0, 1, 0, 1, 0]",1
24,1,58,"[2, 3, 5, 4, 6, 3, 3, 3, 3, 5]","[0, 1, 0, 1, 0, 0, 0, 0, 0, 0]",1
24,1,59,"[3, 3, 3, 3, 4, 3, 3, 3, 3, 3]","[0, 0, 0, 1, 0, 0, 0, 0, 0, 0]",1
24,1,60,"[3, 5, 3, 2, 2, 4, 3, 2, 6, 2]","[0, 0, 0, 0, 0, 1, 0, 1, 1, 0]",1
24,1,61,"[4, 3, 6, 4, 4, 4, 4, 4, 4, 4]","[0, 0, 0, 0, 0, 0, 0, 0, 1, 0]",1
24,1,62,"[9, 9, 9, 9, 9, 9, 9, 9, 9, 9]","[0, 0, 0, 1, 0, 0, 0, 0, 0, 0]",1
24,1,63,"[5, 5, 5, 5, 4, 5, 5, 5, 4, 5]","[0, 1, 1, 0, 0, 0, 0, 0, 1, 1]",1
24,1,64,"[5, 5, 5, 5, 5, 6, 5, 5, 6, 5]","[0, 0, 0, 0, 0, 0, 0, 0, 1, 1]",1
24,1,65,"[3, 6, 4, 1, 2, 3, 3, 3, 3, 3]","[0, 1, 0, 0, 0, 0, 0, 0, 0, 0]",1
24,1,66,"[2, 5, 4, 4, 4, 3, 1, 2, 5, 4]","[0, 1, 0, 0, 1, 0, 0, 1, 0, 0]",1
24,1,67,"[4, 3, 2, 4, 5, 5, 4, 3, 3, 6]","[0, 0, 0, 1, 1, 0, 0, 0, 1, 0]",1
24,1,68,"[3, 3, 1, 4, 2, 2, 2, 2, 3, 2]","[1, 0, 0, 0, 0, 0, 1, 0, 0, 1]",1
24,1,69,"[5, 3, 4, 4, 6, 7, 5, 5, 3, 1]","[0, 0, 0, 0, 0, 0, 0, 0, 0, 0]",1
24,1,70,"[4, 5, 5, 5, 5, 5, 4, 4, 4, 6]","[0, 0, 0, 0, 0, 1, 0, 0, 0, 0]",1
24,1,71,"[3, 4, 2, 2, 3, 3, 3, 3, 4, 3]","[0, 0, 0, 0, 0, 0, 0, 0, 1, 0]",1
24,1,72,"[3, 3, 3, 5, 6, 3, 3, 7, 3, 3]","[0, 0, 0, 0, 0, 0, 1, 0, 0, 0]",1
24,1,73,"[2, 3, 2, 2, 4, 1, 4, 7, 2, 4]","[0, 1, 0, 1, 1, 0, 1, 1, 0, 1]",1
24,1,74,"[3, 4, 3, 1, 3, 2, 3, 2, 3, 1]","[1, 0, 0, 0, 0, 1, 0, 0, 1, 1]",1
24,1,75,"[3, 3, 3, 3, 3, 4, 3, 3, 4, 3]","[0, 0, 0, 0, 0, 0, 0, 0, 0, 0]",1
24,1,76,"[2, 2, 3, 4, 2, 5, 1, 2, 2, 4]","[0, 1, 0, 0, 0, 0, 1, 0, 0, 0]",1
24,1,77,"[5, 5, 5, 3, 5, 5, 2, 4, 4, 3]","[1, 1, 0, 0, 1, 0, 0, 0, 0, 0]",1
24,1,78,"[4, 3, 4, 4, 2, 5, 3, 5, 3, 5]","[1, 0, 0, 0, 1, 0, 0, 0, 1, 0]",1
24,1,79,"[5, 7, 6, 6, 6, 2, 6, 5, 6, 7]","[0, 1, 0, 0, 0, 0, 0, 1, 0, 1]",1
24,1,80,"[4, 8, 7, 8, 8, 8, 7, 8, 7, 4]","[0, 1, 0, 1, 1, 0, 1, 1, 1, 1]",1
24,1,81,"[3, 3, 3, 6, 3, 4, 6, 3, 4, 4]","[0, 0, 0, 0, 0, 0, 1, 0, 0, 0]",1
24,1,82,"[5, 3, 4, 5, 2, 5, 4, 4, 2, 3]","[0, 0, 0, 1, 1, 0, 0, 0, 0, 0]",1
24,1,83,"[7, 7, 4, 4, 6, 4, 6, 4, 7, 4]","[0, 0, 0, 1, 1, 1, 0, 0, 1, 0]",1
24,1,84,"[1, 1, 1, 4, 1, 1, 2, 2, 1, 1]","[0, 0, 0, 1, 1, 0, 0, 1, 1, 0]",1
24,1,85,"[3, 4, 3, 2, 3, 3, 3, 3, 3, 3]","[0, 0, 0, 0, 0, 1, 0, 0, 0, 0]",1
24,1,86,"[6, 5, 6, 7, 5, 6, 5, 2, 6, 4]","[1, 0, 0, 1, 0, 0, 1, 0, 0, 1]",1
24,1,87,"[5, 3, 4, 1, 2, 5, 3, 3, 5, 5]","[1, 1, 1, 0, 1, 0, 0, 0, 0, 1]",1
24,1,88,"[3, 3, 4, 3, 3, 3, 3, 3, 1, 3]","[0, 0, 1, 0, 0, 0, 0, 0, 0, 0]",1
24,1,89,"[3, 3, 1, 4, 3, 3, 4, 3, 3, 6]","[0, 0, 1, 1, 0, 0, 1, 1, 0, 1]",1
24,1,90,"[6, 7, 7, 7, 7, 7, 7, 7, 7, 5]","[0, 1, 0, 0, 1, 0, 0, 0, 0, 0]",1
24,1,91,"[1, 5, 3, 4, 3, 2, 3, 2, 3, 3]","[0, 1, 0, 0, 0, 0, 0, 0, 0, 0]",1
24,1,92,"[6, 6, 4, 3, 3, 4, 5, 4, 5, 5]","[0, 0, 0, 0, 0, 0, 1, 0, 0, 1]",1
24,1,93,"[5, 1, 3, 1, 3, 4, 6, 4, 1, 3]","[0, 1, 1, 0, 1, 0, 1, 1, 0, 1]",1
24,1,94,"[4, 7, 2, 4, 5, 7, 5, 6, 5, 7]","[0, 1, 0, 1, 0, 1, 0, 1, 0, 0]",1
24,1,95,"[5, 5, 3, 5, 3, 5, 4, 4, 4, 4]","[1, 0, 0, 0, 0, 0, 0, 0, 0, 0]",1
24,1,96,"[4, 4, 4, 3, 2, 5, 4, 5, 5, 6]","[1, 0, 1, 0, 0, 1, 1, 1, 1, 1]",1
24,1,97,"[3, 2, 2, 2, 4, 2, 4, 3, 6, 2]","[0, 0, 0, 0, 0, 0, 0, 0, 0, 0]",1
24,1,98,"[9, 7, 7, 3, 9, 9, 9, 7, 3, 3]","[1, 0, 0, 0, 1, 0, 1, 0, 0, 0]",1
24,1,99,"[3, 3, 3, 3, 4, 3, 3, 3, 3, 3]","[0, 0, 0, 0, 0, 1, 1, 0, 0, 0]",1
24,1,100,"[3, 3, 3, 3, 3, 4, 3, 3, 3, 3]","[0, 0, 0, 0, 0, 0, 0, 0, 0, 0]",1
24,1,101,"[1, 6, 2, 6, 5, 2, 5, 5, 3, 6]","[0, 1, 0, 1, 0, 1, 0, 0, 0, 1]",1
24,1,102,"[1, 2, 1, 1, 2, 3, 1, 2, 1, 2]","[0, 0, 0, 0, 0, 1, 1, 1, 1, 0]",1
24,1,103,"[2, 2, 2, 2, 2, 3, 2, 2, 3, 2]","[0, 0, 0, 0, 0, 0, 0, 0, 0, 0]",1
24,1,104,"[9, 7, 8, 6, 2, 5, 1, 5, 6, 9]","[1, 1, 1, 0, 1, 0, 0, 1, 0, 1]",1
24,1,105,"[2, 7, 5, 5, 5, 5, 5, 2, 5, 2]","[1, 0, 0, 0, 1, 0, 0, 1, 0, 1]",1
24,1,106,"[4, 4, 6, 4, 3, 5, 4, 5, 5, 4]","[0, 1, 1, 1, 0, 0, 1, 0, 1, 0]",1
24,1,107,"[5, 3, 3, 2, 3, 2, 2, 3, 4, 8]","[0, 0, 0, 0, 0, 0, 0, 0, 1, 0]",1
24,1,108,"[3, 4, 7, 5, 3, 3, 2, 4, 8, 5]","[0, 0, 1, 0, 0, 1, 0, 0, 0, 0]",1
24,1,109,"[3, 3, 4, 4, 7, 4, 4, 4, 4, 4]","[0, 1, 1, 0, 0, 0, 0, 0, 0, 0]",1
24,1,110,"[4, 2, 5, 7, 1, 5, 6, 4, 4, 3]","[1, 0, 1, 1, 0, 1, 0, 0, 0, 0]",1
24,1,111,"[6, 5, 4, 6, 5, 5, 6, 5, 6, 5]","[1, 0, 1, 0, 0, 0, 0, 1, 1, 1]",1
24,1,112,"[5, 6, 5, 5, 6, 5, 5, 6, 5, 5]","[1, 1, 1, 1, 1, 1, 1, 0, 0, 1]",1
24,1,113,"[5, 6, 5, 5, 5, 5, 5, 4, 5, 6]","[0, 1, 0, 0, 0, 0, 0, 0, 0, 0]",1
24,1,114,"[4, 9, 2, 4, 1, 6, 2, 1, 3, 2]","[1, 0, 0, 0, 0, 0, 1, 0, 0, 1]",1
24,1,115,"[4, 5, 4, 7, 4, 5, 4, 6, 6, 9]","[0, 0, 0, 0, 0, 1, 0, 0, 1, 1]",1
24,1,116,"[5, 5, 4, 4, 5, 5, 5, 5, 5, 6]","[0, 0, 0, 0, 1, 0, 1, 0, 1, 0]",1
24,1,117,"[3, 3, 4, 3, 2, 3, 3, 3, 3, 3]","[0, 1, 0, 1, 0, 0, 1, 0, 1, 0]",1
24,1,118,"[5, 5, 5, 5, 6, 6, 5, 7, 6, 5]","[1, 0, 1, 0, 1, 1, 1, 0, 1, 0]",1
24,1,119,"[4, 4, 4, 4, 9, 4, 4, 4, 4, 4]","[1, 1, 0, 0, 1, 0, 0, 1, 0, 0]",1
24,1,120,"[7, 8, 8, 5, 9, 6, 4, 7, 5, 4]","[0, 1, 0, 0, 1, 1, 0, 1, 0, 0]",1
24,1,121,"[6, 5, 5, 5, 5, 6, 4, 4, 5, 5]","[1, 1, 0, 1, 0, 0, 0, 0, 0, 0]",1
24,1,122,"[4, 4, 4, 3, 4, 4, 4, 4, 8, 4]","[0, 0, 1, 0, 0, 1, 0, 0, 1, 0]",1
24,1,123,"[3, 2, 3, 8, 3, 3, 3, 5, 3, 5]","[1, 0, 0, 1, 0, 0, 0, 0, 0, 1]",1
24,1,124,"[7, 4, 5, 6, 3, 5, 7, 3, 9, 7]","[0, 0, 0, 0, 0, 0, 1, 0, 1, 1]",1
24,1,125,"[4, 3, 4, 5, 4, 4, 4, 5, 5, 5]","[0, 0, 0, 0, 0, 1, 0, 0, 0, 1]",1
24,1,126,"[4, 3, 3, 4, 3, 4, 3, 4, 4, 4]","[0, 0, 0, 1, 0, 0, 0, 0, 1, 1]",1
24,1,127,"[4, 3, 3, 3, 2, 3, 3, 4, 4, 3]","[0, 0, 0, 0, 0, 0, 0, 0, 0, 0]",1
24,1,128,"[3, 4, 4, 6, 5, 4, 5, 8, 6, 4]","[0, 1, 1, 0, 1, 1, 1, 1, 1, 0]",1
24,1,129,"[4, 7, 7, 4, 5, 4, 2, 8, 5, 3]","[0, 1, 0, 0, 0, 0, 1, 0, 0, 0]",1
24,1,130,"[5, 6, 8, 5, 5, 6, 5, 5, 7, 8]","[1, 0, 0, 0, 0, 0, 0, 0, 0, 0]",1
24,1,131,"[1, 5, 6, 1, 1, 8, 8, 7, 1, 1]","[0, 1, 1, 0, 0, 1, 1, 1, 0, 0]",1
24,1,132,"[4, 3, 6, 2, 5, 4, 3, 4, 3, 6]","[1, 1, 1, 1, 1, 0, 0, 1, 0, 0]",1
24,1,133,"[9, 9, 8, 9, 9, 2, 9, 9, 3, 8]","[0, 0, 0, 0, 1, 0, 0, 1, 0, 0]",1
24,1,134,"[5, 6, 7, 7, 7, 6, 8, 6, 7, 6]","[1, 1, 1, 1, 1, 1, 1, 1, 0, 0]",1
24,1,135,"[5, 4, 4, 6, 4, 4, 5, 6, 5, 3]","[0, 0, 0, 1, 0, 0, 0, 1, 0, 0]",1
24,1,136,"[4, 4, 4, 4, 6, 3, 5, 4, 4, 5]","[0, 0, 0, 0, 0, 0, 0, 0, 0, 0]",1
24,1,137,"[1, 4, 2, 4, 1, 3, 2, 2, 4, 1]","[0, 0, 0, 0, 0, 0, 0, 0, 0, 0]",1
24,1,138,"[7, 7, 7, 7, 7, 7, 8, 7, 7, 8]","[1, 0, 0, 1, 1, 0, 0, 1, 0, 0]",1
24,1,139,"[6, 4, 5, 3, 3, 7, 4, 3, 3, 2]","[0, 0, 0, 0, 0, 0, 0, 0, 0, 0]",1
24,1,140,"[5, 4, 5, 6, 7, 4, 4, 3, 6, 7]","[0, 1, 0, 1, 1, 0, 0, 0, 0, 0]",1
24,1,141,"[1, 1, 5, 2, 3, 3, 3, 5, 2, 4]","[0, 0, 0, 0, 0, 0, 0, 1, 0, 0]",1
24,1,142,"[6, 6, 9, 7, 3, 8, 3, 2, 2, 5]","[0, 1, 1, 0, 0, 0, 1, 0, 1, 1]",1
24,1,143,"[3, 3, 3, 4, 8, 4, 3, 3, 4, 3]","[0, 0, 0, 0, 0, 0, 0, 0, 0, 0]",1
24,1,144,"[5, 4, 4, 3, 5, 4, 5, 5, 4, 5]","[0, 1, 1, 0, 1, 0, 1, 1, 0, 0]",1
24,1,145,"[5, 6, 2, 5, 6, 5, 6, 5, 5, 5]","[1, 0, 0, 0, 0, 0, 0, 0, 1, 0]",1
24,1,146,"[4, 4, 4, 4, 4, 4, 4, 4, 4, 5]","[1, 1, 1, 0, 0, 0, 0, 0, 0, 1]",1
24,1,147,"[2, 4, 2, 2, 5, 1, 4, 5, 1, 6]","[0, 0, 0, 0, 0, 0, 1, 0, 0, 0]",1
24,1,148,"[5, 3, 3, 4, 5, 5, 6, 5, 5, 6]","[1, 0, 0, 1, 0, 0, 0, 0, 0, 0]",1
24,1,149,"[3, 6, 4, 4, 8, 4, 6, 5, 3, 6]","[0, 1, 0, 1, 1, 0, 1, 0, 0, 0]",1
24,1,150,"[5, 5, 4, 3, 3, 2, 2, 5, 2, 2]","[0, 0, 0, 0, 0, 0, 0, 0, 0, 0]",1
24,1,151,"[3, 3, 3, 3, 3, 2, 3, 3, 3, 3]","[0, 0, 1, 0, 0, 0, 0, 0, 0, 0]",1
24,1,152,"[2, 3, 4, 3, 3, 4, 3, 2, 4, 3]","[0, 0, 0, 0, 0, 0, 0, 0, 0, 0]",1
24,1,153,"[2, 1, 4, 2, 4, 4, 1, 7, 3, 7]","[0, 1, 0, 0, 0, 0, 1, 1, 0, 1]",1
24,1,154,"[6, 3, 3, 5, 5, 4, 2, 4, 3, 4]","[0, 0, 0, 0, 0, 0, 0, 0, 0, 0]",1
24,1,155,"[6, 4, 4, 5, 3, 3, 5, 6, 5, 5]","[0, 0, 0, 0, 0, 0, 0, 0, 1, 0]",1
24,1,156,"[3, 3, 3, 4, 3, 3, 3, 3, 3, 4]","[0, 1, 0, 0, 0, 0, 0, 0, 0, 0]",1
24,1,157,"[4, 5, 4, 4, 5, 4, 2, 3, 1, 3]","[0, 0, 0, 0, 1, 1, 0, 0, 0, 0]",1
24,1,158,"[2, 2, 3, 3, 2, 7, 2, 8, 3, 5]","[0, 0, 1, 1, 0, 1, 0, 0, 0, 1]",1
24,1,159,"[6, 9, 6, 6, 6, 6, 7, 5, 7, 4]","[1, 0, 0, 1, 1, 0, 0, 0, 0, 1]",1
24,1,160,"[6, 4, 1, 6, 5, 4, 1, 5, 3, 8]","[1, 0, 0, 1, 0, 1, 1, 0, 0, 0]",1
24,1,161,"[5, 5, 6, 5, 4, 5, 5, 4, 4, 3]","[0, 1, 0, 1, 1, 0, 0, 0, 1, 0]",1
24,1,162,"[7, 6, 6, 7, 6, 7, 6, 6, 5, 6]","[1, 0, 0, 0, 0, 0, 0, 0, 0, 0]",1
24,1,163,"[5, 2, 5, 1, 4, 5, 5, 4, 5, 4]","[0, 0, 1, 0, 0, 0, 1, 1, 0, 0]",1
24,1,164,"[9, 7, 5, 1, 9, 9, 7, 3, 9, 6]","[0, 0, 0, 0, 0, 0, 0, 0, 1, 1]",1
24,1,165,"[3, 2, 2, 1, 2, 2, 2, 2, 2, 2]","[1, 0, 0, 0, 0, 0, 0, 0, 0, 0]",1
24,1,166,"[3, 3, 7, 4, 3, 4, 7, 3, 4, 4]","[0, 0, 1, 0, 0, 0, 0, 0, 1, 0]",1
24,1,167,"[8, 7, 8, 9, 9, 9, 9, 8, 9, 9]","[0, 0, 1, 1, 0, 1, 1, 0, 0, 0]",1
24,1,168,"[8, 3, 5, 5, 7, 5, 4, 7, 3, 7]","[1, 0, 0, 0, 1, 0, 0, 0, 0, 0]",1
24,1,169,"[5, 6, 6, 7, 7, 8, 5, 6, 7, 5]","[0, 1, 0, 0, 1, 0, 0, 0, 0, 0]",1
24,1,170,"[5, 2, 5, 5, 3, 5, 5, 2, 3, 5]","[1, 0, 0, 0, 0, 0, 0, 0, 0, 1]",1
24,1,171,"[7, 4, 7, 7, 7, 7, 7, 4, 1, 7]","[0, 1, 1, 0, 1, 0, 1, 1, 1, 0]",1
24,1,172,"[4, 3, 2, 3, 4, 4, 1, 4, 3, 8]","[0, 1, 0, 0, 0, 1, 0, 0, 0, 0]",1
24,1,173,"[4, 5, 5, 7, 4, 5, 6, 4, 4, 4]","[0, 0, 0, 1, 0, 0, 1, 1, 1, 1]",1
24,1,174,"[5, 5, 5, 7, 8, 3, 5, 5, 5, 6]","[0, 0, 0, 1, 0, 0, 1, 0, 1, 0]",1
24,1,175,"[2, 4, 2, 2, 2, 2, 2, 3, 2, 2]","[0, 0, 0, 0, 0, 0, 0, 0, 0, 0]",1
24,1,176,"[7, 1, 3, 8, 5, 8, 2, 1, 8, 8]","[0, 0, 0, 1, 0, 0, 0, 0, 0, 0]",1
24,1,177,"[1, 4, 4, 5, 4, 3, 3, 5, 4, 5]","[0, 0, 0, 1, 0, 0, 0, 0, 1, 0]",1
24,1,178,"[5, 6, 6, 5, 5, 5, 6, 3, 4, 5]","[1, 1, 0, 0, 0, 0, 0, 1, 0, 0]",1
24,1,179,"[4, 5, 3, 6, 3, 5, 5, 4, 4, 4]","[0, 1, 0, 0, 0, 0, 0, 0, 1, 0]",1
24,1,180,"[4, 4, 4, 6, 3, 5, 2, 3, 4, 3]","[0, 0, 0, 0, 0, 0, 1, 0, 0, 0]",1
24,1,181,"[4, 3, 5, 3, 6, 3, 4, 5, 4, 4]","[0, 0, 0, 0, 0, 0, 0, 0, 1, 0]",1
24,1,182,"[7, 7, 7, 6, 7, 6, 6, 1, 7, 6]","[1, 1, 0, 0, 1, 0, 1, 0, 0, 0]",1
24,1,183,"[4, 6, 4, 4, 4, 3, 3, 4, 4, 5]","[0, 1, 1, 0, 0, 0, 0, 1, 0, 0]",1
24,1,184,"[3, 4, 4, 3, 4, 3, 3, 2, 5, 4]","[0, 0, 0, 0, 0, 0, 0, 0, 0, 1]",1
24,1,185,"[6, 7, 5, 5, 6, 5, 6, 6, 7, 2]","[1, 1, 1, 1, 1, 0, 0, 0, 0, 0]",1
24,1,186,"[6, 4, 4, 3, 4, 4, 5, 4, 5, 4]","[0, 1, 0, 1, 1, 0, 0, 1, 0, 0]",1
24,1,187,"[3, 4, 5, 4, 4, 4, 4, 4, 4, 4]","[0, 1, 0, 0, 0, 0, 0, 0, 0, 0]",1
24,1,188,"[3, 5, 4, 4, 4, 4, 4, 5, 5, 4]","[0, 0, 0, 0, 0, 0, 0, 0, 0, 1]",1
24,1,189,"[6, 5, 3, 4, 4, 4, 3, 6, 4, 2]","[0, 0, 0, 0, 0, 1, 0, 0, 0, 0]",1
24,1,190,"[5, 6, 7, 1, 2, 7, 5, 3, 3, 6]","[1, 0, 0, 0, 0, 1, 0, 0, 0, 0]",1
24,1,191,"[4, 4, 6, 3, 3, 4, 4, 3, 4, 5]","[1, 0, 1, 0, 0, 0, 0, 0, 1, 0]",1
24,1,192,"[3, 3, 3, 2, 3, 3, 3, 3, 9, 3]","[0, 0, 0, 1, 0, 0, 1, 0, 1, 1]",1
24,1,193,"[7, 2, 1, 6, 2, 2, 2, 2, 2, 2]","[0, 1, 0, 0, 0, 0, 0, 0, 1, 0]",1
24,1,194,"[3, 4, 3, 3, 4, 4, 5, 4, 6, 4]","[0, 0, 0, 0, 1, 0, 1, 0, 0, 0]",1
24,1,195,"[1, 2, 1, 1, 1, 3, 2, 6, 1, 2]","[1, 1, 0, 0, 0, 0, 0, 1, 0, 0]",1
24,1,196,"[3, 3, 2, 4, 5, 4, 4, 3, 3, 3]","[0, 0, 0, 0, 0, 0, 1, 0, 1, 1]",1
24,1,197,"[5, 5, 5, 5, 5, 6, 8, 5, 6, 5]","[0, 1, 0, 1, 0, 1, 1, 1, 1, 1]",1
24,1,198,"[3, 5, 3, 3, 4, 4, 1, 3, 5, 2]","[1, 0, 0, 1, 0, 1, 0, 0, 0, 0]",1
24,1,199,"[1, 2, 2, 2, 1, 2, 2, 4, 2, 2]","[0, 0, 0, 0, 0, 0, 0, 0, 0, 0]",1
24,1,200,"[2, 2, 1, 3, 1, 1, 2, 2, 2, 1]","[0, 0, 0, 0, 0, 0, 0, 0, 0, 0]",1
24,1,201,"[4, 3, 4, 3, 4, 4, 4, 4, 4, 3]","[0, 0, 0, 0, 0, 0, 0, 1, 0, 0]",1
24,1,202,"[5, 4, 4, 4, 5, 4, 4, 3, 4, 3]","[1, 0, 0, 0, 0, 0, 0, 0, 0, 0]",1
24,1,203,"[3, 3, 2, 3, 3, 2, 3, 2, 3, 3]","[0, 1, 0, 0, 0, 0, 0, 0, 0, 0]",1
24,1,204,"[2, 2, 2, 2, 2, 2, 1, 2, 3, 2]","[0, 0, 0, 0, 0, 0, 0, 0, 0, 0]",1
24,1,205,"[9, 9, 1, 9, 8, 9, 9, 9, 9, 9]","[1, 1, 1, 1, 1, 1, 1, 1, 0, 1]",1
24,1,206,"[2, 1, 5, 2, 2, 2, 1, 3, 2, 2]","[0, 0, 0, 0, 0, 0, 0, 0, 0, 0]",1
24,1,207,"[2, 1, 3, 2, 3, 3, 2, 2, 2, 2]","[0, 0, 0, 0, 0, 0, 0, 0, 0, 0]",1
24,1,208,"[4, 4, 4, 5, 6, 5, 4, 4, 5, 5]","[0, 1, 1, 1, 1, 0, 1, 0, 0, 0]",1
24,1,209,"[4, 5, 4, 1, 6, 4, 4, 4, 5, 6]","[0, 0, 0, 0, 0, 1, 0, 0, 0, 0]",1
25,0,0,"[8, 5, 4, 5, 4, 6, 5, 4, 1, 4]","[0, 0, 0, 0, 0, 0, 0, 0, 0, 0]",1
25,0,1,"[7, 6, 7, 5, 1, 7, 8, 6, 7, 6]","[0, 0, 0, 0, 0, 1, 0, 0, 0, 0]",1
25,0,2,"[8, 8, 5, 8, 5, 8, 2, 5, 9, 8]","[1, 0, 0, 0, 0, 0, 0, 0, 1, 1]",1
25,0,3,"[6, 6, 6, 7, 6, 7, 5, 6, 7, 4]","[0, 0, 0, 0, 0, 0, 0, 0, 0, 0]",1
25,0,4,"[4, 3, 5, 3, 4, 5, 4, 4, 3, 4]","[0, 1, 0, 0, 0, 0, 0, 0, 1, 1]",1
25,0,5,"[6, 5, 6, 4, 6, 7, 7, 8, 4, 6]","[0, 0, 1, 0, 0, 0, 1, 1, 0, 0]",1
25,0,6,"[7, 8, 8, 8, 9, 7, 9, 8, 8, 8]","[0, 0, 0, 1, 0, 0, 1, 0, 0, 0]",1
25,0,7,"[6, 7, 7, 7, 7, 6, 7, 8, 8, 7]","[0, 1, 0, 1, 0, 0, 0, 1, 1, 0]",1
25,0,8,"[4, 4, 4, 4, 4, 4, 8, 4, 4, 3]","[0, 0, 0, 0, 0, 0, 0, 1, 0, 1]",1
25,0,9,"[4, 4, 8, 7, 6, 4, 5, 4, 3, 6]","[0, 1, 0, 0, 1, 1, 0, 0, 0, 0]",1
25,0,10,"[3, 2, 5, 5, 4, 4, 3, 5, 5, 5]","[0, 0, 0, 0, 0, 0, 0, 0, 0, 1]",1
25,0,11,"[6, 6, 6, 6, 7, 7, 6, 6, 7, 6]","[0, 0, 0, 0, 1, 0, 0, 0, 0, 0]",1
25,0,12,"[7, 6, 7, 7, 2, 6, 7, 6, 7, 7]","[1, 0, 0, 1, 0, 1, 1, 0, 1, 0]",1
25,0,13,"[6, 7, 8, 9, 7, 7, 7, 7, 4, 5]","[0, 0, 0, 1, 0, 0, 0, 0, 0, 0]",1
25,0,14,"[9, 8, 6, 4, 7, 5, 8, 6, 6, 5]","[1, 1, 0, 0, 0, 1, 0, 0, 0, 1]",1
25,0,15,"[4, 4, 7, 4, 6, 4, 6, 7, 4, 5]","[0, 0, 0, 1, 0, 1, 1, 1, 1, 0]",1
25,0,16,"[6, 8, 4, 4, 4, 5, 7, 7, 9, 4]","[0, 0, 0, 0, 0, 0, 0, 0, 1, 0]",1
25,0,17,"[6, 7, 7, 6, 8, 7, 7, 7, 7, 6]","[0, 0, 1, 0, 0, 0, 0, 0, 0, 1]",1
25,0,18,"[7, 6, 8, 7, 6, 7, 8, 7, 7, 6]","[0, 0, 0, 1, 0, 1, 0, 0, 0, 0]",1
25,0,19,"[3, 3, 3, 3, 3, 2, 3, 4, 3, 3]","[0, 0, 0, 0, 1, 0, 0, 0, 0, 0]",1
25,0,20,"[6, 6, 5, 4, 4, 6, 6, 5, 6, 5]","[1, 0, 0, 0, 0, 0, 0, 0, 0, 0]",1
25,0,21,"[3, 3, 2, 6, 3, 3, 7, 2, 9, 5]","[0, 0, 0, 0, 0, 0, 0, 0, 0, 0]",1
25,0,22,"[5, 4, 4, 4, 3, 4, 4, 4, 4, 3]","[0, 0, 0, 0, 0, 0, 0, 0, 0, 0]",1
25,0,23,"[5, 5, 4, 9, 4, 4, 4, 5, 3, 5]","[0, 0, 0, 1, 1, 0, 0, 0, 0, 0]",1
25,0,24,"[2, 5, 3, 3, 9, 5, 5, 5, 3, 4]","[0, 0, 0, 0, 0, 0, 0, 0, 0, 0]",1
25,0,25,"[6, 8, 6, 6, 6, 6, 5, 6, 7, 6]","[0, 0, 0, 1, 0, 0, 0, 0, 0, 0]",1
25,0,26,"[9, 9, 9, 9, 9, 9, 8, 9, 9, 9]","[1, 0, 0, 0, 0, 0, 0, 0, 1, 0]",1
25,0,27,"[7, 8, 8, 8, 7, 8, 8, 8, 7, 8]","[0, 0, 0, 0, 0, 1, 1, 0, 0, 1]",1
25,0,28,"[5, 4, 9, 7, 5, 5, 6, 6, 4, 5]","[0, 0, 1, 0, 0, 0, 0, 1, 0, 0]",1
25,0,29,"[9, 9, 9, 9, 9, 9, 9, 9, 9, 7]","[0, 0, 0, 0, 0, 0, 0, 0, 0, 0]",1
25,0,30,"[5, 6, 5, 6, 6, 6, 6, 6, 6, 6]","[0, 0, 0, 0, 0, 0, 0, 1, 0, 1]",1
25,0,31,"[6, 6, 6, 6, 7, 5, 7, 7, 6, 6]","[0, 1, 0, 1, 0, 1, 0, 1, 0, 0]",1
25,0,32,"[4, 4, 7, 4, 5, 4, 5, 3, 6, 6]","[1, 0, 0, 0, 0, 1, 0, 0, 1, 0]",1
25,0,33,"[3, 3, 4, 2, 3, 4, 3, 3, 3, 4]","[0, 0, 0, 0, 0, 0, 0, 0, 0, 0]",1
25,0,34,"[7, 7, 7, 8, 5, 5, 7, 4, 7, 6]","[0, 0, 1, 0, 0, 0, 1, 0, 0, 0]",1
25,0,35,"[4, 5, 6, 8, 4, 4, 5, 5, 4, 2]","[0, 0, 1, 0, 1, 0, 0, 0, 0, 0]",1
25,0,36,"[7, 9, 9, 3, 9, 6, 9, 7, 9, 9]","[0, 0, 0, 0, 0, 0, 0, 1, 0, 0]",1
25,0,37,"[4, 8, 2, 4, 5, 6, 4, 3, 5, 5]","[0, 0, 0, 0, 0, 0, 0, 0, 1, 0]",1
25,0,38,"[6, 5, 5, 2, 3, 9, 5, 4, 5, 4]","[0, 0, 0, 0, 0, 1, 0, 0, 1, 1]",1
25,0,39,"[4, 5, 1, 4, 8, 1, 4, 2, 1, 1]","[0, 0, 0, 1, 1, 0, 0, 1, 0, 0]",1
25,0,40,"[6, 7, 6, 6, 6, 6, 5, 5, 6, 6]","[1, 0, 0, 0, 0, 0, 1, 0, 0, 0]",1
25,0,41,"[5, 5, 4, 3, 5, 4, 5, 5, 6, 5]","[0, 0, 0, 0, 0, 0, 0, 0, 0, 0]",1
25,0,42,"[2, 3, 3, 4, 3, 3, 3, 4, 3, 2]","[0, 0, 0, 0, 0, 0, 0, 0, 0, 0]",1
25,0,43,"[3, 7, 2, 8, 7, 6, 7, 7, 9, 7]","[1, 0, 0, 0, 0, 0, 0, 1, 1, 0]",1
25,0,44,"[6, 5, 4, 8, 6, 6, 5, 2, 8, 4]","[0, 0, 0, 0, 0, 0, 0, 0, 1, 0]",1
25,0,45,"[5, 5, 6, 7, 5, 6, 6, 5, 5, 6]","[0, 1, 0, 1, 0, 0, 0, 0, 0, 0]",1
25,0,46,"[3, 3, 4, 3, 3, 3, 3, 3, 3, 2]","[0, 0, 0, 0, 0, 0, 0, 0, 0, 0]",1
25,0,47,"[6, 6, 5, 6, 8, 6, 5, 6, 6, 9]","[0, 0, 0, 0, 0, 0, 0, 0, 1, 1]",1
25,0,48,"[5, 4, 5, 5, 5, 5, 6, 5, 4, 5]","[0, 0, 1, 0, 1, 1, 0, 1, 0, 0]",1
25,0,49,"[4, 4, 5, 5, 5, 6, 5, 5, 5, 6]","[0, 0, 0, 0, 1, 0, 0, 0, 1, 0]",1
25,0,50,"[6, 6, 9, 7, 7, 7, 8, 5, 7, 7]","[0, 0, 0, 1, 0, 1, 0, 0, 0, 0]",1
25,0,51,"[6, 6, 5, 6, 7, 6, 5, 6, 6, 5]","[0, 1, 0, 0, 1, 0, 0, 0, 1, 0]",1
25,0,52,"[1, 2, 5, 4, 2, 3, 4, 3, 4, 5]","[0, 0, 1, 0, 0, 1, 0, 0, 0, 0]",1
25,0,53,"[4, 4, 5, 4, 4, 4, 4, 5, 4, 4]","[0, 0, 0, 1, 0, 0, 0, 1, 0, 0]",1
25,0,54,"[9, 3, 7, 8, 7, 9, 7, 8, 7, 4]","[0, 0, 0, 1, 0, 0, 0, 0, 0, 0]",1
25,0,55,"[7, 7, 7, 8, 5, 7, 7, 7, 7, 7]","[0, 0, 0, 0, 1, 0, 0, 0, 0, 0]",1
25,0,56,"[1, 1, 1, 1, 1, 5, 1, 2, 7, 1]","[1, 0, 1, 0, 1, 0, 0, 0, 0, 0]",1
25,0,57,"[1, 4, 3, 4, 6, 7, 2, 6, 5, 5]","[0, 0, 0, 0, 0, 0, 0, 1, 0, 0]",1
25,0,58,"[5, 6, 5, 6, 5, 5, 4, 7, 5, 6]","[0, 1, 0, 1, 0, 0, 1, 0, 0, 1]",1
25,0,59,"[4, 5, 5, 5, 6, 4, 4, 3, 4, 4]","[0, 0, 0, 0, 0, 0, 0, 0, 0, 0]",1
25,0,60,"[5, 5, 3, 5, 5, 6, 3, 4, 2, 5]","[0, 0, 0, 0, 0, 1, 0, 0, 0, 0]",1
25,0,61,"[3, 6, 6, 4, 3, 4, 6, 6, 5, 5]","[0, 0, 1, 0, 0, 0, 0, 0, 0, 0]",1
25,0,62,"[8, 8, 8, 8, 5, 8, 8, 8, 8, 8]","[0, 1, 0, 1, 0, 0, 0, 0, 0, 0]",1
25,0,63,"[7, 7, 7, 7, 2, 4, 5, 1, 1, 7]","[0, 0, 0, 0, 0, 0, 0, 0, 0, 0]",1
25,0,64,"[4, 4, 4, 5, 5, 4, 5, 3, 9, 3]","[1, 0, 0, 0, 0, 0, 0, 0, 0, 0]",1
25,0,65,"[4, 6, 4, 2, 3, 3, 8, 3, 3, 3]","[0, 0, 0, 0, 0, 0, 0, 0, 0, 0]",1
25,0,66,"[4, 3, 4, 4, 5, 5, 3, 6, 4, 3]","[0, 0, 0, 0, 0, 0, 1, 1, 1, 0]",1
25,0,67,"[6, 6, 5, 6, 4, 6, 5, 4, 4, 6]","[0, 0, 0, 1, 0, 1, 0, 0, 0, 0]",1
25,0,68,"[6, 6, 7, 5, 8, 6, 6, 6, 8, 7]","[1, 0, 0, 0, 0, 0, 1, 0, 0, 1]",1
25,0,69,"[4, 4, 3, 4, 4, 6, 4, 4, 2, 3]","[0, 0, 0, 0, 0, 0, 0, 1, 0, 0]",1
25,0,70,"[6, 4, 5, 6, 5, 6, 5, 6, 5, 5]","[0, 0, 1, 1, 1, 0, 0, 0, 1, 0]",1
25,0,71,"[5, 5, 1, 7, 5, 5, 5, 5, 5, 5]","[0, 0, 0, 0, 0, 0, 1, 1, 0, 0]",1
25,0,72,"[4, 4, 5, 5, 3, 9, 5, 4, 4, 4]","[0, 0, 1, 0, 0, 0, 0, 0, 0, 0]",1
25,0,73,"[8, 5, 6, 6, 6, 4, 6, 5, 5, 2]","[0, 0, 0, 0, 0, 0, 0, 0, 0, 0]",1
25,0,74,"[1, 4, 4, 4, 4, 3, 4, 4, 1, 3]","[0, 0, 0, 0, 1, 0, 0, 0, 0, 1]",1
25,0,75,"[6, 8, 8, 6, 7, 7, 8, 7, 7, 6]","[1, 0, 1, 0, 0, 0, 0, 0, 1, 0]",1
25,0,76,"[1, 5, 4, 6, 1, 6, 2, 4, 2, 4]","[0, 0, 0, 0, 0, 0, 0, 0, 0, 0]",1
25,0,77,"[7, 8, 8, 7, 7, 6, 8, 8, 8, 8]","[0, 0, 1, 1, 0, 0, 0, 0, 0, 1]",1
25,0,78,"[2, 7, 7, 5, 5, 7, 3, 8, 8, 4]","[0, 1, 0, 1, 0, 0, 0, 1, 0, 0]",1
25,0,79,"[9, 9, 6, 9, 9, 9, 9, 6, 3, 4]","[1, 1, 0, 0, 0, 0, 0, 0, 0, 0]",1
25,0,80,"[8, 6, 9, 9, 9, 5, 9, 6, 4, 7]","[0, 0, 1, 0, 0, 0, 1, 0, 0, 0]",1
25,0,81,"[5, 4, 5, 6, 6, 6, 8, 5, 5, 6]","[0, 1, 1, 1, 0, 0, 0, 1, 1, 0]",1
25,0,82,"[5, 5, 5, 5, 6, 4, 4, 5, 4, 7]","[0, 0, 0, 0, 1, 0, 0, 0, 0, 1]",1
25,0,83,"[5, 5, 8, 7, 8, 6, 6, 2, 5, 5]","[0, 0, 1, 0, 0, 0, 0, 0, 1, 0]",1
25,0,84,"[6, 6, 3, 2, 4, 7, 2, 3, 5, 3]","[1, 0, 0, 0, 1, 0, 0, 0, 1, 1]",1
25,0,85,"[6, 7, 7, 6, 7, 8, 7, 7, 7, 8]","[0, 0, 0, 0, 0, 0, 1, 1, 0, 0]",1
25,0,86,"[8, 9, 5, 9, 9, 8, 9, 8, 8, 9]","[1, 0, 1, 0, 0, 0, 0, 0, 0, 1]",1
25,0,87,"[4, 5, 2, 6, 3, 4, 5, 3, 3, 5]","[0, 0, 0, 0, 0, 1, 0, 0, 0, 0]",1
25,0,88,"[5, 5, 7, 6, 6, 6, 6, 6, 4, 5]","[0, 0, 0, 0, 0, 0, 0, 0, 0, 0]",1
25,0,89,"[4, 4, 4, 4, 4, 4, 4, 4, 4, 4]","[0, 0, 0, 0, 0, 0, 0, 0, 0, 0]",1
25,0,90,"[9, 9, 9, 9, 9, 9, 9, 9, 9, 9]","[1, 0, 1, 0, 1, 0, 1, 1, 1, 1]",1
25,0,91,"[4, 5, 5, 4, 8, 5, 6, 4, 6, 5]","[0, 0, 0, 0, 1, 0, 1, 0, 0, 1]",1
25,0,92,"[5, 4, 5, 4, 3, 5, 6, 7, 5, 5]","[0, 0, 0, 0, 0, 0, 0, 1, 0, 0]",1
25,0,93,"[3, 2, 1, 1, 3, 2, 8, 3, 1, 4]","[0, 0, 0, 0, 0, 0, 1, 0, 0, 0]",1
25,0,94,"[8, 5, 9, 7, 2, 5, 5, 5, 5, 4]","[0, 0, 1, 1, 0, 1, 1, 0, 0, 0]",1
25,0,95,"[3, 3, 3, 2, 3, 3, 2, 3, 4, 5]","[0, 0, 0, 0, 0, 0, 0, 0, 1, 0]",1
25,0,96,"[3, 5, 5, 5, 6, 5, 7, 6, 6, 3]","[0, 0, 0, 0, 1, 0, 1, 0, 0, 0]",1
25,0,97,"[4, 3, 6, 6, 5, 6, 4, 6, 4, 6]","[0, 0, 1, 0, 0, 0, 0, 0, 0, 1]",1
25,0,98,"[9, 9, 9, 9, 9, 9, 9, 9, 9, 9]","[0, 0, 0, 1, 0, 0, 0, 1, 0, 0]",1
25,0,99,"[1, 3, 3, 2, 2, 3, 2, 2, 3, 1]","[0, 0, 1, 0, 0, 0, 0, 1, 0, 0]",1
25,0,100,"[3, 3, 7, 7, 3, 3, 8, 4, 4, 9]","[0, 0, 0, 0, 0, 0, 1, 1, 0, 1]",1
25,0,101,"[8, 7, 8, 8, 8, 8, 2, 8, 4, 8]","[0, 0, 0, 0, 0, 0, 0, 0, 0, 0]",1
25,0,102,"[3, 7, 7, 8, 7, 4, 7, 8, 7, 4]","[0, 0, 0, 0, 0, 0, 1, 1, 0, 1]",1
25,0,103,"[7, 7, 7, 7, 7, 7, 6, 8, 7, 7]","[0, 0, 0, 1, 0, 0, 1, 1, 0, 0]",1
25,0,104,"[9, 8, 7, 9, 9, 9, 9, 9, 9, 9]","[1, 0, 1, 1, 0, 1, 0, 1, 0, 0]",1
25,0,105,"[7, 9, 7, 6, 6, 6, 8, 4, 7, 5]","[0, 0, 0, 0, 0, 0, 0, 0, 0, 0]",1
25,0,106,"[5, 5, 5, 4, 5, 6, 4, 5, 5, 6]","[1, 0, 0, 0, 0, 1, 0, 0, 0, 0]",1
25,0,107,"[3, 5, 4, 4, 5, 3, 7, 4, 4, 4]","[0, 1, 0, 1, 0, 0, 0, 0, 1, 0]",1
25,0,108,"[3, 9, 8, 7, 8, 4, 5, 3, 4, 8]","[1, 1, 0, 0, 0, 0, 0, 0, 0, 0]",1
25,0,109,"[6, 7, 6, 6, 6, 6, 6, 7, 7, 6]","[0, 0, 0, 0, 0, 0, 1, 0, 0, 0]",1
25,0,110,"[9, 9, 9, 5, 8, 9, 8, 8, 5, 7]","[1, 1, 1, 0, 1, 1, 1, 0, 1, 1]",1
25,0,111,"[7, 6, 7, 7, 7, 8, 8, 7, 7, 7]","[0, 1, 0, 1, 1, 0, 1, 1, 0, 0]",1
25,0,112,"[4, 3, 4, 4, 4, 4, 4, 4, 4, 5]","[0, 0, 0, 1, 0, 0, 0, 0, 0, 0]",1
25,0,113,"[6, 6, 5, 6, 6, 6, 6, 5, 6, 6]","[0, 0, 1, 0, 0, 0, 0, 0, 0, 1]",1
25,0,114,"[3, 3, 5, 7, 3, 6, 4, 4, 3, 9]","[0, 0, 0, 0, 0, 0, 0, 0, 0, 0]",1
25,0,115,"[9, 9, 9, 9, 9, 9, 9, 9, 8, 9]","[0, 1, 1, 0, 0, 0, 1, 0, 1, 1]",1
25,0,116,"[9, 9, 9, 9, 9, 9, 9, 9, 9, 8]","[0, 0, 0, 0, 1, 1, 0, 0, 1, 0]",1
25,0,117,"[5, 4, 5, 6, 6, 3, 5, 5, 6, 5]","[0, 0, 0, 0, 0, 0, 0, 0, 0, 0]",1
25,0,118,"[5, 6, 7, 7, 6, 7, 6, 7, 7, 7]","[0, 1, 0, 0, 0, 1, 1, 0, 0, 0]",1
25,0,119,"[6, 6, 6, 7, 5, 4, 6, 7, 9, 7]","[0, 0, 0, 0, 1, 0, 0, 0, 0, 0]",1
25,0,120,"[7, 6, 6, 2, 7, 3, 6, 6, 7, 6]","[1, 0, 0, 0, 0, 0, 0, 0, 0, 0]",1
25,0,121,"[5, 5, 5, 5, 5, 5, 5, 5, 4, 4]","[1, 0, 0, 0, 0, 1, 1, 0, 0, 0]",1
25,0,122,"[6, 6, 6, 6, 5, 6, 7, 7, 6, 7]","[1, 0, 0, 0, 1, 0, 0, 0, 0, 0]",1
25,0,123,"[6, 5, 5, 8, 5, 5, 6, 6, 5, 7]","[1, 0, 0, 0, 0, 0, 0, 0, 0, 0]",1
25,0,124,"[9, 5, 8, 9, 9, 9, 7, 9, 4, 7]","[1, 1, 0, 1, 1, 0, 0, 0, 1, 0]",1
25,0,125,"[6, 6, 6, 6, 6, 6, 5, 6, 6, 6]","[0, 0, 1, 0, 0, 0, 0, 0, 1, 0]",1
25,0,126,"[5, 5, 6, 5, 5, 6, 4, 3, 5, 6]","[1, 0, 0, 0, 0, 1, 0, 0, 0, 0]",1
25,0,127,"[5, 5, 4, 5, 5, 5, 5, 5, 5, 6]","[0, 0, 0, 0, 0, 1, 0, 0, 0, 0]",1
25,0,128,"[6, 5, 5, 7, 8, 7, 8, 6, 7, 6]","[1, 0, 0, 1, 0, 0, 0, 0, 0, 0]",1
25,0,129,"[7, 7, 5, 4, 5, 6, 6, 7, 6, 5]","[0, 0, 0, 0, 0, 0, 0, 0, 0, 0]",1
25,0,130,"[7, 9, 7, 7, 7, 7, 7, 7, 7, 7]","[0, 0, 0, 0, 0, 0, 0, 0, 0, 0]",1
25,0,131,"[7, 7, 5, 7, 5, 7, 6, 1, 7, 5]","[1, 0, 0, 0, 1, 0, 1, 0, 1, 1]",1
25,0,132,"[5, 3, 4, 5, 5, 3, 5, 4, 5, 6]","[0, 0, 0, 0, 0, 0, 0, 0, 0, 1]",1
25,0,133,"[9, 9, 9, 9, 9, 9, 9, 3, 9, 8]","[1, 0, 1, 1, 1, 0, 1, 0, 1, 0]",1
25,0,134,"[6, 6, 7, 6, 6, 6, 6, 6, 6, 7]","[0, 0, 0, 1, 0, 1, 0, 0, 0, 1]",1
25,0,135,"[8, 5, 8, 4, 9, 7, 9, 6, 6, 7]","[0, 0, 1, 0, 0, 0, 0, 0, 0, 0]",1
25,0,136,"[6, 7, 5, 6, 6, 8, 6, 5, 8, 5]","[0, 0, 1, 0, 0, 0, 0, 0, 0, 0]",1
25,0,137,"[5, 4, 5, 5, 5, 3, 7, 2, 4, 6]","[0, 0, 1, 1, 1, 0, 0, 0, 1, 0]",1
25,0,138,"[6, 6, 6, 6, 6, 4, 6, 6, 6, 6]","[0, 0, 0, 0, 0, 0, 0, 0, 0, 1]",1
25,0,139,"[6, 5, 4, 4, 6, 7, 5, 4, 3, 6]","[0, 0, 1, 0, 0, 0, 0, 0, 0, 1]",1
25,0,140,"[7, 6, 5, 9, 2, 6, 5, 6, 4, 3]","[0, 1, 1, 1, 0, 0, 0, 0, 0, 0]",1
25,0,141,"[1, 3, 3, 6, 4, 8, 3, 5, 3, 4]","[0, 0, 0, 0, 0, 0, 1, 0, 0, 0]",1
25,0,142,"[4, 9, 5, 6, 7, 7, 4, 6, 6, 6]","[1, 1, 0, 1, 0, 0, 0, 0, 1, 0]",1
25,0,143,"[5, 5, 5, 4, 5, 4, 5, 4, 4, 4]","[0, 0, 1, 0, 0, 1, 0, 0, 0, 0]",1
25,0,144,"[8, 8, 8, 8, 8, 8, 8, 8, 6, 8]","[0, 1, 1, 1, 0, 1, 1, 0, 0, 0]",1
25,0,145,"[5, 7, 7, 6, 6, 9, 7, 7, 6, 6]","[0, 0, 0, 0, 0, 0, 0, 0, 0, 1]",1
25,0,146,"[7, 4, 8, 6, 8, 6, 5, 6, 5, 6]","[0, 0, 0, 1, 1, 0, 0, 0, 0, 1]",1
25,0,147,"[5, 5, 6, 5, 6, 6, 4, 6, 6, 5]","[0, 0, 1, 0, 0, 1, 0, 0, 0, 0]",1
25,0,148,"[5, 5, 4, 4, 4, 1, 2, 3, 5, 3]","[0, 0, 1, 0, 0, 0, 0, 0, 0, 0]",1
25,0,149,"[6, 6, 6, 7, 5, 4, 2, 7, 5, 7]","[0, 1, 0, 0, 0, 0, 1, 0, 1, 1]",1
25,0,150,"[3, 5, 2, 4, 2, 3, 6, 3, 5, 4]","[0, 0, 0, 0, 0, 0, 0, 0, 0, 0]",1
25,0,151,"[9, 4, 4, 4, 7, 5, 4, 7, 7, 4]","[0, 0, 0, 0, 0, 0, 0, 1, 0, 1]",1
25,0,152,"[3, 5, 5, 5, 5, 4, 3, 5, 4, 5]","[0, 0, 0, 0, 0, 0, 0, 0, 0, 0]",1
25,0,153,"[5, 5, 7, 4, 4, 5, 4, 5, 5, 4]","[0, 1, 0, 1, 0, 0, 0, 0, 0, 0]",1
25,0,154,"[8, 8, 9, 5, 8, 4, 9, 9, 9, 9]","[1, 1, 1, 1, 0, 0, 0, 1, 1, 0]",1
25,0,155,"[6, 4, 4, 4, 5, 4, 4, 4, 6, 4]","[0, 0, 0, 0, 1, 0, 0, 0, 1, 0]",1
25,0,156,"[2, 3, 3, 4, 4, 3, 3, 3, 2, 2]","[0, 0, 0, 0, 0, 0, 0, 0, 0, 0]",1
25,0,157,"[4, 5, 5, 6, 4, 6, 5, 5, 6, 5]","[0, 0, 0, 0, 0, 1, 0, 0, 0, 1]",1
25,0,158,"[9, 7, 7, 9, 7, 2, 7, 7, 7, 7]","[0, 0, 0, 0, 0, 0, 1, 0, 1, 0]",1
25,0,159,"[7, 7, 7, 7, 7, 7, 7, 7, 7, 9]","[0, 0, 1, 1, 0, 1, 0, 0, 0, 1]",1
25,0,160,"[9, 2, 5, 9, 5, 6, 5, 6, 6, 9]","[0, 0, 0, 0, 0, 0, 0, 0, 0, 1]",1
25,0,161,"[6, 4, 6, 7, 5, 5, 5, 5, 6, 7]","[0, 0, 1, 0, 0, 0, 0, 0, 1, 1]",1
25,0,162,"[8, 2, 8, 8, 8, 9, 8, 7, 8, 8]","[0, 0, 0, 0, 1, 0, 0, 0, 1, 0]",1
25,0,163,"[6, 7, 8, 8, 6, 8, 8, 9, 8, 8]","[0, 1, 1, 1, 0, 0, 1, 1, 0, 0]",1
25,0,164,"[9, 9, 9, 9, 9, 9, 9, 9, 9, 9]","[0, 0, 0, 0, 0, 0, 0, 1, 0, 0]",1
25,0,165,"[3, 4, 4, 6, 4, 6, 5, 4, 5, 7]","[0, 0, 1, 0, 0, 1, 0, 1, 0, 0]",1
25,0,166,"[6, 5, 7, 5, 6, 6, 6, 5, 6, 7]","[0, 1, 1, 1, 0, 0, 0, 0, 0, 0]",1
25,0,167,"[9, 9, 9, 9, 9, 9, 9, 9, 9, 9]","[1, 0, 0, 1, 1, 1, 0, 1, 0, 1]",1
25,0,168,"[6, 6, 6, 8, 9, 6, 6, 5, 5, 6]","[0, 1, 0, 1, 0, 0, 0, 0, 0, 0]",1
25,0,169,"[3, 6, 6, 5, 6, 6, 6, 4, 6, 5]","[0, 0, 0, 0, 0, 0, 0, 0, 0, 1]",1
25,0,170,"[9, 3, 9, 9, 9, 9, 9, 9, 9, 9]","[0, 1, 0, 0, 1, 0, 1, 0, 1, 1]",1
25,0,171,"[5, 9, 5, 8, 3, 9, 9, 6, 9, 8]","[1, 0, 1, 1, 0, 1, 0, 0, 1, 1]",1
25,0,172,"[8, 6, 7, 5, 5, 6, 8, 7, 7, 7]","[0, 0, 0, 1, 0, 1, 0, 0, 1, 0]",1
25,0,173,"[6, 4, 5, 5, 9, 7, 4, 6, 7, 7]","[0, 0, 0, 0, 1, 0, 0, 0, 0, 0]",1
25,0,174,"[7, 6, 5, 5, 6, 5, 6, 5, 4, 6]","[0, 0, 0, 0, 0, 1, 0, 0, 1, 0]",1
25,0,175,"[5, 6, 5, 4, 4, 4, 5, 5, 5, 6]","[1, 0, 0, 0, 1, 1, 0, 0, 0, 0]",1
25,0,176,"[8, 8, 9, 9, 4, 8, 6, 3, 9, 3]","[0, 1, 0, 0, 0, 0, 0, 0, 0, 0]",1
25,0,177,"[1, 6, 5, 5, 1, 5, 6, 6, 5, 5]","[0, 1, 0, 0, 1, 0, 0, 1, 0, 0]",1
25,0,178,"[7, 7, 5, 5, 7, 7, 6, 4, 7, 6]","[0, 0, 0, 0, 0, 0, 0, 0, 0, 1]",1
25,0,179,"[9, 9, 9, 6, 6, 6, 9, 5, 9, 6]","[1, 0, 0, 1, 0, 0, 0, 0, 0, 0]",1
25,0,180,"[4, 3, 4, 4, 7, 4, 5, 4, 8, 2]","[0, 0, 0, 1, 0, 1, 0, 0, 0, 0]",1
25,0,181,"[5, 4, 3, 4, 4, 6, 9, 3, 6, 3]","[0, 0, 0, 0, 0, 0, 0, 0, 0, 0]",1
25,0,182,"[2, 2, 4, 3, 8, 8, 9, 1, 8, 5]","[0, 0, 0, 0, 0, 0, 0, 0, 0, 0]",1
25,0,183,"[5, 7, 8, 7, 7, 6, 8, 8, 7, 4]","[0, 1, 0, 0, 1, 1, 1, 0, 0, 0]",1
25,0,184,"[5, 4, 6, 8, 2, 4, 4, 7, 5, 4]","[0, 0, 0, 0, 0, 0, 0, 0, 0, 0]",1
25,0,185,"[9, 7, 6, 7, 6, 5, 6, 5, 7, 6]","[0, 0, 1, 1, 0, 0, 0, 0, 1, 0]",1
25,0,186,"[9, 9, 2, 7, 9, 1, 7, 7, 3, 4]","[1, 1, 0, 1, 1, 1, 1, 0, 1, 0]",1
25,0,187,"[7, 5, 6, 7, 4, 7, 6, 5, 1, 6]","[0, 0, 0, 0, 0, 0, 0, 0, 0, 0]",1
25,0,188,"[9, 9, 9, 9, 9, 9, 9, 9, 9, 7]","[1, 0, 1, 1, 1, 0, 0, 1, 1, 0]",1
25,0,189,"[8, 7, 4, 7, 8, 7, 8, 9, 8, 6]","[0, 1, 1, 0, 0, 0, 1, 1, 0, 1]",1
25,0,190,"[6, 6, 6, 6, 6, 5, 6, 6, 5, 6]","[0, 1, 0, 0, 0, 0, 0, 0, 0, 0]",1
25,0,191,"[9, 9, 9, 8, 9, 9, 9, 9, 9, 9]","[1, 1, 1, 0, 0, 1, 1, 1, 1, 0]",1
25,0,192,"[9, 9, 8, 9, 8, 9, 9, 8, 9, 9]","[1, 1, 0, 0, 0, 1, 1, 0, 0, 1]",1
25,0,193,"[8, 7, 7, 8, 9, 7, 9, 8, 9, 8]","[0, 0, 1, 0, 1, 1, 0, 0, 0, 0]",1
25,0,194,"[2, 5, 8, 8, 8, 8, 7, 8, 4, 7]","[0, 0, 1, 0, 0, 1, 0, 0, 0, 1]",1
25,0,195,"[4, 4, 3, 2, 1, 3, 4, 2, 6, 1]","[1, 0, 0, 1, 1, 0, 0, 0, 1, 0]",1
25,0,196,"[5, 5, 5, 3, 4, 3, 4, 5, 2, 4]","[0, 0, 0, 0, 0, 0, 0, 0, 0, 0]",1
25,0,197,"[7, 3, 7, 7, 7, 8, 6, 7, 7, 7]","[0, 0, 1, 0, 1, 0, 0, 1, 1, 0]",1
25,0,198,"[2, 5, 4, 3, 2, 2, 1, 4, 2, 1]","[0, 0, 0, 0, 0, 0, 0, 0, 0, 0]",1
25,0,199,"[2, 3, 3, 2, 2, 3, 3, 3, 2, 3]","[0, 0, 0, 0, 0, 0, 0, 0, 0, 0]",1
25,0,200,"[3, 4, 3, 3, 3, 3, 2, 3, 3, 3]","[0, 0, 0, 0, 0, 0, 0, 0, 0, 0]",1
25,0,201,"[4, 9, 8, 8, 7, 9, 9, 9, 5, 6]","[0, 0, 1, 1, 0, 0, 0, 1, 0, 0]",1
25,0,202,"[4, 8, 5, 4, 5, 5, 6, 5, 5, 7]","[0, 0, 0, 1, 0, 0, 0, 0, 0, 0]",1
25,0,203,"[3, 3, 3, 3, 4, 4, 4, 4, 3, 5]","[0, 0, 0, 1, 0, 0, 0, 1, 0, 0]",1
25,0,204,"[8, 9, 8, 7, 9, 8, 9, 8, 8, 4]","[1, 0, 0, 0, 0, 0, 0, 0, 0, 0]",1
25,0,205,"[9, 9, 9, 5, 9, 8, 9, 9, 8, 9]","[1, 0, 0, 1, 0, 0, 0, 0, 0, 0]",1
25,0,206,"[8, 8, 5, 8, 4, 8, 8, 8, 8, 8]","[0, 0, 0, 0, 0, 0, 0, 0, 0, 1]",1
25,0,207,"[5, 5, 6, 6, 6, 5, 5, 5, 5, 7]","[0, 0, 1, 0, 1, 1, 0, 0, 0, 1]",1
25,0,208,"[6, 9, 6, 7, 7, 6, 5, 7, 5, 6]","[1, 0, 1, 0, 0, 0, 0, 0, 0, 0]",1
25,0,209,"[6, 4, 8, 8, 7, 9, 7, 8, 7, 8]","[1, 0, 1, 1, 0, 0, 0, 0, 0, 0]",1
25,1,0,"[7, 4, 9, 4, 5, 5, 4, 5, 4, 4]","[0, 0, 1, 0, 1, 0, 1, 0, 1, 0]",1
25,1,1,"[4, 4, 3, 4, 4, 4, 5, 4, 4, 3]","[0, 0, 0, 1, 0, 0, 1, 1, 0, 1]",1
25,1,2,"[5, 3, 3, 3, 4, 2, 2, 3, 3, 2]","[0, 0, 0, 0, 0, 0, 0, 0, 0, 0]",1
25,1,3,"[4, 6, 6, 6, 6, 6, 6, 6, 6, 8]","[0, 1, 0, 0, 0, 0, 1, 0, 0, 0]",1
25,1,4,"[3, 2, 3, 4, 4, 5, 4, 3, 3, 3]","[0, 0, 0, 0, 1, 0, 1, 0, 0, 0]",1
25,1,5,"[5, 4, 4, 4, 5, 4, 5, 3, 3, 4]","[0, 0, 1, 1, 1, 0, 0, 0, 0, 0]",1
25,1,6,"[3, 1, 5, 4, 8, 5, 3, 4, 4, 4]","[0, 0, 0, 0, 0, 1, 0, 0, 0, 0]",1
25,1,7,"[6, 5, 6, 5, 5, 4, 6, 6, 5, 5]","[1, 1, 1, 0, 0, 0, 0, 0, 0, 0]",1
25,1,8,"[3, 2, 3, 4, 3, 3, 3, 3, 2, 3]","[1, 0, 0, 0, 0, 0, 0, 1, 0, 0]",1
25,1,9,"[3, 5, 6, 5, 3, 3, 2, 2, 4, 3]","[0, 0, 0, 0, 0, 0, 0, 0, 0, 0]",1
25,1,10,"[3, 5, 5, 4, 3, 3, 5, 5, 4, 4]","[1, 0, 0, 0, 1, 0, 0, 1, 0, 0]",1
25,1,11,"[3, 4, 3, 3, 3, 3, 3, 2, 3, 4]","[0, 0, 0, 0, 0, 0, 0, 0, 0, 0]",1
25,1,12,"[5, 4, 4, 4, 4, 4, 4, 4, 3, 4]","[1, 1, 1, 0, 1, 0, 0, 0, 1, 0]",1
25,1,13,"[5, 4, 3, 4, 5, 4, 4, 3, 3, 5]","[1, 0, 1, 0, 0, 0, 0, 0, 0, 0]",1
25,1,14,"[3, 3, 3, 5, 3, 5, 4, 2, 2, 2]","[0, 1, 0, 0, 0, 0, 0, 0, 0, 0]",1
25,1,15,"[4, 4, 5, 8, 4, 5, 5, 4, 4, 5]","[1, 0, 0, 1, 0, 0, 1, 1, 0, 0]",1
25,1,16,"[4, 8, 8, 4, 4, 8, 4, 5, 3, 2]","[0, 0, 1, 1, 0, 1, 0, 0, 0, 0]",1
25,1,17,"[5, 6, 4, 5, 1, 7, 5, 5, 4, 3]","[0, 1, 1, 1, 0, 1, 0, 1, 0, 0]",1
25,1,18,"[4, 7, 3, 4, 5, 4, 3, 5, 4, 5]","[0, 0, 1, 0, 0, 0, 0, 0, 1, 0]",1
25,1,19,"[3, 3, 2, 3, 3, 2, 3, 2, 3, 3]","[1, 0, 0, 0, 1, 0, 0, 0, 0, 0]",1
25,1,20,"[5, 5, 4, 4, 4, 4, 4, 4, 2, 4]","[0, 1, 0, 0, 0, 0, 1, 1, 0, 0]",1
25,1,21,"[4, 6, 4, 8, 4, 6, 7, 4, 7, 6]","[1, 1, 0, 1, 0, 0, 0, 1, 1, 1]",1
25,1,22,"[2, 3, 3, 3, 3, 3, 4, 2, 3, 3]","[0, 0, 0, 0, 1, 0, 0, 0, 0, 0]",1
25,1,23,"[3, 4, 4, 4, 4, 4, 2, 4, 4, 3]","[0, 0, 0, 0, 0, 1, 0, 0, 0, 0]",1
25,1,24,"[5, 2, 9, 8, 6, 6, 2, 2, 2, 7]","[0, 0, 1, 0, 0, 1, 0, 0, 0, 1]",1
25,1,25,"[3, 3, 3, 3, 3, 7, 3, 3, 3, 3]","[1, 1, 0, 0, 0, 1, 0, 0, 0, 0]",1
25,1,26,"[9, 8, 9, 4, 9, 9, 5, 6, 9, 7]","[0, 0, 0, 0, 1, 1, 0, 1, 1, 0]",1
25,1,27,"[3, 3, 2, 4, 4, 5, 4, 4, 4, 4]","[0, 0, 0, 0, 1, 1, 1, 0, 1, 0]",1
25,1,28,"[4, 3, 4, 3, 3, 3, 3, 3, 2, 4]","[0, 1, 0, 0, 0, 0, 0, 0, 0, 0]",1
25,1,29,"[9, 9, 9, 9, 9, 7, 1, 9, 7, 9]","[0, 0, 0, 1, 0, 0, 0, 0, 0, 1]",1
25,1,30,"[5, 3, 4, 6, 4, 5, 3, 4, 4, 3]","[1, 0, 0, 0, 0, 0, 0, 0, 0, 0]",1
25,1,31,"[7, 4, 5, 4, 4, 4, 4, 5, 5, 5]","[1, 0, 0, 0, 0, 0, 0, 1, 0, 0]",1
25,1,32,"[5, 3, 3, 9, 3, 4, 5, 7, 6, 4]","[0, 1, 0, 1, 0, 0, 0, 1, 0, 0]",1
25,1,33,"[5, 8, 8, 5, 5, 5, 4, 5, 5, 5]","[0, 0, 0, 0, 0, 1, 0, 1, 0, 0]",1
25,1,34,"[7, 5, 5, 5, 5, 8, 5, 7, 7, 4]","[0, 0, 0, 1, 0, 0, 0, 0, 0, 1]",1
25,1,35,"[4, 3, 2, 3, 7, 2, 8, 2, 4, 3]","[0, 0, 0, 0, 0, 0, 0, 0, 0, 0]",1
25,1,36,"[8, 2, 5, 7, 7, 8, 6, 2, 3, 2]","[0, 0, 0, 0, 1, 0, 0, 0, 0, 0]",1
25,1,37,"[4, 5, 4, 2, 3, 4, 4, 1, 3, 3]","[0, 0, 0, 0, 0, 1, 0, 0, 0, 1]",1
25,1,38,"[2, 4, 3, 3, 3, 4, 4, 5, 3, 3]","[0, 0, 0, 0, 0, 1, 1, 0, 0, 0]",1
25,1,39,"[1, 1, 1, 4, 1, 3, 2, 1, 1, 1]","[0, 0, 0, 1, 1, 0, 1, 1, 1, 0]",1
25,1,40,"[3, 3, 3, 4, 7, 3, 3, 3, 3, 2]","[0, 0, 0, 0, 0, 0, 0, 0, 0, 0]",1
25,1,41,"[7, 4, 7, 2, 2, 4, 4, 7, 3, 3]","[0, 0, 1, 0, 1, 0, 1, 1, 0, 0]",1
25,1,42,"[3, 3, 3, 4, 3, 2, 4, 4, 2, 3]","[0, 1, 0, 0, 0, 0, 0, 0, 0, 0]",1
25,1,43,"[3, 3, 3, 3, 3, 3, 1, 2, 2, 8]","[0, 0, 0, 0, 1, 0, 0, 0, 0, 0]",1
25,1,44,"[2, 6, 5, 5, 7, 7, 1, 4, 5, 6]","[0, 0, 1, 1, 1, 0, 0, 0, 0, 0]",1
25,1,45,"[5, 4, 3, 6, 5, 6, 5, 4, 4, 4]","[0, 1, 0, 0, 0, 0, 0, 0, 1, 0]",1
25,1,46,"[4, 3, 3, 3, 3, 3, 3, 3, 6, 4]","[0, 1, 0, 0, 0, 0, 0, 0, 0, 0]",1
25,1,47,"[4, 4, 4, 5, 4, 4, 4, 6, 9, 4]","[0, 1, 0, 0, 1, 0, 0, 1, 1, 0]",1
25,1,48,"[3, 4, 4, 5, 4, 5, 4, 5, 4, 2]","[1, 1, 0, 0, 0, 0, 0, 0, 0, 1]",1
25,1,49,"[3, 4, 6, 4, 4, 4, 3, 4, 5, 4]","[0, 0, 0, 0, 0, 0, 0, 0, 0, 0]",1
25,1,50,"[4, 4, 4, 4, 3, 4, 5, 5, 4, 4]","[0, 0, 0, 0, 1, 1, 1, 1, 0, 0]",1
25,1,51,"[3, 3, 3, 4, 3, 3, 3, 3, 3, 4]","[0, 0, 0, 0, 0, 0, 0, 0, 0, 0]",1
25,1,52,"[6, 3, 6, 2, 4, 2, 4, 3, 2, 2]","[1, 0, 1, 0, 0, 0, 0, 1, 0, 1]",1
25,1,53,"[3, 3, 3, 3, 1, 3, 3, 3, 3, 3]","[0, 0, 0, 0, 0, 0, 0, 0, 0, 0]",1
25,1,54,"[3, 2, 2, 3, 7, 3, 3, 5, 3, 5]","[0, 0, 0, 0, 0, 1, 1, 1, 0, 0]",1
25,1,55,"[6, 6, 5, 6, 7, 7, 7, 7, 2, 6]","[0, 0, 0, 1, 0, 0, 0, 0, 0, 0]",1
25,1,56,"[4, 2, 3, 4, 4, 5, 6, 8, 2, 9]","[1, 1, 0, 0, 0, 1, 0, 1, 0, 1]",1
25,1,57,"[2, 4, 4, 4, 4, 2, 3, 4, 6, 4]","[0, 0, 0, 0, 0, 0, 0, 0, 0, 0]",1
25,1,58,"[3, 1, 6, 5, 3, 5, 1, 4, 5, 4]","[0, 0, 0, 0, 0, 0, 0, 1, 1, 1]",1
25,1,59,"[4, 9, 1, 4, 4, 2, 4, 4, 4, 5]","[0, 0, 0, 0, 0, 0, 1, 0, 0, 0]",1
25,1,60,"[2, 2, 2, 2, 4, 3, 3, 6, 1, 3]","[0, 0, 1, 0, 0, 0, 1, 0, 0, 0]",1
25,1,61,"[2, 4, 4, 4, 4, 4, 4, 4, 4, 3]","[0, 0, 0, 0, 0, 0, 0, 0, 0, 1]",1
25,1,62,"[9, 9, 9, 9, 9, 9, 9, 9, 9, 9]","[0, 0, 1, 0, 0, 0, 0, 1, 1, 0]",1
25,1,63,"[6, 6, 7, 3, 3, 6, 5, 5, 6, 5]","[0, 0, 0, 0, 0, 1, 0, 0, 0, 0]",1
25,1,64,"[3, 4, 4, 4, 9, 5, 4, 4, 4, 6]","[0, 0, 0, 0, 1, 0, 0, 0, 1, 0]",1
25,1,65,"[6, 2, 6, 3, 3, 6, 3, 2, 5, 7]","[0, 0, 1, 0, 0, 0, 0, 0, 0, 0]",1
25,1,66,"[6, 6, 4, 3, 3, 3, 3, 4, 3, 4]","[1, 0, 0, 0, 0, 0, 0, 0, 0, 0]",1
25,1,67,"[3, 5, 1, 3, 4, 3, 4, 4, 3, 4]","[0, 1, 0, 1, 0, 0, 0, 1, 0, 1]",1
25,1,68,"[5, 3, 3, 4, 5, 2, 2, 4, 6, 5]","[0, 0, 0, 1, 0, 0, 0, 0, 1, 0]",1
25,1,69,"[4, 5, 4, 3, 4, 3, 4, 4, 6, 6]","[0, 0, 0, 0, 0, 0, 1, 0, 0, 0]",1
25,1,70,"[5, 4, 5, 5, 4, 5, 4, 4, 5, 6]","[0, 0, 0, 0, 0, 1, 0, 0, 0, 1]",1
25,1,71,"[4, 3, 3, 4, 3, 2, 3, 3, 3, 4]","[0, 0, 0, 0, 0, 0, 0, 0, 1, 0]",1
25,1,72,"[2, 3, 3, 3, 4, 3, 6, 4, 4, 3]","[0, 0, 0, 0, 0, 0, 0, 0, 0, 0]",1
25,1,73,"[1, 2, 1, 1, 5, 1, 4, 5, 6, 1]","[0, 1, 1, 0, 1, 0, 0, 1, 1, 0]",1
25,1,74,"[3, 4, 2, 2, 4, 4, 3, 4, 4, 3]","[0, 0, 0, 0, 0, 0, 0, 0, 0, 0]",1
25,1,75,"[2, 2, 2, 2, 2, 1, 1, 2, 2, 2]","[0, 1, 0, 0, 0, 0, 0, 0, 0, 0]",1
25,1,76,"[3, 2, 2, 3, 3, 2, 4, 2, 2, 3]","[0, 0, 0, 0, 0, 0, 0, 0, 0, 0]",1
25,1,77,"[4, 4, 6, 4, 4, 7, 5, 4, 4, 4]","[0, 1, 0, 0, 1, 1, 1, 0, 0, 0]",1
25,1,78,"[3, 2, 3, 5, 5, 5, 3, 6, 4, 4]","[0, 0, 0, 0, 1, 0, 1, 0, 0, 1]",1
25,1,79,"[4, 5, 4, 5, 5, 5, 1, 1, 4, 3]","[0, 0, 0, 1, 0, 0, 0, 0, 0, 0]",1
25,1,80,"[6, 7, 8, 5, 8, 8, 4, 8, 8, 7]","[1, 0, 0, 0, 0, 0, 0, 0, 0, 1]",1
25,1,81,"[1, 1, 6, 5, 5, 2, 5, 5, 6, 5]","[0, 0, 0, 1, 1, 0, 0, 0, 1, 0]",1
25,1,82,"[4, 9, 5, 5, 4, 3, 4, 6, 6, 4]","[0, 1, 0, 0, 1, 1, 0, 1, 0, 0]",1
25,1,83,"[5, 4, 6, 6, 7, 5, 1, 5, 7, 4]","[0, 0, 1, 0, 0, 0, 0, 0, 0, 0]",1
25,1,84,"[1, 1, 1, 3, 1, 1, 3, 1, 1, 3]","[1, 0, 0, 1, 0, 0, 0, 0, 0, 0]",1
25,1,85,"[6, 6, 7, 6, 4, 6, 6, 6, 6, 6]","[1, 1, 0, 0, 0, 0, 1, 0, 0, 0]",1
25,1,86,"[6, 5, 6, 6, 6, 6, 6, 6, 6, 6]","[0, 0, 1, 1, 0, 1, 0, 0, 0, 1]",1
25,1,87,"[3, 4, 4, 3, 2, 5, 3, 3, 5, 4]","[0, 0, 1, 1, 0, 0, 0, 0, 0, 0]",1
25,1,88,"[3, 2, 3, 3, 5, 3, 3, 2, 3, 2]","[0, 0, 1, 0, 1, 0, 0, 1, 0, 0]",1
25,1,89,"[4, 4, 4, 4, 5, 4, 4, 4, 8, 4]","[1, 0, 0, 1, 1, 1, 0, 0, 1, 0]",1
25,1,90,"[6, 6, 6, 6, 5, 4, 5, 5, 6, 5]","[0, 1, 0, 0, 0, 0, 0, 0, 0, 0]",1
25,1,91,"[3, 2, 4, 6, 5, 5, 4, 4, 3, 2]","[1, 1, 1, 1, 0, 0, 0, 0, 0, 0]",1
25,1,92,"[5, 4, 5, 7, 4, 8, 4, 3, 5, 4]","[1, 0, 0, 0, 0, 1, 0, 0, 0, 0]",1
25,1,93,"[2, 3, 2, 1, 7, 4, 3, 1, 3, 1]","[0, 1, 0, 0, 0, 0, 0, 1, 0, 0]",1
25,1,94,"[6, 4, 6, 3, 5, 6, 6, 7, 6, 7]","[1, 0, 1, 0, 0, 0, 0, 1, 1, 1]",1
25,1,95,"[4, 3, 4, 4, 3, 4, 4, 3, 4, 5]","[0, 0, 0, 0, 1, 0, 0, 0, 0, 0]",1
25,1,96,"[7, 5, 3, 5, 6, 3, 5, 5, 5, 3]","[1, 0, 0, 1, 1, 0, 0, 0, 0, 1]",1
25,1,97,"[2, 2, 3, 3, 3, 3, 1, 2, 2, 3]","[0, 0, 0, 0, 0, 0, 0, 0, 0, 0]",1
25,1,98,"[9, 6, 7, 2, 9, 9, 9, 6, 3, 4]","[0, 1, 0, 1, 0, 1, 1, 0, 0, 0]",1
25,1,99,"[3, 3, 3, 3, 3, 3, 3, 3, 2, 4]","[0, 0, 0, 0, 0, 0, 0, 0, 0, 0]",1
25,1,100,"[4, 3, 3, 3, 2, 3, 3, 3, 3, 3]","[0, 0, 0, 1, 0, 0, 0, 0, 0, 0]",1
25,1,101,"[5, 5, 2, 4, 4, 2, 4, 9, 4, 1]","[0, 0, 0, 0, 0, 0, 0, 0, 0, 0]",1
25,1,102,"[1, 5, 1, 3, 4, 4, 1, 5, 2, 4]","[0, 0, 0, 0, 0, 0, 0, 0, 0, 0]",1
25,1,103,"[2, 2, 2, 2, 2, 3, 2, 2, 2, 2]","[0, 0, 0, 0, 0, 0, 0, 0, 0, 0]",1
25,1,104,"[8, 9, 9, 9, 9, 9, 9, 2, 9, 8]","[1, 1, 1, 1, 1, 1, 1, 1, 1, 1]",1
25,1,105,"[5, 4, 5, 4, 9, 4, 4, 3, 4, 3]","[1, 0, 0, 0, 1, 0, 0, 0, 1, 0]",1
25,1,106,"[5, 5, 5, 4, 4, 6, 5, 4, 6, 5]","[0, 0, 0, 0, 1, 0, 0, 0, 0, 0]",1
25,1,107,"[3, 5, 3, 4, 4, 3, 8, 3, 2, 8]","[0, 1, 0, 0, 0, 0, 0, 1, 0, 0]",1
25,1,108,"[4, 3, 2, 5, 5, 2, 3, 5, 3, 5]","[0, 0, 0, 0, 0, 0, 0, 1, 1, 1]",1
25,1,109,"[4, 4, 4, 4, 4, 4, 5, 6, 4, 5]","[0, 1, 0, 1, 0, 0, 0, 0, 0, 1]",1
25,1,110,"[3, 4, 4, 3, 2, 3, 4, 7, 3, 3]","[0, 0, 0, 0, 0, 0, 0, 1, 0, 0]",1
25,1,111,"[5, 5, 5, 6, 5, 4, 5, 4, 5, 7]","[0, 0, 0, 1, 1, 0, 0, 0, 0, 0]",1
25,1,112,"[6, 6, 6, 6, 6, 6, 6, 6, 6, 6]","[1, 1, 0, 0, 0, 0, 1, 0, 0, 0]",1
25,1,113,"[3, 2, 5, 4, 6, 3, 5, 4, 7, 3]","[1, 0, 0, 0, 0, 0, 1, 1, 0, 1]",1
25,1,114,"[3, 1, 2, 2, 2, 2, 3, 3, 3, 4]","[0, 0, 1, 0, 0, 0, 0, 0, 1, 0]",1
25,1,115,"[1, 4, 5, 5, 6, 5, 5, 4, 5, 2]","[0, 0, 0, 0, 0, 0, 1, 0, 0, 0]",1
25,1,116,"[5, 5, 2, 6, 8, 6, 4, 5, 5, 6]","[0, 0, 0, 1, 1, 1, 0, 0, 1, 0]",1
25,1,117,"[4, 4, 2, 3, 2, 3, 2, 4, 3, 3]","[1, 0, 0, 0, 0, 0, 0, 0, 0, 0]",1
25,1,118,"[5, 4, 5, 7, 7, 5, 5, 5, 6, 5]","[0, 0, 0, 0, 1, 0, 0, 0, 1, 0]",1
25,1,119,"[4, 4, 4, 4, 4, 4, 4, 4, 3, 4]","[0, 1, 0, 0, 0, 1, 0, 0, 0, 0]",1
25,1,120,"[6, 5, 5, 6, 4, 4, 6, 6, 6, 6]","[0, 0, 1, 1, 1, 1, 1, 0, 0, 1]",1
25,1,121,"[4, 3, 4, 4, 4, 3, 4, 5, 5, 4]","[0, 0, 0, 0, 1, 0, 0, 1, 0, 1]",1
25,1,122,"[4, 4, 4, 4, 4, 4, 4, 4, 4, 4]","[0, 1, 0, 0, 0, 0, 0, 0, 0, 0]",1
25,1,123,"[4, 3, 4, 3, 3, 4, 4, 3, 3, 4]","[0, 0, 0, 0, 0, 0, 0, 0, 0, 1]",1
25,1,124,"[4, 5, 4, 5, 4, 4, 5, 3, 4, 4]","[0, 0, 0, 0, 1, 1, 0, 1, 0, 0]",1
25,1,125,"[3, 3, 3, 3, 3, 3, 3, 3, 2, 7]","[0, 0, 0, 0, 0, 0, 0, 0, 0, 1]",1
25,1,126,"[7, 3, 7, 3, 2, 2, 3, 4, 4, 3]","[0, 1, 1, 0, 0, 0, 0, 1, 0, 0]",1
25,1,127,"[3, 3, 3, 2, 3, 3, 3, 4, 3, 3]","[1, 0, 0, 0, 0, 0, 0, 0, 0, 0]",1
25,1,128,"[4, 4, 4, 4, 5, 6, 6, 6, 5, 8]","[0, 0, 0, 0, 1, 1, 1, 1, 1, 1]",1
25,1,129,"[1, 3, 4, 4, 5, 5, 3, 8, 4, 2]","[0, 0, 0, 0, 0, 0, 0, 1, 0, 0]",1
25,1,130,"[7, 8, 7, 4, 8, 5, 5, 5, 5, 9]","[0, 1, 0, 0, 0, 0, 0, 0, 0, 0]",1
25,1,131,"[1, 8, 1, 1, 1, 7, 7, 5, 1, 7]","[0, 0, 1, 1, 0, 0, 1, 0, 0, 1]",1
25,1,132,"[5, 3, 4, 3, 5, 5, 4, 4, 2, 4]","[0, 0, 0, 0, 1, 0, 0, 0, 0, 0]",1
25,1,133,"[4, 8, 9, 9, 5, 9, 6, 9, 9, 8]","[1, 0, 0, 0, 1, 0, 0, 1, 0, 1]",1
25,1,134,"[1, 7, 7, 7, 3, 6, 2, 7, 7, 7]","[0, 0, 1, 0, 0, 0, 1, 0, 1, 0]",1
25,1,135,"[6, 4, 8, 4, 4, 5, 4, 6, 5, 5]","[0, 0, 1, 1, 0, 0, 0, 1, 1, 0]",1
25,1,136,"[4, 4, 4, 5, 3, 5, 6, 9, 4, 4]","[0, 0, 0, 0, 0, 0, 0, 0, 0, 0]",1
25,1,137,"[2, 4, 2, 2, 3, 1, 1, 5, 1, 6]","[0, 0, 0, 0, 0, 0, 0, 0, 0, 1]",1
25,1,138,"[7, 7, 7, 8, 7, 7, 8, 7, 9, 7]","[0, 1, 1, 1, 1, 1, 1, 0, 1, 0]",1
25,1,139,"[4, 4, 6, 4, 4, 7, 7, 3, 4, 3]","[0, 0, 1, 0, 1, 0, 1, 0, 0, 1]",1
25,1,140,"[5, 5, 5, 4, 4, 5, 5, 5, 3, 5]","[0, 0, 0, 0, 0, 0, 1, 0, 0, 1]",1
25,1,141,"[5, 4, 4, 3, 1, 3, 2, 4, 4, 5]","[0, 0, 0, 0, 0, 0, 0, 1, 0, 0]",1
25,1,142,"[4, 2, 5, 2, 4, 4, 3, 7, 4, 4]","[0, 0, 0, 0, 0, 0, 0, 0, 0, 0]",1
25,1,143,"[4, 2, 5, 4, 3, 3, 3, 4, 3, 3]","[0, 0, 0, 0, 1, 0, 0, 0, 0, 0]",1
25,1,144,"[5, 5, 5, 5, 5, 5, 4, 5, 5, 5]","[0, 1, 1, 1, 1, 0, 0, 0, 0, 1]",1
25,1,145,"[6, 5, 5, 5, 5, 5, 5, 5, 5, 2]","[0, 0, 0, 0, 1, 0, 0, 0, 0, 0]",1
25,1,146,"[5, 8, 5, 6, 5, 5, 5, 5, 5, 5]","[0, 0, 1, 0, 0, 0, 1, 1, 0, 0]",1
25,1,147,"[5, 5, 2, 5, 5, 6, 6, 5, 6, 5]","[0, 1, 1, 0, 0, 0, 0, 0, 0, 0]",1
25,1,148,"[5, 5, 4, 4, 4, 4, 5, 5, 5, 4]","[0, 1, 0, 1, 0, 0, 1, 0, 0, 0]",1
25,1,149,"[5, 2, 6, 4, 2, 2, 4, 4, 3, 3]","[0, 0, 0, 0, 1, 0, 0, 0, 0, 1]",1
25,1,150,"[4, 2, 5, 4, 4, 4, 3, 4, 2, 2]","[0, 0, 0, 0, 0, 0, 0, 1, 0, 0]",1
25,1,151,"[3, 2, 2, 3, 4, 3, 4, 4, 3, 3]","[0, 0, 0, 0, 0, 1, 0, 0, 0, 0]",1
25,1,152,"[2, 3, 2, 4, 2, 3, 3, 2, 3, 3]","[0, 0, 0, 0, 0, 0, 0, 0, 0, 0]",1
25,1,153,"[4, 4, 3, 1, 2, 4, 4, 8, 4, 4]","[0, 0, 1, 0, 0, 1, 0, 0, 0, 0]",1
25,1,154,"[4, 4, 4, 5, 4, 4, 3, 5, 3, 4]","[1, 0, 0, 1, 0, 1, 0, 0, 0, 0]",1
25,1,155,"[4, 1, 4, 5, 6, 4, 5, 1, 4, 6]","[1, 0, 0, 0, 0, 0, 0, 0, 0, 0]",1
25,1,156,"[4, 3, 3, 4, 3, 3, 3, 3, 3, 3]","[0, 0, 0, 0, 0, 0, 0, 0, 0, 0]",1
25,1,157,"[5, 4, 4, 3, 4, 1, 4, 3, 3, 4]","[0, 0, 0, 1, 0, 0, 0, 0, 0, 0]",1
25,1,158,"[4, 2, 4, 2, 2, 9, 2, 3, 2, 8]","[0, 0, 0, 0, 0, 1, 0, 0, 0, 0]",1
25,1,159,"[5, 7, 6, 7, 6, 6, 6, 6, 4, 6]","[0, 0, 0, 0, 1, 1, 0, 1, 1, 0]",1
25,1,160,"[5, 5, 4, 4, 4, 4, 4, 4, 7, 4]","[0, 1, 0, 0, 1, 1, 0, 0, 0, 0]",1
25,1,161,"[5, 6, 5, 5, 6, 9, 4, 5, 4, 5]","[0, 0, 0, 0, 1, 1, 0, 0, 0, 0]",1
25,1,162,"[6, 9, 3, 7, 6, 6, 3, 9, 7, 9]","[0, 1, 0, 0, 0, 0, 0, 0, 0, 1]",1
25,1,163,"[6, 5, 3, 3, 7, 3, 5, 5, 6, 3]","[0, 0, 0, 0, 0, 0, 0, 0, 0, 0]",1
25,1,164,"[6, 7, 5, 9, 6, 9, 4, 1, 9, 9]","[0, 0, 0, 0, 0, 0, 0, 0, 0, 0]",1
25,1,165,"[7, 2, 4, 3, 2, 1, 3, 6, 7, 2]","[0, 0, 0, 0, 0, 0, 0, 0, 1, 0]",1
25,1,166,"[6, 1, 7, 7, 3, 6, 8, 4, 7, 7]","[0, 0, 0, 1, 0, 0, 1, 1, 0, 1]",1
25,1,167,"[9, 9, 4, 9, 9, 9, 9, 9, 9, 8]","[1, 1, 0, 1, 0, 1, 1, 1, 1, 1]",1
25,1,168,"[4, 6, 3, 5, 6, 5, 5, 5, 7, 6]","[0, 1, 0, 0, 0, 0, 0, 1, 1, 0]",1
25,1,169,"[6, 7, 6, 6, 7, 5, 6, 5, 4, 6]","[0, 1, 0, 0, 0, 0, 1, 0, 0, 0]",1
25,1,170,"[7, 3, 5, 4, 5, 4, 5, 5, 3, 3]","[0, 0, 1, 0, 0, 0, 0, 0, 0, 1]",1
25,1,171,"[6, 4, 6, 7, 6, 8, 6, 1, 6, 3]","[0, 1, 1, 1, 1, 1, 1, 0, 1, 1]",1
25,1,172,"[3, 6, 3, 4, 4, 5, 3, 4, 1, 3]","[0, 1, 0, 0, 1, 0, 0, 0, 0, 0]",1
25,1,173,"[3, 4, 5, 4, 5, 6, 4, 6, 5, 4]","[1, 1, 1, 1, 1, 1, 1, 0, 1, 1]",1
25,1,174,"[2, 4, 4, 4, 4, 4, 3, 4, 4, 4]","[0, 0, 0, 1, 1, 0, 0, 1, 1, 0]",1
25,1,175,"[2, 3, 2, 2, 2, 2, 3, 2, 3, 2]","[0, 0, 0, 0, 0, 0, 0, 0, 0, 0]",1
25,1,176,"[1, 9, 7, 8, 4, 9, 8, 5, 3, 9]","[0, 1, 0, 0, 0, 1, 1, 0, 0, 0]",1
25,1,177,"[6, 4, 4, 4, 5, 6, 5, 6, 6, 5]","[1, 0, 0, 1, 1, 1, 0, 0, 0, 0]",1
25,1,178,"[6, 4, 6, 6, 5, 4, 6, 6, 6, 5]","[1, 0, 0, 0, 1, 0, 1, 0, 0, 0]",1
25,1,179,"[6, 6, 3, 6, 3, 3, 2, 3, 3, 5]","[0, 0, 1, 1, 1, 1, 0, 0, 0, 0]",1
25,1,180,"[2, 2, 2, 2, 2, 3, 3, 2, 2, 2]","[1, 0, 0, 0, 0, 0, 0, 0, 0, 0]",1
25,1,181,"[5, 4, 4, 2, 4, 4, 4, 4, 3, 4]","[1, 0, 0, 0, 0, 0, 0, 0, 0, 0]",1
25,1,182,"[8, 8, 7, 6, 6, 6, 7, 7, 8, 7]","[1, 0, 0, 0, 1, 0, 1, 1, 0, 1]",1
25,1,183,"[5, 8, 6, 4, 7, 5, 3, 8, 9, 4]","[0, 0, 1, 0, 0, 1, 1, 0, 1, 1]",1
25,1,184,"[3, 3, 2, 2, 3, 2, 3, 3, 3, 3]","[0, 0, 0, 0, 0, 0, 0, 0, 0, 0]",1
25,1,185,"[2, 5, 5, 8, 4, 6, 7, 7, 7, 7]","[1, 0, 0, 1, 0, 1, 0, 0, 0, 0]",1
25,1,186,"[6, 5, 7, 4, 4, 3, 7, 6, 4, 3]","[0, 0, 1, 0, 0, 0, 1, 0, 0, 1]",1
25,1,187,"[4, 4, 3, 4, 5, 4, 4, 4, 4, 3]","[0, 0, 1, 0, 0, 1, 0, 0, 0, 0]",1
25,1,188,"[5, 9, 4, 6, 5, 5, 5, 5, 5, 5]","[0, 1, 0, 0, 0, 0, 0, 1, 0, 0]",1
25,1,189,"[3, 3, 3, 2, 3, 3, 3, 3, 3, 3]","[0, 0, 0, 0, 0, 1, 0, 0, 1, 0]",1
25,1,190,"[6, 3, 2, 4, 3, 4, 4, 6, 3, 5]","[0, 0, 0, 0, 0, 1, 1, 1, 0, 0]",1
25,1,191,"[6, 5, 5, 7, 6, 6, 7, 7, 5, 5]","[1, 0, 1, 0, 0, 0, 0, 1, 0, 0]",1
25,1,192,"[5, 5, 6, 5, 5, 5, 5, 4, 5, 5]","[1, 1, 0, 0, 1, 0, 1, 1, 0, 1]",1
25,1,193,"[1, 5, 6, 4, 5, 3, 4, 4, 5, 4]","[0, 0, 0, 0, 1, 0, 1, 1, 1, 0]",1
25,1,194,"[5, 6, 3, 4, 2, 5, 4, 1, 4, 4]","[0, 0, 0, 0, 0, 0, 1, 0, 0, 1]",1
25,1,195,"[5, 1, 8, 1, 2, 3, 3, 1, 3, 6]","[0, 0, 0, 0, 0, 1, 0, 0, 0, 0]",1
25,1,196,"[3, 3, 8, 3, 9, 2, 4, 8, 2, 3]","[0, 0, 0, 0, 1, 0, 0, 1, 1, 0]",1
25,1,197,"[6, 5, 6, 6, 5, 6, 6, 5, 5, 6]","[0, 0, 1, 1, 0, 1, 0, 1, 1, 1]",1
25,1,198,"[1, 6, 1, 6, 3, 5, 3, 4, 2, 2]","[0, 0, 0, 0, 0, 1, 0, 0, 0, 0]",1
25,1,199,"[2, 1, 2, 3, 2, 2, 2, 2, 3, 2]","[0, 0, 0, 0, 0, 0, 0, 0, 0, 0]",1
25,1,200,"[2, 3, 1, 3, 2, 1, 2, 3, 3, 2]","[0, 0, 0, 0, 0, 0, 0, 0, 0, 0]",1
25,1,201,"[9, 4, 3, 6, 4, 4, 6, 4, 4, 4]","[0, 1, 0, 1, 1, 0, 1, 1, 0, 0]",1
25,1,202,"[4, 5, 3, 5, 5, 4, 5, 4, 4, 5]","[0, 1, 0, 1, 0, 0, 0, 0, 1, 0]",1
25,1,203,"[3, 3, 3, 3, 3, 5, 3, 3, 3, 3]","[0, 0, 0, 1, 0, 1, 0, 0, 0, 0]",1
25,1,204,"[3, 4, 4, 2, 2, 1, 2, 1, 2, 1]","[1, 0, 0, 0, 0, 0, 0, 0, 0, 0]",1
25,1,205,"[9, 9, 9, 9, 9, 2, 8, 9, 9, 9]","[1, 1, 1, 1, 1, 0, 1, 1, 1, 1]",1
25,1,206,"[2, 3, 2, 2, 2, 2, 2, 4, 2, 6]","[0, 0, 0, 0, 0, 0, 0, 0, 0, 0]",1
25,1,207,"[2, 1, 2, 2, 2, 7, 3, 2, 2, 2]","[0, 0, 0, 0, 0, 0, 0, 0, 0, 0]",1
25,1,208,"[6, 6, 6, 8, 6, 6, 6, 6, 7, 6]","[1, 1, 1, 1, 1, 0, 1, 0, 0, 1]",1
25,1,209,"[5, 5, 6, 5, 5, 4, 6, 5, 5, 5]","[0, 0, 0, 1, 0, 0, 1, 1, 0, 1]",1
26,0,0,"[6, 6, 6, 6, 5, 7, 7, 6, 5, 7]","[0, 0, 0, 0, 0, 0, 0, 0, 0, 0]",1
26,0,1,"[5, 6, 7, 6, 4, 5, 6, 7, 3, 5]","[0, 0, 0, 1, 0, 0, 0, 0, 0, 0]",1
26,0,2,"[9, 5, 8, 8, 6, 5, 8, 5, 5, 5]","[1, 0, 0, 0, 0, 0, 0, 0, 0, 0]",1
26,0,3,"[3, 7, 3, 8, 4, 6, 5, 8, 6, 4]","[1, 0, 0, 1, 0, 0, 0, 1, 0, 0]",1
26,0,4,"[4, 4, 3, 3, 3, 2, 2, 5, 2, 4]","[0, 0, 0, 0, 0, 0, 0, 0, 0, 0]",1
26,0,5,"[7, 6, 7, 5, 7, 6, 6, 4, 6, 7]","[0, 0, 0, 1, 0, 0, 0, 0, 0, 0]",1
26,0,6,"[9, 3, 8, 3, 5, 5, 4, 3, 4, 3]","[1, 0, 1, 0, 1, 0, 0, 0, 0, 0]",1
26,0,7,"[8, 7, 7, 7, 6, 8, 8, 8, 8, 7]","[1, 0, 1, 0, 0, 1, 1, 1, 0, 1]",1
26,0,8,"[4, 4, 3, 4, 5, 4, 4, 5, 3, 4]","[0, 0, 0, 0, 1, 0, 0, 0, 0, 0]",1
26,0,9,"[6, 6, 6, 4, 5, 8, 5, 5, 6, 3]","[0, 0, 1, 1, 1, 1, 0, 0, 0, 0]",1
26,0,10,"[6, 5, 3, 5, 4, 5, 4, 2, 5, 5]","[0, 0, 0, 0, 0, 0, 0, 0, 1, 1]",1
26,0,11,"[5, 4, 4, 4, 4, 5, 4, 5, 7, 3]","[1, 1, 0, 0, 0, 0, 0, 0, 0, 0]",1
26,0,12,"[6, 6, 6, 4, 6, 6, 7, 7, 5, 6]","[0, 0, 1, 0, 0, 0, 0, 1, 0, 0]",1
26,0,13,"[2, 3, 5, 6, 4, 3, 3, 4, 3, 3]","[0, 0, 0, 0, 0, 0, 0, 0, 0, 0]",1
26,0,14,"[7, 6, 4, 4, 5, 5, 4, 7, 5, 5]","[0, 0, 1, 0, 0, 0, 1, 0, 1, 1]",1
26,0,15,"[4, 5, 5, 4, 4, 5, 5, 4, 5, 6]","[0, 0, 1, 0, 1, 0, 0, 1, 1, 0]",1
26,0,16,"[7, 5, 8, 7, 7, 2, 7, 7, 9, 3]","[0, 0, 0, 1, 0, 0, 0, 0, 0, 0]",1
26,0,17,"[7, 5, 6, 5, 5, 7, 3, 5, 7, 5]","[0, 0, 0, 0, 0, 1, 0, 0, 0, 0]",1
26,0,18,"[5, 6, 6, 6, 6, 7, 6, 7, 1, 7]","[0, 0, 0, 0, 0, 0, 0, 0, 0, 1]",1
26,0,19,"[3, 3, 4, 3, 3, 3, 2, 4, 3, 2]","[0, 0, 0, 0, 0, 0, 0, 0, 0, 0]",1
26,0,20,"[7, 4, 6, 7, 5, 6, 4, 5, 4, 3]","[1, 0, 0, 0, 0, 0, 0, 0, 1, 0]",1
26,0,21,"[9, 9, 7, 5, 9, 2, 9, 9, 9, 6]","[0, 0, 0, 0, 0, 0, 0, 0, 0, 0]",1
26,0,22,"[4, 4, 4, 5, 3, 3, 4, 4, 3, 4]","[0, 0, 0, 0, 0, 0, 0, 0, 0, 0]",1
26,0,23,"[5, 5, 4, 5, 4, 5, 4, 5, 3, 5]","[0, 0, 0, 0, 0, 0, 0, 0, 0, 0]",1
26,0,24,"[3, 7, 2, 1, 5, 4, 4, 3, 5, 2]","[0, 0, 0, 0, 0, 0, 0, 0, 0, 0]",1
26,0,25,"[5, 4, 5, 5, 5, 5, 5, 5, 5, 5]","[1, 0, 0, 0, 0, 1, 0, 0, 0, 0]",1
26,0,26,"[9, 9, 9, 9, 2, 9, 9, 9, 9, 1]","[0, 0, 0, 0, 0, 0, 0, 0, 0, 0]",1
26,0,27,"[7, 7, 7, 7, 7, 8, 7, 7, 6, 6]","[0, 0, 0, 0, 0, 0, 0, 0, 0, 0]",1
26,0,28,"[6, 6, 6, 5, 4, 6, 6, 3, 5, 6]","[0, 0, 0, 0, 0, 0, 0, 0, 0, 0]",1
26,0,29,"[9, 9, 9, 9, 9, 9, 9, 9, 9, 9]","[0, 1, 1, 0, 1, 0, 0, 0, 0, 0]",1
26,0,31,"[6, 5, 5, 5, 5, 6, 5, 5, 5, 5]","[0, 0, 0, 0, 0, 0, 0, 0, 0, 0]",1
26,0,32,"[6, 7, 5, 5, 7, 6, 6, 4, 3, 6]","[0, 0, 0, 0, 1, 0, 0, 0, 1, 1]",1
26,0,33,"[1, 3, 3, 3, 3, 3, 4, 3, 3, 3]","[0, 0, 0, 1, 0, 0, 0, 0, 0, 0]",1
26,0,34,"[4, 6, 7, 7, 6, 7, 6, 6, 8, 6]","[0, 0, 0, 1, 0, 0, 0, 0, 0, 0]",1
26,0,35,"[3, 4, 4, 8, 5, 6, 4, 4, 4, 3]","[0, 0, 0, 0, 0, 0, 0, 0, 0, 0]",1
26,0,36,"[8, 9, 7, 9, 7, 3, 7, 6, 9, 5]","[1, 1, 0, 0, 0, 0, 0, 0, 0, 0]",1
26,0,37,"[5, 5, 3, 7, 5, 5, 4, 4, 5, 7]","[0, 1, 0, 0, 0, 0, 0, 0, 1, 0]",1
26,0,38,"[6, 5, 4, 2, 4, 7, 5, 5, 5, 6]","[0, 0, 0, 0, 0, 0, 0, 0, 0, 0]",1
26,0,39,"[9, 7, 1, 3, 7, 1, 3, 1, 3, 1]","[1, 1, 0, 0, 0, 0, 0, 0, 0, 0]",1
26,0,40,"[3, 3, 3, 3, 3, 3, 3, 3, 3, 3]","[0, 0, 1, 0, 0, 0, 0, 0, 0, 0]",1
26,0,41,"[6, 5, 4, 5, 5, 3, 7, 5, 5, 4]","[1, 0, 0, 1, 0, 0, 0, 0, 0, 0]",1
26,0,42,"[2, 3, 4, 3, 3, 4, 3, 4, 3, 3]","[0, 0, 0, 0, 0, 0, 0, 0, 0, 0]",1
26,0,43,"[7, 8, 6, 3, 9, 7, 7, 5, 7, 8]","[1, 0, 0, 0, 1, 0, 0, 0, 0, 1]",1
26,0,44,"[7, 5, 6, 7, 6, 4, 5, 4, 7, 5]","[0, 0, 0, 1, 1, 0, 0, 0, 0, 0]",1
26,0,45,"[5, 5, 6, 5, 4, 5, 5, 5, 6, 6]","[0, 0, 1, 0, 0, 0, 0, 0, 0, 0]",1
26,0,46,"[3, 3, 3, 3, 3, 3, 4, 3, 3, 3]","[0, 1, 0, 0, 0, 0, 0, 0, 0, 0]",1
26,0,47,"[6, 7, 6, 5, 7, 7, 6, 6, 6, 9]","[0, 1, 1, 0, 1, 1, 0, 0, 1, 1]",1
26,0,48,"[5, 5, 5, 5, 5, 5, 6, 5, 5, 4]","[0, 0, 1, 1, 0, 0, 1, 0, 0, 0]",1
26,0,49,"[4, 5, 4, 4, 4, 6, 5, 4, 5, 4]","[0, 0, 0, 0, 0, 1, 0, 0, 0, 0]",1
26,0,50,"[6, 7, 8, 5, 8, 6, 7, 6, 7, 6]","[0, 1, 1, 0, 0, 0, 0, 0, 0, 0]",1
26,0,51,"[4, 7, 7, 7, 7, 6, 7, 8, 7, 6]","[0, 1, 0, 0, 0, 0, 0, 0, 0, 0]",1
26,0,52,"[4, 4, 6, 2, 4, 4, 3, 3, 5, 2]","[0, 1, 0, 0, 0, 1, 0, 0, 0, 0]",1
26,0,53,"[4, 4, 5, 4, 4, 5, 4, 4, 3, 4]","[0, 0, 1, 0, 0, 0, 0, 0, 0, 0]",1
26,0,54,"[6, 7, 5, 8, 9, 8, 7, 6, 7, 9]","[0, 0, 0, 0, 0, 1, 0, 0, 0, 0]",1
26,0,55,"[8, 7, 7, 7, 7, 7, 7, 7, 7, 9]","[0, 0, 0, 0, 0, 0, 0, 1, 0, 0]",1
26,0,56,"[1, 1, 1, 1, 1, 4, 1, 1, 1, 5]","[0, 0, 1, 0, 0, 0, 0, 0, 0, 0]",1
26,0,57,"[5, 3, 4, 4, 6, 3, 4, 2, 4, 7]","[0, 0, 1, 0, 0, 0, 0, 0, 0, 1]",1
26,0,58,"[6, 6, 5, 5, 4, 6, 4, 6, 5, 4]","[0, 0, 0, 1, 0, 0, 0, 0, 0, 1]",1
26,0,59,"[5, 2, 4, 4, 5, 4, 3, 4, 4, 4]","[0, 0, 0, 0, 0, 0, 0, 0, 0, 0]",1
26,0,60,"[3, 2, 5, 5, 3, 6, 6, 3, 4, 3]","[0, 0, 0, 0, 0, 1, 0, 0, 0, 0]",1
26,0,61,"[8, 5, 4, 1, 8, 3, 5, 8, 4, 4]","[1, 0, 0, 0, 0, 0, 0, 1, 0, 0]",1
26,0,62,"[9, 4, 9, 8, 9, 9, 9, 9, 7, 9]","[0, 0, 1, 0, 0, 1, 0, 0, 0, 0]",1
26,0,63,"[5, 5, 5, 5, 5, 3, 5, 4, 3, 5]","[0, 1, 0, 1, 0, 0, 0, 0, 0, 0]",1
26,0,64,"[4, 3, 5, 7, 4, 5, 4, 4, 4, 4]","[0, 0, 0, 0, 0, 1, 0, 0, 0, 0]",1
26,0,65,"[5, 3, 6, 6, 4, 3, 5, 4, 4, 3]","[0, 0, 0, 1, 0, 0, 0, 0, 0, 0]",1
26,0,66,"[5, 5, 4, 5, 4, 6, 6, 7, 5, 4]","[0, 0, 0, 0, 0, 0, 0, 0, 0, 0]",1
26,0,67,"[5, 5, 4, 5, 5, 4, 6, 5, 5, 5]","[0, 0, 0, 0, 0, 0, 1, 0, 1, 0]",1
26,0,68,"[6, 8, 4, 5, 9, 7, 7, 4, 6, 6]","[0, 0, 0, 0, 0, 0, 0, 1, 0, 0]",1
26,0,69,"[2, 2, 4, 7, 6, 4, 5, 4, 4, 4]","[0, 0, 0, 0, 0, 0, 0, 0, 0, 0]",1
26,0,70,"[6, 6, 5, 4, 6, 6, 7, 5, 6, 6]","[0, 0, 0, 0, 0, 1, 0, 0, 0, 0]",1
26,0,71,"[4, 5, 6, 5, 5, 5, 6, 5, 6, 5]","[0, 1, 0, 0, 0, 0, 0, 1, 0, 0]",1
26,0,72,"[4, 9, 4, 4, 5, 5, 5, 5, 4, 3]","[0, 0, 0, 1, 0, 0, 1, 0, 0, 0]",1
26,0,73,"[7, 6, 7, 6, 6, 8, 5, 6, 8, 7]","[1, 0, 0, 0, 1, 1, 1, 0, 1, 1]",1
26,0,74,"[3, 3, 7, 4, 1, 3, 6, 5, 4, 4]","[0, 0, 0, 0, 0, 0, 0, 0, 0, 0]",1
26,0,75,"[6, 5, 5, 6, 7, 7, 5, 6, 4, 6]","[0, 0, 1, 0, 0, 0, 1, 1, 0, 1]",1
26,0,76,"[4, 6, 7, 4, 6, 6, 4, 5, 3, 6]","[0, 1, 0, 0, 0, 0, 0, 0, 0, 0]",1
26,0,77,"[7, 7, 8, 7, 7, 7, 7, 7, 8, 8]","[1, 0, 1, 1, 1, 0, 0, 0, 1, 0]",1
26,0,78,"[6, 5, 6, 7, 5, 7, 6, 6, 6, 4]","[0, 1, 0, 0, 0, 0, 0, 1, 0, 0]",1
26,0,79,"[3, 3, 3, 3, 3, 1, 3, 3, 3, 3]","[0, 0, 0, 0, 0, 0, 0, 0, 1, 0]",1
26,0,80,"[9, 5, 8, 8, 2, 9, 6, 9, 7, 8]","[0, 0, 0, 0, 0, 1, 0, 1, 0, 1]",1
26,0,81,"[7, 5, 3, 1, 5, 7, 4, 4, 4, 4]","[0, 1, 1, 1, 0, 0, 1, 0, 1, 0]",1
26,0,82,"[2, 4, 4, 5, 5, 5, 2, 5, 5, 8]","[0, 0, 0, 1, 0, 1, 0, 1, 0, 1]",1
26,0,83,"[4, 5, 8, 8, 7, 3, 9, 7, 7, 5]","[0, 1, 1, 1, 0, 0, 1, 1, 0, 0]",1
26,0,84,"[4, 4, 4, 7, 3, 5, 3, 3, 4, 5]","[0, 0, 0, 0, 0, 1, 0, 0, 0, 1]",1
26,0,85,"[1, 7, 7, 7, 7, 6, 7, 6, 1, 7]","[0, 0, 0, 0, 0, 0, 0, 0, 0, 1]",1
26,0,86,"[8, 9, 9, 9, 9, 9, 9, 9, 9, 7]","[0, 1, 0, 0, 0, 0, 1, 1, 1, 0]",1
26,0,87,"[5, 5, 5, 5, 5, 3, 3, 4, 4, 1]","[0, 1, 0, 0, 0, 0, 0, 0, 0, 0]",1
26,0,88,"[5, 5, 5, 1, 5, 1, 5, 3, 5, 5]","[0, 0, 0, 0, 0, 0, 0, 0, 0, 0]",1
26,0,89,"[6, 7, 6, 6, 5, 6, 6, 7, 6, 6]","[0, 0, 0, 0, 0, 0, 0, 0, 1, 0]",1
26,0,90,"[9, 9, 9, 9, 9, 9, 9, 9, 9, 9]","[0, 0, 1, 0, 0, 0, 1, 0, 0, 0]",1
26,0,91,"[5, 5, 4, 5, 5, 6, 4, 3, 5, 5]","[0, 0, 0, 0, 1, 1, 0, 0, 0, 0]",1
26,0,92,"[6, 5, 4, 8, 5, 5, 6, 6, 5, 4]","[0, 1, 0, 1, 0, 0, 1, 0, 0, 0]",1
26,0,93,"[2, 2, 2, 2, 3, 2, 5, 4, 4, 3]","[1, 0, 0, 0, 0, 0, 1, 0, 0, 0]",1
26,0,94,"[9, 9, 8, 5, 6, 3, 5, 5, 9, 6]","[0, 1, 1, 0, 0, 0, 1, 0, 1, 0]",1
26,0,95,"[5, 2, 3, 3, 6, 3, 3, 3, 3, 2]","[0, 0, 0, 0, 0, 1, 0, 0, 0, 0]",1
26,0,96,"[4, 3, 4, 8, 3, 5, 3, 4, 5, 4]","[1, 1, 0, 0, 1, 0, 0, 0, 1, 0]",1
26,0,97,"[5, 6, 4, 3, 5, 6, 4, 5, 4, 4]","[0, 0, 0, 0, 0, 0, 0, 0, 0, 1]",1
26,0,98,"[9, 9, 9, 9, 9, 9, 9, 9, 9, 9]","[0, 0, 1, 1, 0, 0, 0, 1, 1, 1]",1
26,0,99,"[1, 1, 2, 4, 1, 3, 2, 5, 3, 4]","[0, 1, 0, 0, 1, 0, 0, 0, 0, 0]",1
26,0,100,"[2, 2, 2, 3, 7, 1, 2, 2, 4, 2]","[0, 0, 0, 0, 0, 0, 0, 0, 0, 0]",1
26,0,101,"[8, 8, 8, 8, 8, 7, 8, 8, 3, 6]","[0, 1, 0, 0, 0, 0, 1, 0, 0, 0]",1
26,0,102,"[8, 2, 5, 5, 8, 7, 5, 1, 7, 5]","[1, 0, 0, 0, 0, 1, 0, 0, 0, 0]",1
26,0,103,"[7, 7, 7, 6, 7, 7, 7, 7, 7, 5]","[1, 0, 1, 0, 0, 0, 0, 0, 0, 1]",1
26,0,104,"[9, 9, 8, 9, 9, 9, 9, 9, 9, 7]","[1, 0, 1, 1, 1, 1, 1, 0, 1, 0]",1
26,0,105,"[7, 4, 5, 6, 6, 7, 6, 8, 6, 6]","[0, 0, 0, 0, 0, 0, 0, 0, 0, 1]",1
26,0,106,"[5, 7, 5, 7, 5, 5, 5, 7, 7, 5]","[0, 0, 1, 1, 1, 0, 0, 0, 0, 0]",1
26,0,107,"[3, 5, 2, 3, 4, 6, 4, 4, 3, 4]","[0, 0, 0, 0, 0, 0, 0, 0, 0, 0]",1
26,0,108,"[8, 7, 8, 8, 8, 9, 6, 8, 8, 4]","[1, 0, 0, 0, 0, 1, 0, 0, 1, 0]",1
26,0,109,"[3, 6, 6, 6, 5, 5, 6, 6, 6, 6]","[0, 0, 0, 0, 0, 0, 0, 1, 0, 0]",1
26,0,110,"[9, 7, 9, 9, 7, 8, 9, 9, 7, 8]","[0, 0, 1, 1, 1, 1, 1, 1, 0, 0]",1
26,0,111,"[8, 7, 6, 7, 7, 7, 7, 8, 5, 6]","[0, 0, 1, 0, 1, 0, 0, 1, 0, 0]",1
26,0,112,"[4, 6, 4, 4, 4, 4, 4, 4, 4, 4]","[0, 0, 0, 0, 0, 0, 1, 1, 0, 0]",1
26,0,113,"[7, 6, 5, 7, 4, 5, 4, 4, 5, 7]","[0, 0, 0, 0, 0, 0, 0, 0, 1, 1]",1
26,0,114,"[1, 2, 2, 6, 2, 2, 7, 2, 2, 6]","[0, 0, 0, 0, 0, 0, 1, 0, 0, 0]",1
26,0,115,"[9, 9, 9, 9, 9, 9, 9, 9, 9, 9]","[1, 0, 1, 1, 1, 1, 0, 0, 1, 1]",1
26,0,116,"[9, 7, 9, 9, 9, 9, 9, 9, 8, 8]","[1, 0, 1, 1, 1, 0, 1, 0, 1, 1]",1
26,0,117,"[5, 5, 6, 5, 5, 5, 5, 4, 5, 5]","[0, 0, 0, 0, 0, 0, 1, 0, 1, 0]",1
26,0,118,"[6, 6, 6, 6, 6, 5, 6, 6, 5, 6]","[1, 0, 0, 0, 1, 1, 1, 0, 0, 0]",1
26,0,119,"[6, 6, 7, 6, 7, 7, 5, 6, 6, 6]","[0, 1, 1, 0, 0, 1, 0, 0, 0, 0]",1
26,0,120,"[3, 7, 5, 5, 3, 7, 7, 2, 6, 7]","[0, 1, 0, 0, 0, 0, 0, 0, 0, 1]",1
26,0,121,"[5, 4, 5, 5, 5, 5, 7, 5, 5, 5]","[0, 0, 0, 0, 0, 0, 0, 0, 1, 0]",1
26,0,122,"[5, 5, 6, 5, 5, 4, 5, 5, 4, 5]","[1, 1, 1, 0, 0, 0, 1, 0, 0, 1]",1
26,0,123,"[5, 5, 6, 6, 7, 7, 6, 6, 5, 9]","[0, 0, 1, 0, 1, 0, 0, 1, 0, 1]",1
26,0,124,"[9, 9, 9, 8, 9, 9, 8, 9, 8, 8]","[0, 0, 0, 0, 0, 0, 0, 0, 0, 0]",1
26,0,125,"[5, 5, 5, 5, 5, 5, 5, 5, 4, 5]","[0, 0, 1, 0, 0, 0, 1, 0, 1, 0]",1
26,0,126,"[6, 5, 6, 4, 5, 5, 6, 8, 4, 6]","[0, 0, 0, 0, 1, 1, 0, 1, 0, 0]",1
26,0,127,"[6, 6, 6, 7, 6, 6, 5, 5, 6, 6]","[0, 0, 0, 1, 0, 0, 1, 0, 0, 0]",1
26,0,128,"[7, 7, 6, 6, 5, 8, 4, 5, 8, 7]","[0, 0, 0, 1, 0, 0, 1, 0, 0, 0]",1
26,0,129,"[7, 7, 7, 6, 6, 7, 6, 5, 7, 7]","[0, 1, 1, 0, 0, 0, 1, 0, 0, 1]",1
26,0,130,"[7, 9, 7, 8, 7, 7, 8, 7, 6, 7]","[0, 0, 1, 1, 0, 0, 1, 0, 1, 0]",1
26,0,131,"[8, 7, 5, 7, 5, 7, 5, 5, 7, 5]","[0, 1, 0, 1, 0, 1, 1, 0, 0, 1]",1
26,0,132,"[5, 4, 2, 5, 4, 6, 5, 4, 5, 5]","[0, 0, 0, 1, 0, 0, 1, 0, 0, 0]",1
26,0,133,"[9, 8, 2, 4, 9, 9, 9, 9, 9, 2]","[0, 0, 0, 0, 1, 1, 0, 0, 0, 0]",1
26,0,134,"[5, 6, 5, 4, 6, 5, 5, 5, 6, 8]","[0, 0, 1, 1, 0, 0, 0, 1, 0, 0]",1
26,0,135,"[7, 4, 6, 8, 8, 8, 8, 8, 5, 7]","[1, 0, 0, 1, 0, 0, 0, 1, 0, 0]",1
26,0,136,"[7, 7, 8, 5, 6, 8, 9, 8, 8, 9]","[1, 0, 0, 1, 0, 0, 1, 0, 1, 0]",1
26,0,137,"[5, 5, 6, 7, 6, 3, 4, 4, 4, 7]","[1, 0, 0, 0, 0, 0, 0, 0, 0, 0]",1
26,0,138,"[4, 3, 3, 6, 4, 4, 4, 4, 4, 4]","[0, 0, 0, 0, 0, 0, 0, 0, 0, 0]",1
26,0,139,"[7, 5, 5, 4, 5, 2, 5, 5, 4, 4]","[0, 0, 0, 0, 0, 0, 0, 0, 0, 0]",1
26,0,140,"[5, 6, 8, 6, 8, 4, 4, 5, 4, 5]","[0, 0, 1, 0, 1, 0, 0, 0, 0, 0]",1
26,0,141,"[4, 5, 5, 5, 4, 5, 3, 6, 2, 9]","[0, 1, 1, 0, 0, 0, 0, 0, 0, 0]",1
26,0,142,"[7, 7, 7, 9, 6, 7, 2, 8, 6, 4]","[0, 0, 0, 1, 1, 1, 0, 0, 0, 0]",1
26,0,143,"[4, 4, 4, 4, 3, 4, 4, 4, 5, 3]","[0, 1, 0, 0, 1, 0, 0, 0, 0, 0]",1
26,0,144,"[7, 8, 8, 7, 8, 8, 8, 8, 8, 8]","[1, 1, 1, 0, 1, 0, 0, 1, 1, 1]",1
26,0,145,"[6, 6, 7, 7, 6, 6, 7, 6, 6, 9]","[0, 1, 0, 0, 0, 0, 0, 0, 0, 1]",1
26,0,146,"[6, 6, 6, 6, 6, 6, 6, 7, 6, 6]","[0, 0, 1, 0, 1, 1, 0, 1, 0, 0]",1
26,0,147,"[5, 4, 6, 7, 3, 6, 8, 7, 7, 7]","[0, 0, 0, 0, 0, 0, 1, 0, 0, 0]",1
26,0,148,"[5, 3, 6, 7, 5, 2, 6, 4, 2, 5]","[0, 0, 0, 0, 0, 0, 1, 0, 0, 0]",1
26,0,149,"[5, 5, 6, 7, 5, 6, 7, 5, 5, 6]","[0, 0, 0, 0, 0, 0, 1, 0, 0, 0]",1
26,0,150,"[3, 4, 6, 4, 4, 4, 4, 8, 2, 3]","[0, 1, 0, 0, 0, 1, 0, 0, 0, 0]",1
26,0,151,"[6, 4, 6, 3, 5, 8, 5, 3, 5, 4]","[0, 0, 0, 0, 0, 1, 0, 0, 0, 0]",1
26,0,152,"[4, 5, 5, 4, 5, 4, 3, 5, 6, 7]","[0, 0, 0, 0, 0, 0, 0, 0, 0, 1]",1
26,0,153,"[6, 4, 5, 5, 5, 5, 5, 4, 5, 6]","[0, 0, 0, 0, 0, 0, 0, 0, 0, 0]",1
26,0,154,"[9, 8, 9, 8, 8, 8, 8, 9, 7, 9]","[1, 1, 0, 1, 0, 0, 0, 1, 0, 0]",1
26,0,155,"[4, 2, 5, 4, 4, 6, 3, 3, 3, 5]","[0, 0, 0, 0, 0, 0, 1, 1, 0, 0]",1
26,0,156,"[9, 4, 3, 3, 4, 3, 4, 3, 4, 3]","[0, 1, 0, 0, 0, 0, 0, 0, 0, 0]",1
26,0,157,"[6, 6, 5, 6, 6, 5, 4, 6, 4, 6]","[0, 0, 0, 0, 1, 0, 0, 0, 0, 0]",1
26,0,158,"[8, 8, 7, 8, 7, 7, 6, 7, 7, 8]","[0, 0, 0, 0, 1, 0, 0, 1, 0, 0]",1
26,0,159,"[7, 7, 8, 7, 7, 7, 7, 8, 7, 7]","[0, 0, 1, 0, 0, 1, 0, 1, 0, 1]",1
26,0,160,"[6, 5, 5, 9, 5, 9, 9, 9, 5, 5]","[0, 0, 0, 0, 0, 0, 0, 0, 0, 0]",1
26,0,161,"[6, 6, 3, 6, 7, 6, 6, 6, 6, 5]","[0, 1, 1, 0, 0, 1, 0, 1, 0, 0]",1
26,0,162,"[8, 5, 7, 8, 8, 6, 8, 1, 8, 8]","[0, 0, 0, 0, 1, 0, 0, 0, 0, 0]",1
26,0,163,"[6, 7, 6, 5, 7, 6, 8, 6, 5, 8]","[1, 1, 0, 0, 1, 0, 0, 1, 0, 0]",1
26,0,164,"[9, 9, 9, 9, 9, 9, 9, 9, 9, 9]","[1, 0, 1, 1, 0, 1, 1, 0, 0, 1]",1
26,0,165,"[4, 6, 5, 7, 6, 8, 5, 8, 5, 5]","[0, 0, 0, 0, 0, 1, 0, 0, 0, 0]",1
26,0,166,"[6, 5, 4, 4, 5, 4, 4, 5, 4, 4]","[0, 0, 0, 1, 1, 0, 1, 0, 0, 1]",1
26,0,167,"[9, 9, 9, 9, 8, 9, 9, 9, 9, 9]","[1, 1, 0, 0, 0, 0, 0, 0, 0, 0]",1
26,0,168,"[5, 6, 6, 7, 7, 7, 5, 4, 7, 7]","[0, 1, 0, 0, 1, 1, 0, 0, 0, 1]",1
26,0,169,"[6, 4, 7, 6, 7, 6, 6, 5, 5, 6]","[0, 0, 0, 0, 0, 0, 0, 0, 0, 0]",1
26,0,170,"[9, 9, 9, 9, 9, 9, 9, 9, 9, 9]","[1, 1, 1, 0, 1, 0, 1, 1, 1, 1]",1
26,0,171,"[7, 2, 9, 9, 2, 3, 4, 7, 4, 6]","[0, 0, 1, 1, 0, 0, 0, 0, 0, 0]",1
26,0,172,"[6, 6, 6, 6, 5, 5, 6, 5, 6, 5]","[0, 1, 1, 1, 0, 0, 0, 0, 1, 0]",1
26,0,173,"[6, 6, 5, 6, 7, 6, 7, 5, 5, 8]","[0, 1, 0, 0, 1, 0, 1, 1, 0, 1]",1
26,0,174,"[5, 5, 5, 5, 6, 6, 6, 5, 6, 6]","[0, 1, 0, 0, 0, 0, 0, 0, 0, 1]",1
26,0,175,"[5, 5, 5, 6, 5, 5, 5, 5, 5, 5]","[0, 1, 0, 0, 0, 0, 1, 0, 0, 1]",1
26,0,176,"[8, 9, 7, 8, 9, 4, 4, 7, 1, 2]","[1, 1, 1, 0, 1, 0, 1, 1, 0, 0]",1
26,0,177,"[2, 9, 9, 5, 3, 1, 9, 9, 9, 8]","[0, 1, 0, 0, 0, 0, 0, 1, 1, 1]",1
26,0,178,"[6, 6, 5, 7, 5, 6, 6, 6, 7, 6]","[0, 0, 1, 0, 0, 0, 0, 0, 0, 0]",1
26,0,179,"[8, 5, 7, 8, 2, 9, 9, 6, 9, 9]","[0, 1, 0, 0, 1, 0, 0, 0, 0, 1]",1
26,0,180,"[4, 4, 4, 3, 4, 4, 4, 4, 4, 4]","[1, 0, 1, 0, 0, 0, 0, 0, 1, 0]",1
26,0,181,"[5, 5, 5, 5, 6, 5, 7, 4, 5, 5]","[1, 0, 0, 0, 0, 0, 0, 0, 0, 0]",1
26,0,182,"[1, 2, 1, 2, 2, 1, 2, 4, 2, 2]","[0, 1, 0, 0, 0, 1, 0, 1, 0, 0]",1
26,0,183,"[4, 5, 7, 6, 5, 9, 9, 7, 9, 6]","[1, 1, 0, 0, 0, 1, 1, 1, 0, 0]",1
26,0,184,"[5, 5, 7, 5, 5, 6, 7, 6, 5, 1]","[0, 0, 0, 0, 1, 0, 0, 0, 0, 0]",1
26,0,185,"[6, 1, 5, 9, 7, 4, 7, 4, 3, 5]","[1, 0, 0, 1, 1, 0, 0, 0, 0, 0]",1
26,0,186,"[8, 7, 7, 8, 7, 3, 1, 2, 1, 8]","[0, 1, 0, 0, 0, 0, 0, 0, 0, 0]",1
26,0,187,"[5, 8, 5, 5, 6, 5, 5, 6, 5, 6]","[0, 1, 0, 0, 1, 0, 0, 0, 1, 0]",1
26,0,188,"[9, 9, 9, 9, 9, 9, 9, 9, 9, 9]","[0, 0, 1, 0, 0, 0, 0, 0, 0, 1]",1
26,0,189,"[6, 6, 8, 9, 8, 8, 7, 8, 9, 6]","[1, 1, 1, 0, 1, 1, 1, 0, 0, 0]",1
26,0,190,"[5, 4, 7, 4, 5, 6, 5, 5, 6, 4]","[0, 1, 0, 0, 0, 0, 0, 0, 1, 0]",1
26,0,191,"[9, 9, 9, 9, 9, 9, 9, 9, 9, 8]","[1, 1, 0, 0, 0, 0, 1, 1, 1, 0]",1
26,0,192,"[8, 1, 9, 8, 8, 7, 9, 9, 9, 9]","[0, 0, 1, 1, 0, 0, 1, 1, 1, 0]",1
26,0,193,"[3, 4, 6, 5, 5, 6, 4, 5, 5, 4]","[0, 0, 0, 1, 1, 0, 0, 1, 0, 0]",1
26,0,194,"[8, 8, 8, 3, 4, 8, 5, 5, 7, 6]","[0, 0, 0, 0, 0, 1, 0, 1, 1, 0]",1
26,0,195,"[2, 1, 3, 1, 5, 3, 1, 4, 5, 4]","[0, 1, 0, 0, 0, 1, 0, 1, 0, 0]",1
26,0,196,"[2, 4, 4, 4, 6, 3, 4, 5, 4, 5]","[0, 0, 0, 0, 1, 0, 0, 0, 0, 0]",1
26,0,197,"[7, 7, 7, 7, 7, 6, 7, 7, 7, 7]","[1, 0, 0, 0, 0, 0, 1, 0, 0, 1]",1
26,0,198,"[1, 2, 3, 4, 5, 3, 6, 3, 2, 1]","[0, 0, 0, 0, 0, 0, 1, 0, 0, 0]",1
26,0,199,"[3, 3, 3, 2, 3, 3, 3, 3, 4, 3]","[0, 0, 0, 0, 0, 0, 0, 0, 0, 0]",1
26,0,200,"[3, 4, 2, 3, 2, 2, 3, 4, 3, 3]","[0, 0, 0, 0, 0, 0, 0, 0, 0, 0]",1
26,0,201,"[9, 9, 5, 9, 5, 5, 9, 6, 6, 7]","[0, 0, 0, 1, 0, 0, 0, 1, 0, 0]",1
26,0,202,"[7, 6, 5, 5, 4, 5, 5, 4, 4, 5]","[0, 0, 0, 0, 0, 0, 0, 0, 0, 0]",1
26,0,203,"[3, 3, 4, 8, 2, 3, 3, 4, 2, 3]","[0, 0, 1, 0, 0, 0, 0, 0, 0, 0]",1
26,0,204,"[7, 8, 8, 8, 8, 8, 9, 8, 8, 8]","[1, 0, 1, 1, 1, 0, 0, 0, 1, 1]",1
26,0,205,"[9, 9, 9, 9, 9, 3, 9, 9, 9, 7]","[1, 1, 0, 1, 1, 0, 0, 0, 0, 0]",1
26,0,206,"[8, 8, 8, 5, 8, 8, 8, 8, 8, 8]","[0, 0, 1, 0, 0, 1, 1, 0, 0, 1]",1
26,0,207,"[5, 5, 5, 5, 5, 5, 7, 5, 5, 5]","[0, 0, 0, 0, 0, 0, 0, 1, 1, 0]",1
26,0,208,"[9, 7, 9, 7, 7, 9, 3, 9, 7, 9]","[1, 0, 0, 1, 1, 1, 0, 0, 1, 1]",1
26,0,209,"[5, 4, 5, 6, 5, 5, 5, 4, 5, 5]","[0, 0, 0, 0, 0, 0, 1, 0, 0, 0]",1
26,1,0,"[4, 3, 2, 3, 3, 2, 3, 2, 4, 4]","[1, 0, 1, 1, 0, 1, 0, 1, 1, 1]",1
26,1,1,"[4, 5, 4, 4, 4, 4, 5, 4, 2, 4]","[0, 0, 1, 1, 0, 1, 0, 0, 0, 0]",1
26,1,2,"[8, 5, 5, 1, 4, 8, 1, 7, 1, 2]","[1, 0, 1, 0, 0, 0, 0, 1, 0, 0]",1
26,1,3,"[6, 3, 6, 7, 6, 8, 6, 4, 6, 8]","[1, 0, 0, 0, 0, 1, 0, 0, 0, 1]",1
26,1,4,"[2, 4, 4, 4, 4, 4, 3, 5, 2, 3]","[1, 1, 0, 1, 0, 1, 1, 1, 0, 1]",1
26,1,5,"[5, 6, 5, 3, 6, 6, 6, 1, 4, 3]","[0, 0, 0, 0, 0, 1, 0, 0, 1, 0]",1
26,1,6,"[3, 3, 4, 3, 4, 4, 3, 3, 4, 3]","[0, 0, 0, 0, 0, 0, 0, 0, 0, 0]",1
26,1,7,"[5, 6, 5, 4, 5, 4, 6, 6, 6, 7]","[0, 0, 1, 0, 0, 1, 0, 1, 0, 1]",1
26,1,8,"[3, 3, 3, 3, 3, 3, 3, 3, 3, 3]","[0, 0, 0, 0, 0, 0, 1, 0, 0, 0]",1
26,1,9,"[3, 3, 4, 4, 1, 3, 2, 4, 3, 3]","[0, 0, 0, 0, 0, 1, 0, 0, 0, 0]",1
26,1,10,"[5, 5, 5, 5, 4, 5, 3, 3, 4, 4]","[1, 1, 0, 0, 0, 0, 0, 1, 0, 0]",1
26,1,11,"[3, 3, 7, 3, 3, 4, 3, 5, 3, 3]","[0, 0, 1, 0, 1, 0, 1, 1, 1, 0]",1
26,1,12,"[7, 4, 4, 4, 5, 4, 4, 4, 4, 4]","[0, 0, 0, 0, 0, 0, 0, 0, 1, 0]",1
26,1,13,"[4, 3, 4, 5, 4, 4, 4, 6, 3, 4]","[0, 0, 1, 0, 0, 1, 0, 0, 0, 0]",1
26,1,14,"[4, 3, 3, 3, 3, 3, 3, 3, 3, 3]","[0, 0, 0, 0, 1, 0, 0, 0, 0, 0]",1
26,1,15,"[4, 4, 4, 4, 4, 4, 5, 5, 2, 4]","[0, 1, 0, 0, 0, 0, 0, 0, 1, 1]",1
26,1,16,"[5, 5, 9, 4, 7, 2, 5, 9, 9, 3]","[1, 1, 1, 0, 1, 0, 0, 1, 0, 1]",1
26,1,17,"[5, 4, 5, 5, 5, 5, 5, 5, 5, 4]","[0, 0, 0, 1, 1, 1, 0, 0, 0, 0]",1
26,1,18,"[5, 4, 3, 2, 9, 2, 2, 2, 3, 2]","[0, 0, 0, 1, 1, 0, 0, 0, 0, 0]",1
26,1,19,"[4, 2, 4, 5, 1, 4, 7, 4, 3, 4]","[0, 0, 1, 0, 0, 0, 0, 0, 0, 1]",1
26,1,20,"[5, 3, 2, 5, 4, 4, 4, 4, 4, 4]","[0, 0, 0, 1, 0, 0, 1, 0, 0, 0]",1
26,1,21,"[6, 6, 5, 4, 5, 4, 7, 6, 5, 4]","[0, 1, 0, 0, 0, 1, 0, 1, 1, 1]",1
26,1,22,"[3, 5, 2, 3, 3, 2, 3, 2, 3, 3]","[0, 0, 0, 0, 0, 0, 0, 0, 0, 0]",1
26,1,23,"[2, 1, 2, 1, 4, 3, 3, 1, 1, 3]","[0, 0, 0, 0, 0, 0, 1, 0, 0, 0]",1
26,1,24,"[2, 4, 4, 6, 5, 2, 3, 6, 5, 5]","[0, 0, 0, 0, 0, 0, 0, 1, 0, 1]",1
26,1,25,"[3, 3, 3, 3, 3, 3, 2, 3, 4, 2]","[0, 0, 0, 0, 0, 0, 0, 0, 0, 0]",1
26,1,26,"[9, 9, 9, 9, 9, 9, 8, 9, 9, 6]","[0, 1, 0, 0, 0, 0, 0, 1, 0, 0]",1
26,1,27,"[4, 4, 4, 5, 4, 4, 4, 5, 4, 3]","[0, 0, 0, 0, 0, 0, 0, 1, 1, 0]",1
26,1,28,"[4, 4, 3, 4, 4, 4, 4, 4, 3, 6]","[0, 0, 0, 0, 0, 0, 0, 0, 0, 0]",1
26,1,29,"[9, 5, 9, 9, 1, 9, 7, 9, 5, 9]","[0, 0, 1, 1, 0, 0, 0, 0, 0, 0]",1
26,1,30,"[5, 6, 3, 5, 5, 4, 4, 6, 5, 5]","[0, 1, 0, 0, 1, 0, 0, 0, 0, 0]",1
26,1,31,"[4, 3, 4, 5, 4, 7, 4, 6, 4, 4]","[0, 0, 0, 0, 1, 0, 0, 0, 0, 0]",1
26,1,32,"[4, 4, 3, 4, 4, 3, 4, 3, 4, 6]","[0, 1, 0, 1, 0, 0, 0, 1, 0, 0]",1
26,1,33,"[1, 4, 3, 2, 2, 3, 3, 3, 4, 4]","[0, 0, 0, 0, 0, 1, 0, 0, 0, 0]",1
26,1,34,"[8, 5, 5, 7, 5, 7, 5, 4, 5, 5]","[0, 0, 0, 1, 0, 1, 0, 1, 0, 0]",1
26,1,35,"[8, 2, 2, 3, 3, 2, 9, 8, 7, 8]","[0, 0, 0, 0, 0, 0, 1, 0, 0, 1]",1
26,1,36,"[6, 6, 6, 3, 6, 7, 3, 6, 5, 5]","[0, 0, 0, 0, 1, 1, 0, 0, 0, 0]",1
26,1,37,"[4, 4, 5, 5, 6, 4, 4, 4, 2, 4]","[0, 0, 0, 0, 1, 0, 0, 0, 1, 1]",1
26,1,38,"[3, 5, 3, 3, 3, 4, 4, 5, 5, 3]","[0, 0, 0, 1, 0, 0, 0, 0, 0, 0]",1
26,1,39,"[3, 3, 5, 1, 1, 2, 1, 3, 1, 3]","[0, 0, 0, 0, 1, 1, 0, 0, 0, 0]",1
26,1,40,"[2, 3, 2, 2, 2, 2, 2, 6, 2, 2]","[0, 0, 0, 0, 0, 0, 0, 0, 0, 0]",1
26,1,41,"[6, 5, 5, 4, 5, 5, 5, 5, 5, 5]","[1, 0, 1, 0, 0, 0, 0, 0, 0, 0]",1
26,1,42,"[4, 3, 3, 3, 3, 2, 2, 3, 3, 4]","[0, 0, 0, 0, 0, 0, 0, 0, 0, 0]",1
26,1,43,"[4, 2, 2, 1, 4, 2, 2, 2, 1, 3]","[0, 0, 0, 0, 0, 0, 0, 0, 0, 0]",1
26,1,44,"[4, 4, 6, 3, 4, 4, 5, 6, 4, 3]","[0, 0, 0, 1, 1, 0, 0, 0, 0, 1]",1
26,1,45,"[4, 9, 4, 4, 4, 4, 2, 5, 3, 3]","[0, 0, 1, 1, 0, 0, 0, 1, 0, 0]",1
26,1,46,"[3, 4, 5, 8, 4, 3, 2, 3, 3, 4]","[0, 0, 0, 1, 1, 0, 0, 0, 0, 1]",1
26,1,47,"[4, 4, 4, 5, 5, 4, 4, 3, 6, 5]","[0, 0, 0, 0, 0, 0, 0, 0, 1, 0]",1
26,1,48,"[3, 4, 4, 3, 3, 3, 3, 3, 3, 3]","[0, 0, 0, 0, 0, 0, 0, 1, 0, 0]",1
26,1,49,"[5, 5, 6, 3, 5, 4, 2, 5, 3, 3]","[0, 0, 0, 0, 0, 0, 0, 0, 0, 0]",1
26,1,50,"[4, 4, 5, 7, 4, 2, 4, 4, 4, 3]","[0, 0, 0, 1, 0, 0, 0, 0, 0, 0]",1
26,1,51,"[3, 2, 3, 3, 3, 2, 3, 4, 2, 3]","[0, 0, 0, 0, 0, 0, 0, 1, 0, 0]",1
26,1,52,"[2, 2, 3, 3, 4, 2, 3, 1, 4, 2]","[0, 0, 0, 0, 0, 1, 1, 1, 1, 0]",1
26,1,53,"[7, 4, 4, 5, 4, 4, 4, 4, 4, 4]","[0, 0, 0, 0, 0, 0, 0, 0, 0, 0]",1
26,1,54,"[4, 3, 3, 3, 4, 2, 3, 2, 6, 2]","[0, 0, 0, 0, 0, 0, 0, 0, 0, 0]",1
26,1,55,"[5, 6, 6, 6, 6, 7, 7, 6, 6, 6]","[1, 0, 0, 0, 0, 0, 0, 1, 0, 0]",1
26,1,56,"[5, 5, 5, 4, 5, 3, 4, 3, 3, 8]","[1, 0, 1, 0, 1, 0, 0, 0, 0, 0]",1
26,1,57,"[4, 4, 4, 5, 4, 3, 3, 2, 4, 5]","[1, 0, 0, 0, 0, 0, 1, 0, 0, 1]",1
26,1,58,"[2, 5, 2, 3, 4, 2, 3, 1, 2, 3]","[0, 0, 1, 0, 1, 0, 1, 0, 0, 0]",1
26,1,59,"[7, 4, 4, 6, 5, 3, 5, 6, 5, 1]","[0, 0, 0, 1, 0, 0, 0, 0, 0, 0]",1
26,1,60,"[3, 3, 3, 5, 5, 5, 2, 4, 3, 3]","[0, 0, 0, 0, 0, 1, 0, 0, 0, 0]",1
26,1,61,"[4, 9, 3, 4, 4, 4, 5, 4, 4, 4]","[0, 0, 0, 0, 0, 1, 0, 0, 0, 1]",1
26,1,62,"[8, 9, 9, 9, 9, 9, 9, 9, 9, 9]","[0, 1, 0, 1, 1, 0, 0, 1, 1, 0]",1
26,1,63,"[5, 6, 6, 2, 5, 6, 6, 6, 6, 6]","[0, 1, 1, 0, 0, 0, 1, 1, 0, 1]",1
26,1,64,"[8, 7, 7, 8, 8, 7, 8, 7, 7, 7]","[0, 1, 0, 0, 1, 0, 1, 0, 1, 0]",1
26,1,65,"[3, 2, 3, 4, 4, 3, 2, 3, 2, 4]","[0, 0, 1, 0, 0, 1, 0, 0, 0, 0]",1
26,1,66,"[5, 4, 4, 2, 5, 4, 2, 4, 4, 6]","[0, 0, 0, 0, 0, 0, 1, 0, 0, 0]",1
26,1,67,"[4, 2, 5, 1, 2, 4, 3, 1, 3, 5]","[0, 1, 1, 1, 0, 0, 0, 0, 0, 0]",1
26,1,68,"[6, 3, 4, 4, 3, 2, 4, 3, 7, 3]","[0, 1, 0, 0, 1, 0, 0, 1, 1, 0]",1
26,1,69,"[4, 3, 4, 3, 4, 4, 5, 5, 5, 4]","[0, 1, 0, 0, 0, 0, 0, 1, 1, 0]",1
26,1,70,"[5, 6, 7, 5, 6, 2, 8, 2, 5, 4]","[0, 1, 0, 0, 0, 0, 0, 1, 0, 0]",1
26,1,71,"[3, 5, 3, 3, 3, 4, 4, 3, 3, 3]","[0, 0, 0, 0, 0, 0, 0, 0, 0, 0]",1
26,1,72,"[5, 4, 4, 5, 5, 4, 4, 4, 5, 4]","[0, 0, 0, 0, 1, 0, 0, 0, 0, 0]",1
26,1,73,"[7, 1, 4, 1, 1, 4, 5, 1, 5, 1]","[1, 0, 1, 1, 1, 0, 0, 0, 1, 0]",1
26,1,74,"[2, 6, 3, 2, 2, 4, 2, 3, 2, 3]","[0, 0, 0, 0, 1, 1, 0, 0, 0, 0]",1
26,1,75,"[3, 2, 1, 4, 2, 2, 2, 5, 2, 2]","[0, 0, 0, 0, 0, 0, 0, 0, 0, 0]",1
26,1,76,"[2, 2, 4, 1, 5, 2, 2, 5, 3, 4]","[0, 0, 0, 0, 0, 0, 0, 1, 0, 0]",1
26,1,77,"[5, 4, 4, 4, 2, 4, 4, 3, 4, 4]","[1, 0, 0, 1, 0, 0, 0, 0, 0, 0]",1
26,1,78,"[5, 5, 7, 4, 2, 4, 6, 4, 4, 4]","[0, 1, 0, 0, 0, 0, 1, 1, 1, 0]",1
26,1,79,"[6, 8, 7, 8, 9, 9, 4, 6, 4, 5]","[0, 0, 0, 1, 0, 1, 0, 0, 0, 0]",1
26,1,80,"[9, 3, 4, 8, 8, 7, 7, 6, 6, 8]","[0, 0, 0, 0, 0, 1, 0, 0, 1, 0]",1
26,1,81,"[6, 6, 3, 3, 5, 7, 7, 6, 5, 4]","[0, 0, 0, 0, 0, 0, 0, 1, 0, 0]",1
26,1,82,"[5, 8, 2, 5, 5, 5, 4, 5, 4, 3]","[1, 0, 0, 1, 0, 0, 0, 1, 0, 1]",1
26,1,83,"[6, 4, 6, 7, 7, 5, 6, 5, 6, 5]","[0, 1, 0, 1, 1, 1, 0, 1, 0, 1]",1
26,1,84,"[1, 1, 1, 1, 1, 1, 2, 3, 1, 1]","[0, 0, 0, 0, 1, 0, 1, 0, 0, 1]",1
26,1,85,"[6, 6, 6, 5, 7, 6, 6, 6, 5, 5]","[0, 0, 0, 0, 0, 1, 0, 0, 1, 0]",1
26,1,86,"[6, 5, 4, 6, 7, 4, 5, 2, 6, 6]","[0, 1, 1, 0, 0, 0, 0, 0, 1, 0]",1
26,1,87,"[4, 3, 4, 3, 5, 6, 5, 5, 4, 5]","[0, 0, 0, 1, 1, 1, 1, 0, 1, 0]",1
26,1,88,"[3, 4, 3, 3, 2, 3, 3, 3, 3, 3]","[0, 1, 0, 0, 0, 0, 0, 0, 0, 0]",1
26,1,89,"[6, 6, 4, 5, 5, 6, 5, 5, 5, 7]","[1, 0, 0, 0, 0, 0, 0, 0, 1, 0]",1
26,1,90,"[6, 5, 5, 5, 7, 6, 6, 6, 6, 6]","[0, 0, 0, 0, 0, 0, 0, 0, 1, 0]",1
26,1,91,"[2, 3, 2, 3, 3, 3, 8, 4, 2, 6]","[1, 0, 1, 0, 1, 0, 1, 0, 1, 1]",1
26,1,92,"[8, 3, 3, 4, 3, 4, 7, 3, 3, 5]","[1, 1, 0, 0, 0, 0, 1, 0, 1, 0]",1
26,1,93,"[5, 3, 3, 4, 4, 5, 2, 3, 4, 3]","[1, 0, 1, 0, 0, 1, 0, 0, 0, 0]",1
26,1,94,"[4, 6, 4, 4, 5, 6, 6, 7, 4, 4]","[0, 0, 0, 0, 0, 1, 0, 1, 0, 0]",1
26,1,95,"[4, 3, 3, 2, 3, 3, 4, 3, 2, 3]","[0, 0, 0, 0, 1, 0, 1, 0, 0, 0]",1
26,1,96,"[4, 7, 8, 5, 8, 3, 4, 2, 3, 8]","[0, 0, 0, 1, 1, 0, 0, 1, 0, 1]",1
26,1,97,"[5, 3, 2, 4, 4, 2, 3, 2, 2, 3]","[1, 0, 0, 0, 0, 0, 0, 0, 0, 0]",1
26,1,98,"[9, 6, 7, 7, 9, 9, 9, 8, 3, 8]","[0, 0, 0, 0, 0, 0, 1, 1, 1, 0]",1
26,1,99,"[3, 3, 1, 4, 3, 3, 3, 4, 3, 3]","[0, 1, 0, 0, 0, 1, 0, 0, 0, 0]",1
26,1,100,"[4, 3, 3, 4, 3, 3, 3, 2, 3, 3]","[0, 0, 1, 0, 0, 0, 0, 0, 0, 0]",1
26,1,101,"[4, 5, 6, 4, 3, 3, 3, 3, 4, 3]","[0, 1, 0, 0, 0, 0, 0, 0, 0, 0]",1
26,1,102,"[1, 5, 1, 5, 7, 5, 1, 5, 3, 2]","[0, 0, 1, 0, 0, 0, 0, 0, 0, 0]",1
26,1,103,"[2, 2, 2, 2, 2, 2, 2, 2, 2, 2]","[0, 0, 0, 0, 0, 0, 0, 0, 0, 0]",1
26,1,104,"[4, 9, 9, 8, 1, 9, 8, 7, 9, 7]","[0, 1, 1, 1, 0, 1, 1, 1, 1, 1]",1
26,1,105,"[4, 4, 4, 4, 5, 7, 5, 4, 4, 4]","[0, 0, 1, 1, 0, 0, 0, 0, 1, 0]",1
26,1,106,"[2, 3, 3, 3, 3, 3, 4, 3, 2, 3]","[0, 0, 0, 0, 0, 0, 0, 0, 0, 0]",1
26,1,107,"[3, 1, 3, 3, 3, 3, 8, 3, 3, 2]","[0, 0, 0, 0, 0, 0, 1, 1, 0, 0]",1
26,1,108,"[3, 1, 6, 6, 4, 6, 3, 7, 6, 5]","[1, 0, 0, 0, 1, 1, 0, 0, 1, 0]",1
26,1,109,"[4, 6, 4, 4, 4, 4, 7, 4, 4, 5]","[0, 0, 0, 0, 0, 0, 0, 0, 0, 0]",1
26,1,110,"[7, 6, 2, 4, 4, 3, 3, 2, 3, 4]","[1, 0, 0, 1, 0, 0, 0, 0, 0, 1]",1
26,1,111,"[6, 4, 5, 7, 6, 4, 4, 4, 8, 4]","[1, 1, 0, 1, 0, 1, 1, 0, 0, 1]",1
26,1,112,"[6, 5, 7, 6, 6, 6, 6, 5, 6, 6]","[1, 0, 0, 0, 0, 1, 0, 1, 1, 1]",1
26,1,113,"[4, 6, 4, 4, 3, 5, 8, 5, 5, 6]","[0, 0, 0, 0, 0, 0, 0, 1, 0, 0]",1
26,1,114,"[2, 2, 2, 2, 2, 2, 2, 5, 4, 2]","[0, 0, 0, 1, 0, 0, 0, 0, 0, 1]",1
26,1,115,"[6, 5, 5, 5, 6, 5, 4, 4, 5, 6]","[0, 0, 0, 0, 1, 0, 0, 1, 1, 1]",1
26,1,116,"[5, 5, 5, 1, 4, 4, 6, 5, 5, 5]","[0, 1, 0, 0, 0, 0, 0, 1, 0, 1]",1
26,1,117,"[3, 3, 4, 2, 2, 3, 3, 3, 3, 3]","[0, 0, 0, 0, 0, 0, 1, 0, 0, 0]",1
26,1,118,"[9, 4, 6, 4, 5, 6, 5, 6, 5, 5]","[0, 0, 1, 1, 1, 0, 0, 0, 0, 0]",1
26,1,119,"[8, 5, 6, 6, 6, 6, 6, 7, 6, 7]","[1, 0, 0, 0, 0, 0, 1, 0, 1, 1]",1
26,1,120,"[7, 6, 7, 5, 4, 5, 7, 7, 6, 7]","[1, 1, 0, 1, 0, 0, 0, 0, 1, 0]",1
26,1,121,"[7, 4, 4, 4, 4, 4, 3, 4, 4, 4]","[0, 0, 0, 0, 0, 0, 0, 0, 0, 0]",1
26,1,122,"[4, 4, 4, 4, 5, 5, 3, 4, 4, 5]","[1, 0, 0, 0, 0, 0, 0, 0, 0, 1]",1
26,1,123,"[2, 4, 2, 3, 3, 2, 2, 3, 4, 3]","[0, 1, 0, 0, 0, 0, 0, 0, 0, 0]",1
26,1,124,"[4, 3, 5, 4, 3, 4, 5, 4, 2, 4]","[0, 0, 0, 0, 0, 0, 0, 0, 0, 1]",1
26,1,125,"[4, 4, 4, 4, 4, 3, 4, 1, 4, 5]","[1, 0, 1, 0, 0, 0, 0, 0, 0, 0]",1
26,1,126,"[3, 4, 4, 7, 6, 7, 3, 3, 4, 4]","[0, 1, 1, 1, 0, 1, 1, 0, 0, 0]",1
26,1,127,"[5, 4, 4, 4, 4, 4, 8, 3, 4, 4]","[0, 0, 0, 0, 0, 0, 1, 0, 0, 1]",1
26,1,128,"[7, 6, 7, 3, 6, 6, 5, 6, 6, 7]","[1, 0, 1, 0, 0, 1, 0, 0, 0, 1]",1
26,1,129,"[4, 4, 7, 2, 4, 2, 2, 5, 6, 7]","[1, 1, 0, 1, 0, 1, 0, 0, 0, 1]",1
26,1,130,"[5, 5, 8, 8, 1, 5, 5, 5, 5, 9]","[0, 1, 1, 0, 0, 0, 1, 1, 0, 0]",1
26,1,131,"[1, 1, 1, 1, 1, 7, 8, 5, 1, 8]","[1, 0, 0, 0, 1, 1, 1, 0, 1, 0]",1
26,1,132,"[4, 4, 3, 4, 3, 5, 4, 3, 4, 2]","[0, 0, 0, 0, 0, 0, 1, 0, 0, 0]",1
26,1,133,"[7, 7, 9, 6, 9, 8, 8, 8, 7, 8]","[0, 0, 1, 0, 0, 0, 0, 1, 0, 0]",1
26,1,134,"[4, 3, 4, 4, 6, 4, 3, 4, 5, 5]","[1, 0, 1, 1, 1, 0, 0, 0, 0, 0]",1
26,1,135,"[6, 6, 4, 5, 6, 5, 6, 4, 3, 4]","[1, 0, 0, 0, 0, 0, 0, 1, 0, 0]",1
26,1,136,"[6, 5, 7, 7, 5, 6, 5, 5, 6, 5]","[0, 0, 0, 0, 0, 1, 0, 0, 0, 1]",1
26,1,137,"[1, 4, 2, 4, 1, 2, 2, 4, 6, 4]","[0, 0, 0, 0, 0, 0, 0, 0, 0, 1]",1
26,1,138,"[4, 4, 3, 2, 9, 2, 4, 3, 2, 3]","[0, 0, 0, 0, 1, 0, 1, 0, 0, 0]",1
26,1,139,"[7, 4, 6, 7, 2, 5, 3, 3, 4, 6]","[0, 0, 1, 1, 0, 0, 0, 0, 0, 0]",1
26,1,140,"[7, 6, 6, 5, 3, 5, 4, 6, 3, 5]","[0, 0, 1, 1, 0, 0, 0, 0, 0, 1]",1
26,1,141,"[3, 3, 4, 4, 3, 5, 2, 4, 4, 4]","[0, 0, 0, 1, 0, 1, 0, 0, 0, 0]",1
26,1,142,"[4, 5, 6, 5, 5, 2, 4, 6, 4, 3]","[0, 0, 1, 0, 1, 1, 1, 0, 0, 0]",1
26,1,143,"[4, 3, 6, 2, 3, 4, 3, 6, 5, 3]","[0, 0, 0, 0, 0, 0, 0, 1, 0, 0]",1
26,1,144,"[7, 6, 6, 5, 7, 6, 6, 6, 5, 6]","[1, 0, 1, 1, 0, 0, 0, 0, 1, 1]",1
26,1,145,"[4, 5, 4, 5, 7, 4, 5, 5, 6, 6]","[0, 0, 0, 0, 0, 1, 0, 0, 0, 1]",1
26,1,146,"[6, 5, 5, 6, 5, 6, 5, 4, 5, 5]","[1, 0, 0, 1, 1, 1, 1, 0, 1, 1]",1
26,1,147,"[6, 4, 2, 5, 6, 6, 6, 1, 8, 3]","[0, 0, 0, 0, 0, 1, 0, 1, 0, 0]",1
26,1,148,"[5, 5, 4, 5, 5, 7, 4, 5, 5, 5]","[0, 0, 0, 0, 0, 0, 0, 0, 0, 0]",1
26,1,149,"[5, 4, 3, 4, 3, 4, 4, 4, 4, 6]","[1, 0, 1, 1, 0, 0, 0, 1, 0, 0]",1
26,1,150,"[2, 4, 6, 3, 3, 4, 3, 5, 1, 4]","[0, 0, 1, 1, 0, 0, 0, 0, 0, 0]",1
26,1,151,"[7, 8, 3, 3, 4, 3, 2, 4, 9, 7]","[0, 0, 0, 0, 0, 0, 1, 0, 0, 0]",1
26,1,152,"[4, 4, 3, 3, 3, 5, 3, 3, 4, 4]","[0, 0, 0, 0, 0, 0, 0, 0, 0, 0]",1
26,1,153,"[3, 1, 4, 3, 2, 1, 2, 2, 4, 2]","[1, 0, 1, 1, 0, 0, 0, 0, 0, 0]",1
26,1,154,"[5, 1, 5, 6, 5, 5, 5, 5, 4, 1]","[0, 0, 1, 0, 1, 0, 0, 0, 0, 0]",1
26,1,155,"[5, 5, 4, 4, 4, 5, 5, 4, 4, 5]","[1, 0, 0, 0, 0, 0, 0, 0, 0, 0]",1
26,1,156,"[4, 4, 4, 4, 4, 4, 3, 9, 4, 4]","[0, 1, 0, 0, 1, 0, 0, 0, 0, 0]",1
26,1,157,"[6, 4, 5, 3, 2, 5, 4, 5, 4, 4]","[0, 0, 0, 1, 0, 0, 0, 0, 0, 1]",1
26,1,158,"[3, 6, 2, 2, 3, 2, 4, 2, 3, 7]","[0, 0, 0, 0, 0, 0, 0, 0, 0, 0]",1
26,1,159,"[6, 6, 6, 6, 4, 6, 6, 6, 5, 6]","[1, 1, 1, 0, 0, 0, 1, 0, 0, 0]",1
26,1,160,"[4, 6, 4, 6, 3, 5, 7, 5, 3, 6]","[1, 0, 1, 0, 0, 0, 1, 0, 0, 0]",1
26,1,161,"[6, 2, 5, 5, 5, 5, 5, 4, 5, 5]","[1, 0, 0, 0, 0, 1, 0, 1, 0, 1]",1
26,1,162,"[6, 6, 6, 3, 7, 1, 4, 7, 2, 6]","[0, 1, 1, 0, 0, 0, 1, 0, 0, 0]",1
26,1,163,"[6, 5, 5, 5, 4, 5, 5, 5, 6, 4]","[0, 0, 0, 0, 0, 0, 1, 1, 0, 1]",1
26,1,164,"[9, 9, 6, 9, 4, 5, 7, 7, 7, 3]","[1, 0, 0, 0, 0, 1, 0, 0, 1, 0]",1
26,1,165,"[2, 2, 2, 1, 2, 2, 3, 2, 2, 2]","[0, 0, 0, 0, 0, 0, 0, 0, 0, 0]",1
26,1,166,"[5, 3, 4, 5, 2, 2, 7, 2, 8, 6]","[1, 1, 1, 0, 0, 0, 0, 0, 0, 0]",1
26,1,167,"[8, 9, 8, 9, 9, 9, 9, 9, 7, 8]","[1, 1, 0, 1, 1, 0, 0, 0, 0, 0]",1
26,1,168,"[6, 5, 3, 6, 5, 5, 5, 4, 2, 6]","[0, 1, 0, 1, 0, 0, 1, 0, 0, 0]",1
26,1,169,"[5, 5, 7, 4, 6, 4, 7, 6, 5, 6]","[0, 0, 1, 0, 0, 0, 0, 0, 1, 0]",1
26,1,170,"[3, 2, 8, 6, 6, 3, 3, 4, 6, 7]","[0, 0, 1, 1, 1, 0, 0, 0, 1, 0]",1
26,1,171,"[6, 7, 5, 3, 8, 4, 7, 7, 7, 2]","[0, 1, 0, 0, 1, 0, 0, 1, 0, 0]",1
26,1,172,"[3, 4, 3, 4, 3, 2, 3, 4, 4, 6]","[0, 0, 0, 0, 0, 0, 0, 0, 0, 0]",1
26,1,173,"[4, 4, 5, 5, 5, 6, 5, 5, 5, 8]","[1, 0, 0, 1, 1, 1, 1, 0, 1, 1]",1
26,1,174,"[5, 5, 5, 4, 4, 4, 5, 4, 5, 5]","[1, 0, 0, 0, 0, 1, 1, 0, 1, 0]",1
26,1,175,"[2, 2, 2, 3, 2, 3, 2, 2, 3, 3]","[0, 0, 0, 0, 0, 0, 0, 0, 0, 0]",1
26,1,176,"[5, 5, 7, 6, 6, 6, 5, 6, 7, 6]","[0, 1, 1, 1, 1, 0, 0, 0, 0, 0]",1
26,1,177,"[7, 2, 4, 5, 5, 1, 5, 4, 4, 5]","[0, 0, 0, 0, 1, 0, 1, 0, 1, 1]",1
26,1,178,"[6, 5, 6, 4, 6, 4, 5, 4, 4, 4]","[0, 1, 0, 1, 0, 0, 1, 0, 0, 0]",1
26,1,179,"[4, 5, 4, 6, 6, 6, 4, 7, 2, 4]","[0, 1, 0, 0, 0, 1, 0, 1, 0, 0]",1
26,1,180,"[4, 3, 4, 3, 4, 3, 3, 4, 3, 3]","[0, 0, 0, 0, 0, 0, 0, 0, 0, 0]",1
26,1,181,"[5, 5, 5, 2, 5, 4, 5, 4, 7, 6]","[1, 0, 0, 0, 1, 0, 0, 0, 0, 0]",1
26,1,182,"[1, 4, 1, 1, 1, 1, 1, 1, 1, 4]","[0, 0, 0, 0, 0, 0, 0, 0, 0, 0]",1
26,1,183,"[3, 5, 9, 5, 5, 4, 9, 4, 5, 3]","[0, 1, 1, 1, 1, 1, 1, 1, 0, 0]",1
26,1,184,"[3, 3, 3, 3, 3, 2, 3, 4, 4, 3]","[0, 0, 0, 0, 0, 0, 0, 0, 1, 1]",1
26,1,185,"[6, 6, 8, 7, 6, 7, 7, 8, 6, 7]","[0, 1, 1, 0, 0, 1, 0, 1, 1, 0]",1
26,1,186,"[5, 6, 3, 4, 4, 4, 5, 6, 5, 3]","[1, 0, 0, 0, 1, 0, 1, 0, 0, 0]",1
26,1,187,"[4, 5, 4, 3, 4, 7, 4, 9, 5, 4]","[0, 1, 0, 0, 0, 0, 0, 1, 0, 0]",1
26,1,188,"[6, 3, 2, 4, 7, 3, 3, 3, 8, 3]","[1, 1, 0, 0, 0, 0, 1, 1, 0, 1]",1
26,1,189,"[3, 4, 3, 2, 3, 3, 3, 7, 3, 3]","[0, 0, 0, 0, 1, 0, 0, 1, 0, 0]",1
26,1,190,"[3, 1, 5, 3, 5, 7, 8, 4, 2, 3]","[0, 0, 0, 0, 1, 1, 1, 1, 0, 0]",1
26,1,191,"[5, 5, 1, 7, 5, 5, 9, 6, 4, 5]","[0, 0, 0, 1, 0, 0, 1, 0, 0, 1]",1
26,1,192,"[4, 5, 5, 5, 6, 6, 5, 6, 5, 5]","[0, 0, 0, 0, 0, 0, 0, 1, 1, 0]",1
26,1,193,"[5, 5, 6, 6, 6, 6, 7, 7, 6, 5]","[0, 0, 0, 0, 0, 0, 0, 0, 1, 0]",1
26,1,194,"[4, 3, 4, 2, 4, 4, 4, 3, 5, 2]","[1, 0, 0, 0, 0, 0, 1, 0, 0, 0]",1
26,1,195,"[3, 4, 3, 6, 6, 1, 5, 2, 4, 3]","[1, 0, 0, 0, 0, 0, 0, 0, 1, 0]",1
26,1,196,"[4, 4, 3, 9, 3, 4, 4, 3, 3, 8]","[0, 0, 0, 1, 0, 0, 0, 0, 0, 0]",1
26,1,197,"[5, 5, 3, 5, 5, 5, 5, 5, 5, 6]","[1, 0, 0, 0, 0, 0, 0, 0, 0, 0]",1
26,1,198,"[3, 6, 6, 1, 3, 1, 2, 1, 3, 7]","[0, 0, 0, 0, 0, 0, 0, 0, 0, 1]",1
26,1,199,"[1, 2, 2, 2, 5, 3, 2, 2, 2, 2]","[0, 0, 0, 0, 0, 0, 0, 0, 0, 0]",1
26,1,200,"[3, 2, 2, 2, 3, 2, 2, 1, 7, 2]","[0, 0, 0, 0, 0, 0, 0, 0, 1, 0]",1
26,1,201,"[8, 3, 4, 3, 4, 4, 4, 5, 3, 4]","[1, 0, 1, 0, 1, 1, 0, 0, 0, 0]",1
26,1,202,"[4, 3, 4, 3, 5, 4, 4, 6, 4, 3]","[1, 0, 0, 0, 1, 0, 1, 0, 0, 0]",1
26,1,203,"[4, 2, 3, 3, 2, 3, 3, 4, 4, 3]","[0, 0, 0, 0, 0, 0, 0, 0, 0, 0]",1
26,1,204,"[2, 6, 2, 2, 2, 1, 2, 2, 1, 2]","[0, 0, 0, 0, 0, 0, 0, 0, 0, 0]",1
26,1,205,"[8, 9, 9, 9, 8, 9, 9, 7, 9, 8]","[1, 1, 1, 1, 1, 1, 1, 0, 1, 1]",1
26,1,206,"[2, 2, 2, 3, 5, 3, 6, 8, 3, 5]","[0, 0, 0, 0, 1, 0, 1, 0, 0, 0]",1
26,1,207,"[2, 3, 3, 3, 2, 3, 2, 3, 2, 6]","[0, 0, 0, 0, 0, 0, 0, 0, 0, 0]",1
26,1,208,"[3, 5, 5, 5, 5, 6, 4, 5, 4, 7]","[0, 0, 0, 0, 0, 1, 1, 0, 0, 1]",1
26,1,209,"[5, 6, 5, 2, 4, 5, 5, 3, 5, 5]","[0, 0, 0, 0, 1, 0, 0, 1, 0, 1]",1
27,0,0,"[4, 2, 8, 4, 4, 5, 4, 4, 6, 4]","[0, 0, 0, 0, 0, 1, 0, 1, 0, 0]",1
27,0,1,"[7, 6, 6, 7, 6, 7, 5, 6, 6, 6]","[0, 0, 0, 0, 0, 1, 0, 1, 1, 0]",1
27,0,2,"[7, 4, 5, 4, 6, 6, 6, 5, 5, 5]","[1, 0, 0, 1, 1, 1, 0, 0, 1, 0]",1
27,0,3,"[5, 7, 6, 6, 5, 7, 6, 8, 6, 7]","[0, 0, 0, 0, 1, 0, 0, 1, 0, 0]",1
27,0,4,"[2, 4, 3, 4, 5, 4, 3, 2, 3, 5]","[0, 0, 0, 1, 0, 0, 0, 1, 0, 0]",1
27,0,5,"[6, 5, 6, 3, 6, 5, 6, 5, 6, 7]","[0, 0, 0, 0, 0, 0, 1, 0, 0, 0]",1
27,0,6,"[4, 4, 4, 3, 5, 4, 4, 9, 5, 3]","[0, 0, 0, 0, 0, 0, 0, 0, 0, 0]",1
27,0,7,"[6, 7, 8, 7, 9, 7, 7, 7, 8, 7]","[0, 1, 0, 0, 1, 0, 1, 0, 0, 1]",1
27,0,8,"[4, 4, 4, 4, 5, 4, 3, 4, 4, 4]","[0, 0, 0, 0, 0, 0, 0, 0, 0, 0]",1
27,0,9,"[6, 5, 4, 5, 4, 5, 4, 5, 3, 7]","[0, 0, 0, 0, 0, 0, 0, 0, 1, 1]",1
27,0,10,"[7, 5, 5, 5, 3, 1, 2, 5, 5, 4]","[0, 0, 0, 0, 0, 0, 0, 0, 0, 0]",1
27,0,11,"[5, 5, 6, 5, 5, 5, 4, 5, 5, 5]","[1, 0, 0, 0, 0, 0, 1, 0, 0, 0]",1
27,0,12,"[6, 5, 6, 6, 6, 6, 6, 5, 6, 6]","[0, 1, 0, 0, 0, 0, 1, 0, 0, 0]",1
27,0,13,"[5, 5, 5, 4, 6, 3, 5, 6, 5, 5]","[0, 0, 0, 0, 0, 0, 0, 0, 0, 0]",1
27,0,14,"[5, 5, 5, 6, 5, 6, 5, 5, 5, 5]","[0, 0, 1, 1, 1, 0, 0, 0, 0, 1]",1
27,0,15,"[6, 4, 3, 7, 5, 4, 4, 4, 4, 8]","[0, 0, 0, 0, 0, 0, 1, 1, 0, 0]",1
27,0,16,"[4, 6, 7, 3, 5, 9, 6, 8, 4, 3]","[0, 0, 0, 0, 0, 0, 0, 0, 0, 1]",1
27,0,17,"[5, 6, 8, 7, 9, 8, 5, 5, 6, 7]","[0, 1, 0, 0, 1, 1, 0, 0, 0, 0]",1
27,0,18,"[6, 7, 5, 7, 6, 8, 7, 8, 5, 6]","[0, 0, 0, 0, 0, 1, 0, 1, 1, 0]",1
27,0,19,"[7, 2, 4, 4, 2, 2, 3, 3, 3, 3]","[0, 0, 0, 0, 0, 0, 0, 0, 0, 0]",1
27,0,20,"[8, 5, 3, 4, 5, 5, 6, 5, 7, 6]","[1, 0, 0, 0, 0, 0, 0, 0, 0, 0]",1
27,0,21,"[9, 1, 9, 9, 1, 9, 9, 5, 7, 2]","[0, 0, 0, 0, 0, 0, 0, 0, 1, 0]",1
27,0,22,"[5, 4, 4, 4, 4, 4, 4, 4, 6, 4]","[0, 0, 0, 0, 0, 0, 0, 0, 1, 0]",1
27,0,23,"[5, 3, 5, 3, 3, 5, 3, 8, 3, 4]","[0, 0, 0, 0, 0, 0, 0, 0, 0, 0]",1
27,0,24,"[4, 3, 5, 2, 5, 2, 2, 4, 5, 1]","[0, 0, 0, 0, 1, 0, 0, 0, 0, 0]",1
27,0,25,"[6, 6, 7, 6, 6, 6, 6, 6, 6, 6]","[0, 1, 1, 1, 0, 1, 0, 0, 0, 0]",1
27,0,26,"[7, 9, 9, 9, 6, 9, 9, 9, 9, 4]","[0, 1, 0, 0, 0, 0, 0, 0, 0, 0]",1
27,0,27,"[5, 5, 6, 6, 7, 6, 6, 6, 6, 4]","[0, 0, 0, 1, 0, 0, 0, 0, 0, 0]",1
27,0,28,"[5, 4, 6, 5, 5, 5, 5, 5, 7, 6]","[0, 0, 0, 0, 1, 0, 0, 0, 0, 0]",1
27,0,29,"[7, 9, 9, 9, 9, 9, 9, 9, 9, 9]","[0, 0, 0, 0, 0, 0, 0, 0, 1, 0]",1
27,0,31,"[8, 6, 4, 4, 4, 5, 4, 4, 3, 5]","[0, 0, 1, 0, 0, 1, 0, 1, 1, 0]",1
27,0,32,"[6, 7, 6, 6, 6, 6, 6, 3, 5, 6]","[1, 0, 1, 1, 1, 0, 0, 0, 0, 1]",1
27,0,33,"[3, 3, 3, 3, 4, 3, 1, 3, 2, 3]","[0, 0, 0, 0, 0, 0, 0, 0, 0, 0]",1
27,0,34,"[5, 7, 3, 9, 6, 6, 7, 7, 6, 7]","[0, 1, 0, 1, 0, 0, 0, 1, 0, 0]",1
27,0,35,"[4, 4, 2, 4, 4, 5, 5, 5, 5, 3]","[0, 0, 0, 0, 0, 0, 0, 0, 1, 0]",1
27,0,36,"[9, 7, 3, 9, 2, 9, 4, 8, 5, 4]","[0, 0, 0, 0, 1, 0, 0, 0, 0, 0]",1
27,0,37,"[4, 6, 4, 5, 6, 5, 4, 8, 6, 5]","[0, 1, 1, 0, 0, 0, 1, 0, 0, 0]",1
27,0,38,"[5, 4, 2, 5, 3, 4, 5, 4, 6, 5]","[0, 0, 0, 0, 0, 1, 0, 0, 0, 0]",1
27,0,39,"[6, 3, 2, 2, 1, 1, 3, 2, 3, 1]","[0, 0, 0, 0, 0, 0, 0, 0, 0, 0]",1
27,0,40,"[2, 2, 2, 2, 2, 2, 2, 2, 2, 3]","[1, 0, 0, 0, 0, 0, 0, 0, 0, 0]",1
27,0,41,"[3, 4, 3, 2, 5, 4, 2, 5, 4, 4]","[0, 1, 1, 0, 0, 0, 0, 0, 0, 0]",1
27,0,42,"[3, 2, 2, 3, 3, 3, 2, 2, 3, 2]","[0, 0, 0, 0, 0, 1, 0, 0, 0, 0]",1
27,0,43,"[6, 7, 3, 2, 6, 6, 6, 6, 7, 5]","[0, 0, 0, 0, 0, 1, 1, 1, 1, 0]",1
27,0,44,"[5, 6, 6, 2, 4, 6, 6, 3, 6, 6]","[0, 0, 0, 0, 0, 0, 0, 0, 1, 0]",1
27,0,45,"[3, 3, 8, 4, 4, 5, 4, 5, 4, 5]","[0, 0, 1, 0, 0, 0, 0, 0, 0, 0]",1
27,0,46,"[2, 3, 2, 3, 3, 2, 4, 3, 3, 3]","[0, 0, 0, 0, 0, 0, 0, 0, 0, 0]",1
27,0,47,"[7, 6, 6, 6, 7, 6, 6, 7, 6, 9]","[0, 0, 0, 1, 0, 0, 0, 1, 0, 1]",1
27,0,48,"[5, 5, 5, 5, 5, 6, 5, 2, 4, 5]","[0, 0, 0, 0, 0, 0, 0, 0, 0, 0]",1
27,0,49,"[4, 5, 5, 5, 4, 4, 5, 6, 4, 8]","[0, 1, 1, 0, 0, 0, 0, 0, 1, 0]",1
27,0,50,"[7, 7, 7, 7, 8, 7, 8, 5, 9, 8]","[1, 0, 0, 1, 0, 0, 1, 0, 1, 0]",1
27,0,51,"[6, 8, 7, 7, 7, 7, 1, 7, 7, 5]","[0, 1, 0, 1, 1, 0, 0, 0, 0, 0]",1
27,0,52,"[6, 3, 2, 2, 2, 4, 2, 5, 4, 3]","[0, 0, 0, 0, 1, 0, 0, 0, 0, 0]",1
27,0,53,"[4, 4, 5, 4, 4, 4, 1, 4, 4, 4]","[0, 0, 0, 0, 0, 0, 0, 0, 0, 0]",1
27,0,54,"[8, 3, 7, 8, 3, 3, 1, 8, 5, 5]","[0, 1, 0, 1, 0, 0, 0, 1, 1, 0]",1
27,0,55,"[6, 6, 5, 4, 6, 6, 6, 1, 6, 6]","[1, 0, 0, 0, 0, 0, 1, 1, 0, 1]",1
27,0,56,"[1, 3, 1, 1, 5, 1, 2, 1, 6, 1]","[0, 0, 1, 1, 0, 0, 1, 0, 1, 0]",1
27,0,57,"[4, 6, 3, 3, 4, 4, 3, 5, 3, 5]","[0, 0, 0, 0, 0, 0, 1, 0, 0, 0]",1
27,0,58,"[7, 6, 6, 5, 2, 5, 5, 7, 7, 3]","[0, 0, 1, 0, 0, 0, 0, 0, 0, 0]",1
27,0,59,"[3, 6, 5, 5, 4, 4, 4, 6, 5, 5]","[0, 0, 0, 0, 0, 0, 0, 0, 0, 0]",1
27,0,60,"[3, 4, 1, 7, 5, 6, 5, 6, 3, 3]","[0, 0, 0, 0, 0, 0, 0, 0, 0, 0]",1
27,0,61,"[4, 4, 4, 4, 6, 4, 4, 4, 3, 4]","[0, 0, 1, 0, 0, 1, 0, 0, 0, 0]",1
27,0,62,"[9, 8, 9, 9, 9, 9, 9, 9, 9, 5]","[1, 1, 0, 1, 1, 0, 1, 0, 0, 0]",1
27,0,63,"[8, 6, 6, 7, 8, 7, 8, 7, 7, 3]","[0, 0, 1, 0, 0, 0, 0, 0, 0, 0]",1
27,0,64,"[1, 9, 3, 5, 2, 7, 8, 5, 4, 4]","[0, 0, 0, 0, 0, 0, 1, 0, 1, 0]",1
27,0,65,"[3, 6, 4, 5, 4, 6, 2, 6, 2, 2]","[1, 0, 0, 0, 0, 0, 0, 0, 0, 0]",1
27,0,66,"[5, 6, 3, 6, 5, 4, 4, 6, 4, 6]","[0, 0, 0, 0, 1, 0, 0, 0, 0, 0]",1
27,0,67,"[5, 4, 5, 2, 5, 5, 2, 5, 5, 7]","[0, 0, 0, 0, 1, 0, 0, 0, 0, 0]",1
27,0,68,"[6, 5, 7, 6, 7, 6, 7, 6, 5, 7]","[1, 0, 0, 0, 0, 0, 1, 0, 0, 0]",1
27,0,69,"[6, 5, 4, 1, 4, 4, 4, 4, 4, 4]","[1, 0, 0, 0, 0, 0, 0, 0, 0, 0]",1
27,0,70,"[6, 6, 6, 6, 4, 6, 6, 6, 6, 6]","[0, 0, 0, 0, 0, 0, 0, 0, 0, 0]",1
27,0,71,"[5, 5, 6, 5, 5, 5, 5, 5, 4, 5]","[0, 0, 0, 0, 0, 0, 0, 0, 0, 0]",1
27,0,72,"[3, 4, 9, 5, 5, 4, 4, 6, 4, 4]","[1, 0, 1, 1, 0, 0, 0, 1, 0, 0]",1
27,0,73,"[8, 6, 5, 7, 6, 4, 6, 5, 7, 5]","[1, 0, 0, 0, 0, 0, 0, 1, 0, 0]",1
27,0,74,"[4, 4, 3, 3, 5, 1, 4, 1, 3, 5]","[0, 0, 1, 1, 0, 0, 0, 0, 0, 1]",1
27,0,75,"[5, 6, 5, 5, 5, 4, 5, 5, 5, 5]","[0, 0, 0, 0, 0, 0, 1, 0, 0, 0]",1
27,0,76,"[6, 4, 2, 4, 6, 2, 3, 5, 5, 6]","[0, 0, 0, 0, 0, 0, 0, 0, 1, 0]",1
27,0,77,"[7, 7, 8, 8, 7, 8, 7, 7, 7, 8]","[1, 0, 0, 1, 0, 1, 0, 1, 0, 1]",1
27,0,78,"[7, 6, 5, 7, 4, 7, 6, 8, 7, 4]","[1, 0, 0, 1, 0, 0, 0, 0, 0, 0]",1
27,0,79,"[5, 9, 4, 4, 4, 5, 4, 5, 5, 2]","[0, 0, 1, 0, 0, 0, 0, 0, 0, 0]",1
27,0,80,"[7, 7, 6, 7, 9, 7, 6, 7, 9, 7]","[0, 1, 0, 1, 0, 0, 0, 0, 1, 0]",1
27,0,81,"[5, 5, 5, 6, 6, 4, 6, 4, 4, 6]","[0, 1, 1, 1, 0, 1, 0, 1, 0, 1]",1
27,0,82,"[5, 4, 5, 4, 4, 5, 4, 5, 8, 6]","[0, 1, 0, 0, 0, 0, 0, 0, 0, 1]",1
27,0,83,"[5, 5, 6, 7, 7, 8, 7, 3, 6, 3]","[0, 0, 0, 0, 0, 0, 0, 0, 1, 0]",1
27,0,84,"[2, 3, 6, 6, 3, 6, 4, 6, 3, 4]","[0, 0, 0, 0, 0, 0, 0, 1, 1, 0]",1
27,0,85,"[9, 8, 8, 8, 8, 8, 7, 8, 8, 7]","[0, 0, 0, 0, 0, 0, 0, 0, 1, 0]",1
27,0,86,"[9, 9, 9, 9, 9, 9, 9, 9, 9, 9]","[0, 1, 1, 0, 0, 0, 1, 0, 1, 1]",1
27,0,87,"[8, 4, 5, 6, 4, 7, 4, 7, 5, 3]","[0, 0, 0, 0, 1, 0, 0, 0, 0, 0]",1
27,0,88,"[5, 5, 6, 6, 4, 5, 5, 4, 2, 4]","[0, 0, 0, 0, 0, 0, 0, 0, 0, 0]",1
27,0,89,"[5, 5, 5, 6, 5, 5, 5, 5, 5, 5]","[0, 0, 0, 0, 0, 0, 0, 0, 0, 0]",1
27,0,90,"[9, 9, 9, 9, 9, 9, 9, 9, 9, 9]","[0, 0, 0, 0, 0, 0, 0, 0, 1, 0]",1
27,0,91,"[5, 6, 5, 4, 5, 6, 3, 3, 6, 4]","[0, 0, 0, 0, 0, 0, 0, 0, 1, 0]",1
27,0,92,"[5, 6, 4, 4, 9, 5, 5, 5, 1, 6]","[0, 0, 1, 1, 1, 0, 0, 0, 0, 0]",1
27,0,93,"[3, 3, 4, 3, 7, 4, 2, 1, 3, 7]","[0, 0, 0, 0, 0, 1, 1, 0, 0, 1]",1
27,0,94,"[5, 4, 7, 9, 6, 3, 9, 4, 9, 3]","[0, 0, 0, 1, 0, 1, 0, 0, 1, 0]",1
27,0,95,"[2, 3, 3, 3, 2, 3, 3, 3, 3, 3]","[0, 1, 0, 0, 0, 0, 0, 0, 1, 0]",1
27,0,96,"[5, 5, 5, 6, 5, 7, 6, 4, 6, 6]","[0, 0, 0, 0, 1, 0, 0, 1, 0, 1]",1
27,0,97,"[5, 5, 4, 5, 7, 2, 6, 6, 3, 5]","[1, 1, 0, 1, 0, 0, 1, 0, 0, 0]",1
27,0,98,"[9, 9, 9, 9, 9, 9, 9, 9, 9, 9]","[0, 0, 0, 0, 0, 0, 1, 0, 0, 1]",1
27,0,99,"[3, 3, 3, 2, 7, 3, 5, 3, 4, 3]","[0, 1, 0, 1, 1, 0, 1, 0, 0, 1]",1
27,0,100,"[7, 4, 2, 8, 3, 6, 4, 2, 2, 2]","[1, 0, 0, 1, 0, 0, 0, 0, 0, 0]",1
27,0,101,"[8, 8, 8, 8, 8, 8, 6, 8, 8, 8]","[0, 0, 0, 0, 0, 0, 0, 0, 0, 1]",1
27,0,102,"[4, 6, 3, 6, 5, 3, 6, 7, 8, 5]","[1, 0, 1, 1, 1, 0, 1, 0, 1, 0]",1
27,0,103,"[7, 7, 8, 7, 7, 7, 7, 8, 7, 7]","[0, 0, 0, 0, 0, 1, 1, 0, 0, 0]",1
27,0,104,"[9, 9, 9, 9, 9, 9, 9, 9, 9, 9]","[0, 1, 0, 1, 0, 1, 0, 0, 0, 1]",1
27,0,105,"[5, 6, 6, 6, 8, 6, 7, 5, 6, 6]","[0, 0, 0, 0, 0, 0, 0, 0, 0, 0]",1
27,0,106,"[6, 8, 7, 5, 6, 7, 2, 7, 7, 7]","[1, 0, 0, 0, 0, 1, 0, 1, 0, 0]",1
27,0,107,"[4, 4, 4, 4, 4, 4, 8, 4, 4, 4]","[0, 0, 0, 0, 0, 0, 0, 1, 0, 0]",1
27,0,108,"[4, 8, 9, 8, 7, 5, 9, 4, 5, 8]","[0, 0, 1, 0, 1, 0, 1, 0, 1, 0]",1
27,0,109,"[7, 6, 3, 7, 5, 6, 9, 6, 5, 6]","[0, 0, 0, 0, 0, 0, 0, 0, 0, 0]",1
27,0,110,"[8, 9, 8, 7, 9, 9, 8, 8, 6, 6]","[0, 0, 0, 1, 0, 0, 0, 1, 0, 1]",1
27,0,111,"[6, 7, 7, 7, 7, 5, 6, 8, 7, 6]","[0, 0, 1, 0, 0, 1, 0, 0, 1, 0]",1
27,0,112,"[5, 4, 4, 3, 4, 5, 3, 4, 3, 3]","[0, 0, 0, 0, 0, 0, 0, 0, 0, 0]",1
27,0,113,"[4, 7, 4, 1, 2, 5, 7, 4, 3, 6]","[0, 1, 0, 0, 0, 1, 1, 0, 0, 0]",1
27,0,114,"[2, 2, 2, 3, 4, 3, 1, 1, 1, 4]","[0, 0, 0, 0, 0, 0, 0, 0, 0, 0]",1
27,0,115,"[9, 9, 8, 9, 9, 8, 9, 9, 9, 9]","[1, 1, 0, 0, 1, 0, 0, 1, 1, 1]",1
27,0,116,"[9, 9, 9, 9, 9, 8, 9, 8, 1, 9]","[0, 1, 1, 0, 1, 1, 0, 1, 0, 1]",1
27,0,117,"[5, 5, 5, 5, 6, 5, 5, 5, 5, 6]","[0, 0, 0, 0, 0, 0, 0, 1, 0, 0]",1
27,0,118,"[7, 7, 7, 7, 7, 7, 7, 7, 6, 7]","[0, 1, 1, 1, 1, 0, 0, 0, 0, 0]",1
27,0,119,"[5, 5, 6, 5, 4, 5, 5, 4, 6, 4]","[0, 1, 0, 0, 0, 0, 0, 0, 1, 0]",1
27,0,120,"[6, 1, 5, 8, 5, 6, 7, 5, 3, 5]","[1, 0, 0, 1, 0, 0, 1, 0, 0, 0]",1
27,0,121,"[6, 6, 6, 6, 6, 6, 6, 6, 6, 6]","[0, 0, 0, 0, 0, 0, 0, 0, 0, 0]",1
27,0,122,"[5, 5, 5, 5, 4, 5, 5, 4, 6, 5]","[0, 0, 0, 1, 0, 0, 0, 0, 0, 0]",1
27,0,123,"[5, 6, 5, 6, 7, 4, 4, 5, 5, 6]","[0, 0, 0, 0, 0, 1, 0, 0, 0, 1]",1
27,0,124,"[4, 9, 7, 9, 7, 8, 7, 7, 8, 9]","[1, 1, 1, 0, 1, 1, 1, 0, 0, 1]",1
27,0,125,"[5, 5, 5, 5, 5, 4, 5, 5, 5, 5]","[1, 0, 0, 0, 0, 0, 0, 0, 0, 0]",1
27,0,126,"[5, 5, 7, 6, 5, 4, 6, 6, 4, 5]","[0, 0, 0, 0, 0, 1, 0, 1, 0, 1]",1
27,0,127,"[4, 4, 4, 4, 4, 4, 4, 4, 4, 4]","[0, 0, 0, 0, 0, 0, 0, 0, 0, 0]",1
27,0,128,"[7, 7, 7, 6, 8, 6, 5, 6, 7, 6]","[1, 0, 1, 0, 1, 1, 1, 0, 0, 0]",1
27,0,129,"[2, 8, 7, 5, 8, 7, 7, 9, 6, 8]","[0, 0, 0, 0, 0, 0, 0, 0, 1, 0]",1
27,0,130,"[7, 7, 7, 8, 7, 7, 8, 7, 8, 7]","[0, 0, 0, 0, 0, 0, 0, 0, 0, 0]",1
27,0,131,"[7, 7, 6, 8, 5, 5, 6, 7, 7, 7]","[1, 0, 0, 0, 0, 1, 0, 1, 1, 1]",1
27,0,132,"[6, 5, 4, 3, 3, 1, 5, 4, 2, 5]","[1, 0, 0, 1, 0, 0, 0, 0, 0, 0]",1
27,0,133,"[9, 6, 9, 9, 9, 9, 9, 9, 9, 9]","[0, 1, 1, 0, 0, 1, 0, 0, 1, 0]",1
27,0,134,"[7, 7, 6, 7, 7, 6, 7, 7, 6, 6]","[0, 0, 0, 0, 0, 0, 0, 0, 0, 0]",1
27,0,135,"[6, 5, 7, 8, 7, 6, 6, 7, 6, 7]","[0, 0, 0, 0, 0, 0, 0, 0, 0, 1]",1
27,0,136,"[7, 5, 6, 9, 8, 7, 6, 7, 7, 4]","[0, 1, 0, 0, 1, 0, 0, 1, 1, 0]",1
27,0,137,"[3, 3, 6, 4, 4, 7, 5, 3, 3, 6]","[0, 0, 0, 0, 1, 1, 0, 0, 0, 1]",1
27,0,138,"[4, 5, 5, 4, 4, 5, 4, 4, 4, 3]","[0, 0, 1, 0, 0, 0, 0, 0, 0, 0]",1
27,0,139,"[5, 4, 4, 7, 4, 4, 4, 3, 4, 4]","[0, 0, 0, 0, 0, 0, 1, 0, 0, 0]",1
27,0,140,"[5, 6, 7, 8, 5, 5, 5, 4, 5, 5]","[1, 0, 0, 0, 0, 0, 0, 0, 0, 1]",1
27,0,141,"[4, 2, 4, 4, 6, 3, 4, 3, 5, 4]","[0, 0, 0, 0, 0, 0, 1, 0, 0, 0]",1
27,0,142,"[8, 5, 5, 4, 3, 8, 3, 7, 8, 3]","[0, 1, 1, 1, 0, 0, 0, 0, 0, 0]",1
27,0,143,"[4, 5, 4, 4, 4, 4, 8, 3, 4, 5]","[0, 0, 0, 1, 0, 0, 0, 0, 0, 0]",1
27,0,144,"[8, 7, 7, 7, 9, 8, 8, 8, 6, 6]","[0, 1, 0, 1, 0, 0, 0, 1, 0, 0]",1
27,0,145,"[4, 6, 6, 7, 6, 6, 8, 8, 8, 7]","[0, 0, 0, 0, 0, 0, 0, 1, 0, 1]",1
27,0,146,"[7, 7, 7, 7, 8, 7, 7, 7, 6, 7]","[0, 0, 0, 1, 1, 1, 1, 1, 0, 1]",1
27,0,147,"[5, 3, 7, 5, 6, 6, 7, 6, 4, 2]","[1, 0, 0, 0, 0, 0, 0, 0, 0, 0]",1
27,0,148,"[5, 5, 4, 4, 3, 4, 5, 4, 5, 5]","[0, 0, 0, 0, 1, 0, 0, 0, 0, 1]",1
27,0,149,"[7, 5, 5, 5, 5, 6, 6, 5, 5, 5]","[0, 1, 0, 0, 0, 1, 0, 0, 0, 0]",1
27,0,150,"[2, 3, 3, 4, 6, 4, 3, 2, 4, 4]","[0, 0, 0, 0, 1, 0, 0, 0, 0, 0]",1
27,0,151,"[8, 4, 4, 4, 5, 6, 6, 5, 5, 4]","[0, 0, 0, 0, 0, 0, 0, 0, 0, 0]",1
27,0,152,"[3, 5, 4, 5, 2, 3, 6, 5, 5, 4]","[0, 0, 0, 0, 0, 0, 0, 1, 0, 0]",1
27,0,153,"[4, 5, 6, 4, 6, 6, 5, 5, 5, 6]","[0, 1, 0, 0, 0, 0, 0, 0, 0, 0]",1
27,0,154,"[8, 9, 8, 8, 9, 8, 9, 9, 8, 8]","[1, 1, 0, 1, 0, 1, 1, 0, 1, 1]",1
27,0,155,"[3, 2, 9, 5, 2, 2, 2, 6, 2, 2]","[0, 0, 0, 0, 0, 0, 0, 0, 0, 0]",1
27,0,156,"[3, 2, 3, 3, 3, 3, 3, 3, 3, 6]","[0, 0, 0, 0, 0, 0, 1, 1, 0, 0]",1
27,0,157,"[5, 5, 6, 6, 5, 6, 5, 3, 5, 5]","[0, 0, 0, 0, 0, 0, 1, 0, 1, 0]",1
27,0,158,"[8, 7, 1, 8, 7, 6, 8, 6, 8, 7]","[1, 1, 0, 0, 1, 0, 0, 1, 1, 1]",1
27,0,159,"[7, 1, 7, 7, 7, 7, 7, 8, 8, 8]","[0, 0, 0, 0, 1, 1, 0, 0, 0, 0]",1
27,0,160,"[9, 9, 9, 5, 9, 5, 9, 9, 9, 5]","[0, 0, 0, 0, 0, 0, 1, 0, 0, 0]",1
27,0,161,"[6, 5, 7, 9, 6, 7, 6, 8, 7, 6]","[1, 0, 1, 0, 1, 1, 0, 1, 1, 0]",1
27,0,162,"[9, 9, 9, 9, 9, 8, 9, 9, 9, 5]","[1, 1, 1, 1, 1, 0, 0, 0, 0, 0]",1
27,0,163,"[6, 8, 8, 6, 7, 7, 7, 4, 8, 7]","[0, 1, 1, 0, 1, 0, 1, 0, 0, 0]",1
27,0,164,"[9, 9, 9, 9, 9, 9, 9, 9, 9, 9]","[1, 0, 0, 1, 0, 0, 1, 0, 0, 0]",1
27,0,165,"[6, 6, 7, 4, 6, 6, 7, 6, 4, 5]","[0, 0, 0, 0, 0, 0, 0, 0, 0, 0]",1
27,0,166,"[3, 4, 4, 4, 4, 4, 4, 4, 8, 4]","[0, 0, 1, 0, 0, 1, 0, 0, 0, 0]",1
27,0,167,"[9, 9, 9, 9, 9, 8, 9, 8, 9, 9]","[1, 1, 1, 1, 0, 0, 0, 1, 0, 0]",1
27,0,168,"[5, 9, 5, 5, 5, 7, 6, 6, 7, 7]","[0, 1, 0, 0, 0, 0, 0, 1, 0, 0]",1
27,0,169,"[5, 5, 5, 6, 4, 6, 6, 6, 6, 8]","[0, 0, 0, 0, 0, 0, 0, 0, 0, 1]",1
27,0,170,"[9, 9, 9, 9, 9, 9, 9, 9, 9, 8]","[0, 1, 0, 1, 0, 1, 1, 1, 1, 1]",1
27,0,171,"[9, 6, 9, 9, 7, 9, 9, 5, 9, 9]","[0, 1, 0, 1, 0, 0, 0, 1, 1, 1]",1
27,0,172,"[6, 2, 7, 6, 7, 6, 7, 6, 6, 6]","[0, 0, 1, 0, 0, 0, 1, 1, 0, 0]",1
27,0,173,"[9, 8, 5, 8, 4, 6, 7, 5, 6, 8]","[0, 0, 0, 1, 1, 0, 1, 0, 1, 0]",1
27,0,174,"[6, 5, 4, 7, 6, 6, 5, 6, 7, 7]","[0, 0, 0, 1, 1, 1, 0, 0, 0, 0]",1
27,0,175,"[5, 5, 5, 5, 6, 5, 5, 5, 4, 5]","[0, 0, 0, 0, 0, 1, 0, 0, 0, 0]",1
27,0,176,"[1, 7, 7, 6, 7, 4, 7, 8, 7, 7]","[0, 1, 0, 0, 1, 0, 1, 0, 1, 0]",1
27,0,177,"[9, 9, 9, 9, 2, 9, 9, 1, 8, 9]","[0, 1, 1, 1, 0, 0, 1, 0, 0, 0]",1
27,0,178,"[7, 4, 7, 6, 7, 7, 6, 7, 6, 7]","[0, 0, 1, 0, 1, 0, 0, 0, 0, 0]",1
27,0,179,"[7, 9, 7, 7, 7, 8, 9, 8, 9, 7]","[0, 0, 0, 0, 0, 0, 0, 0, 0, 0]",1
27,0,180,"[8, 5, 5, 5, 7, 5, 5, 4, 5, 4]","[0, 0, 0, 0, 0, 0, 1, 0, 1, 0]",1
27,0,181,"[5, 8, 8, 5, 7, 8, 8, 9, 8, 8]","[1, 0, 0, 0, 0, 1, 0, 0, 1, 1]",1
27,0,182,"[9, 9, 9, 5, 1, 9, 1, 9, 3, 8]","[0, 0, 0, 1, 0, 1, 1, 0, 0, 0]",1
27,0,183,"[7, 5, 7, 5, 6, 5, 6, 5, 5, 6]","[0, 0, 1, 0, 0, 0, 0, 1, 1, 0]",1
27,0,184,"[6, 5, 5, 6, 7, 6, 7, 3, 4, 6]","[0, 0, 0, 0, 1, 0, 0, 1, 0, 0]",1
27,0,185,"[5, 7, 7, 4, 1, 4, 3, 5, 5, 8]","[1, 0, 1, 0, 0, 0, 0, 0, 0, 0]",1
27,0,186,"[9, 9, 8, 9, 9, 9, 4, 4, 1, 5]","[1, 0, 0, 1, 1, 0, 0, 0, 0, 0]",1
27,0,187,"[4, 6, 5, 6, 6, 5, 5, 5, 7, 3]","[0, 0, 0, 0, 0, 0, 0, 0, 0, 1]",1
27,0,188,"[8, 5, 9, 5, 9, 5, 9, 9, 9, 9]","[1, 1, 1, 1, 1, 0, 0, 0, 1, 1]",1
27,0,189,"[5, 4, 5, 5, 5, 7, 5, 5, 6, 5]","[0, 0, 0, 0, 0, 0, 0, 0, 0, 0]",1
27,0,190,"[2, 6, 6, 5, 5, 5, 5, 5, 5, 5]","[0, 1, 0, 0, 0, 1, 0, 0, 1, 0]",1
27,0,191,"[9, 7, 9, 7, 6, 9, 8, 8, 9, 9]","[0, 1, 1, 1, 1, 0, 1, 0, 1, 1]",1
27,0,192,"[9, 9, 9, 9, 8, 8, 9, 5, 8, 8]","[1, 0, 0, 0, 0, 0, 0, 1, 0, 1]",1
27,0,193,"[6, 3, 4, 9, 9, 5, 6, 6, 7, 6]","[1, 0, 0, 0, 0, 0, 0, 0, 0, 0]",1
27,0,194,"[8, 8, 8, 8, 8, 4, 8, 6, 4, 4]","[0, 1, 0, 0, 0, 0, 0, 1, 0, 1]",1
27,0,195,"[4, 1, 7, 2, 2, 7, 2, 2, 1, 4]","[0, 0, 1, 0, 0, 1, 1, 0, 0, 0]",1
27,0,196,"[4, 4, 4, 5, 4, 4, 4, 4, 3, 3]","[0, 0, 0, 0, 0, 0, 0, 0, 0, 0]",1
27,0,197,"[7, 8, 7, 7, 8, 8, 9, 7, 7, 7]","[0, 0, 0, 0, 1, 0, 1, 1, 1, 0]",1
27,0,198,"[3, 3, 4, 4, 5, 3, 1, 3, 3, 4]","[0, 1, 0, 0, 0, 0, 0, 0, 0, 0]",1
27,0,199,"[3, 3, 4, 3, 3, 3, 3, 3, 3, 2]","[0, 0, 0, 1, 1, 1, 0, 0, 0, 0]",1
27,0,200,"[3, 3, 3, 3, 4, 3, 3, 3, 5, 3]","[0, 0, 0, 0, 0, 0, 0, 0, 0, 0]",1
27,0,201,"[9, 8, 8, 9, 8, 9, 7, 9, 9, 8]","[1, 0, 0, 0, 0, 0, 0, 0, 0, 0]",1
27,0,202,"[5, 5, 5, 5, 7, 5, 7, 6, 6, 5]","[0, 0, 0, 1, 0, 1, 0, 0, 0, 0]",1
27,0,203,"[2, 3, 3, 5, 9, 3, 3, 2, 3, 3]","[0, 0, 0, 0, 0, 0, 0, 0, 0, 0]",1
27,0,204,"[8, 8, 7, 8, 8, 7, 7, 8, 8, 3]","[0, 0, 1, 0, 0, 1, 1, 1, 0, 0]",1
27,0,205,"[9, 9, 9, 9, 9, 9, 9, 8, 8, 9]","[1, 1, 0, 0, 1, 1, 0, 1, 1, 1]",1
27,0,206,"[8, 6, 8, 8, 3, 7, 8, 8, 7, 8]","[1, 0, 0, 1, 1, 1, 1, 1, 1, 1]",1
27,0,207,"[6, 5, 5, 5, 8, 5, 6, 6, 5, 6]","[1, 0, 0, 0, 0, 0, 1, 0, 0, 0]",1
27,0,208,"[8, 7, 8, 6, 8, 6, 9, 9, 7, 8]","[0, 0, 1, 0, 1, 1, 0, 1, 1, 1]",1
27,0,209,"[8, 3, 6, 5, 6, 6, 6, 6, 8, 7]","[1, 0, 0, 0, 1, 1, 0, 0, 0, 0]",1
27,1,0,"[8, 5, 4, 4, 8, 3, 5, 4, 1, 6]","[1, 1, 1, 0, 1, 0, 1, 0, 0, 1]",1
27,1,1,"[4, 4, 3, 4, 4, 4, 4, 4, 4, 5]","[0, 0, 0, 0, 1, 0, 0, 0, 0, 0]",1
27,1,2,"[6, 6, 2, 7, 5, 7, 8, 7, 2, 5]","[0, 0, 0, 0, 0, 0, 0, 0, 0, 1]",1
27,1,3,"[4, 4, 6, 6, 4, 7, 6, 8, 6, 6]","[0, 0, 1, 0, 0, 1, 0, 0, 0, 0]",1
27,1,4,"[3, 3, 4, 3, 2, 4, 3, 2, 2, 3]","[1, 0, 0, 0, 0, 0, 0, 1, 0, 0]",1
27,1,5,"[5, 5, 6, 4, 4, 3, 5, 4, 6, 5]","[1, 0, 1, 0, 0, 0, 0, 0, 0, 0]",1
27,1,6,"[3, 5, 4, 6, 3, 6, 3, 4, 3, 3]","[0, 0, 1, 1, 0, 1, 0, 0, 0, 0]",1
27,1,7,"[6, 6, 5, 5, 6, 4, 5, 4, 5, 7]","[1, 0, 0, 0, 0, 0, 1, 0, 1, 1]",1
27,1,8,"[3, 3, 3, 4, 4, 3, 3, 3, 3, 3]","[0, 0, 0, 0, 1, 0, 1, 0, 0, 0]",1
27,1,9,"[5, 3, 3, 3, 2, 5, 1, 1, 5, 3]","[0, 0, 0, 0, 0, 0, 1, 0, 0, 1]",1
27,1,10,"[4, 3, 1, 1, 6, 6, 4, 3, 4, 4]","[0, 0, 0, 0, 0, 1, 0, 1, 0, 1]",1
27,1,11,"[3, 3, 3, 3, 3, 3, 3, 3, 3, 3]","[0, 0, 1, 0, 1, 1, 0, 0, 0, 0]",1
27,1,12,"[4, 4, 4, 4, 4, 4, 4, 1, 4, 4]","[0, 0, 1, 0, 0, 0, 0, 0, 0, 1]",1
27,1,13,"[4, 4, 4, 4, 4, 7, 4, 5, 2, 6]","[0, 0, 1, 0, 0, 0, 0, 0, 0, 0]",1
27,1,14,"[3, 3, 2, 2, 3, 3, 3, 3, 3, 3]","[1, 0, 0, 0, 0, 0, 1, 0, 0, 0]",1
27,1,15,"[5, 3, 3, 3, 2, 2, 6, 3, 2, 3]","[0, 0, 0, 0, 0, 0, 1, 0, 0, 0]",1
27,1,16,"[7, 4, 8, 3, 9, 5, 7, 4, 3, 4]","[1, 0, 1, 1, 1, 1, 0, 0, 0, 1]",1
27,1,17,"[6, 5, 5, 5, 5, 1, 5, 5, 5, 7]","[1, 1, 0, 0, 0, 0, 1, 0, 0, 0]",1
27,1,18,"[2, 6, 2, 3, 3, 3, 3, 3, 2, 3]","[0, 0, 1, 0, 0, 0, 0, 1, 0, 0]",1
27,1,19,"[3, 3, 3, 5, 2, 3, 1, 1, 3, 3]","[1, 0, 0, 0, 0, 0, 0, 0, 0, 0]",1
27,1,20,"[7, 4, 5, 6, 3, 4, 4, 4, 4, 4]","[1, 0, 1, 0, 0, 1, 0, 0, 0, 0]",1
27,1,21,"[5, 7, 5, 6, 6, 5, 4, 4, 4, 5]","[0, 1, 1, 0, 0, 1, 0, 0, 0, 1]",1
27,1,22,"[7, 3, 4, 3, 3, 2, 3, 3, 3, 3]","[0, 0, 0, 0, 0, 0, 0, 0, 0, 1]",1
27,1,23,"[1, 1, 2, 4, 6, 1, 1, 6, 3, 1]","[0, 0, 0, 0, 0, 0, 0, 0, 0, 0]",1
27,1,24,"[5, 4, 4, 8, 5, 5, 5, 7, 3, 6]","[0, 1, 0, 1, 0, 0, 1, 0, 0, 0]",1
27,1,25,"[3, 3, 3, 3, 3, 4, 8, 3, 2, 3]","[1, 0, 0, 0, 0, 0, 1, 0, 0, 0]",1
27,1,26,"[7, 9, 9, 9, 9, 9, 9, 9, 3, 9]","[0, 0, 1, 1, 1, 0, 1, 1, 0, 0]",1
27,1,27,"[4, 4, 4, 4, 4, 4, 4, 4, 4, 5]","[0, 0, 0, 0, 1, 0, 0, 1, 1, 0]",1
27,1,28,"[3, 3, 3, 3, 3, 3, 2, 3, 4, 4]","[0, 0, 0, 0, 0, 0, 0, 0, 0, 0]",1
27,1,29,"[9, 5, 9, 9, 9, 9, 6, 9, 6, 9]","[0, 0, 0, 0, 0, 1, 0, 0, 0, 1]",1
27,1,30,"[7, 7, 6, 1, 7, 1, 2, 6, 8, 7]","[0, 0, 0, 0, 0, 0, 0, 0, 1, 0]",1
27,1,31,"[4, 4, 4, 3, 4, 3, 6, 5, 5, 4]","[0, 0, 0, 0, 0, 0, 1, 0, 0, 0]",1
27,1,32,"[5, 3, 3, 2, 6, 3, 2, 5, 4, 8]","[1, 0, 0, 0, 0, 0, 0, 0, 1, 1]",1
27,1,33,"[3, 3, 3, 3, 6, 3, 3, 3, 4, 5]","[0, 0, 0, 0, 0, 0, 0, 0, 0, 0]",1
27,1,34,"[5, 7, 4, 6, 5, 5, 6, 6, 5, 5]","[0, 0, 0, 0, 0, 1, 0, 0, 0, 0]",1
27,1,35,"[6, 2, 2, 4, 9, 4, 8, 2, 4, 3]","[0, 0, 0, 0, 0, 0, 0, 0, 1, 0]",1
27,1,36,"[3, 6, 5, 5, 7, 6, 5, 4, 8, 6]","[0, 0, 0, 0, 0, 0, 0, 0, 0, 0]",1
27,1,37,"[3, 3, 3, 4, 2, 4, 5, 4, 4, 4]","[0, 0, 0, 0, 0, 0, 1, 0, 0, 1]",1
27,1,38,"[4, 9, 4, 4, 3, 4, 5, 2, 4, 3]","[0, 1, 1, 0, 0, 1, 0, 0, 0, 0]",1
27,1,39,"[3, 1, 7, 6, 2, 1, 1, 5, 5, 1]","[1, 1, 1, 0, 1, 0, 0, 1, 1, 0]",1
27,1,40,"[2, 2, 2, 2, 3, 2, 2, 2, 2, 2]","[0, 0, 0, 0, 0, 0, 0, 0, 0, 0]",1
27,1,41,"[4, 5, 4, 6, 2, 4, 4, 4, 3, 4]","[0, 0, 0, 0, 0, 0, 0, 0, 0, 0]",1
27,1,42,"[2, 3, 3, 3, 2, 7, 3, 4, 2, 3]","[0, 0, 0, 1, 0, 0, 1, 1, 0, 0]",1
27,1,43,"[1, 3, 2, 2, 4, 1, 1, 4, 3, 3]","[0, 0, 0, 0, 0, 0, 0, 0, 0, 0]",1
27,1,44,"[3, 7, 4, 4, 6, 7, 3, 3, 4, 4]","[0, 0, 0, 0, 0, 1, 0, 0, 0, 0]",1
27,1,45,"[6, 6, 3, 3, 4, 1, 6, 4, 4, 1]","[0, 1, 0, 0, 0, 0, 0, 0, 0, 0]",1
27,1,46,"[3, 2, 3, 4, 3, 4, 3, 4, 3, 2]","[0, 0, 1, 0, 0, 0, 0, 0, 0, 0]",1
27,1,47,"[4, 5, 6, 4, 5, 4, 5, 4, 8, 4]","[1, 0, 1, 0, 0, 0, 0, 0, 0, 0]",1
27,1,48,"[4, 5, 4, 5, 4, 5, 5, 5, 5, 5]","[0, 0, 0, 0, 0, 0, 0, 0, 0, 0]",1
27,1,49,"[5, 2, 4, 4, 5, 4, 7, 8, 7, 6]","[1, 0, 0, 0, 0, 0, 1, 1, 0, 1]",1
27,1,50,"[4, 5, 4, 7, 5, 4, 4, 4, 5, 5]","[0, 1, 0, 1, 0, 0, 0, 0, 1, 0]",1
27,1,51,"[3, 3, 3, 5, 2, 2, 3, 3, 3, 2]","[0, 0, 0, 0, 1, 1, 0, 0, 0, 0]",1
27,1,52,"[4, 4, 1, 6, 3, 2, 2, 7, 4, 2]","[0, 1, 0, 0, 1, 0, 1, 1, 1, 1]",1
27,1,53,"[3, 3, 3, 3, 3, 3, 3, 3, 2, 3]","[0, 0, 0, 0, 0, 0, 0, 0, 0, 1]",1
27,1,54,"[8, 3, 2, 3, 3, 2, 3, 3, 3, 4]","[0, 0, 0, 0, 0, 0, 0, 0, 0, 1]",1
27,1,55,"[4, 4, 3, 5, 6, 1, 6, 4, 5, 9]","[0, 0, 0, 0, 0, 0, 0, 0, 1, 0]",1
27,1,56,"[5, 6, 4, 4, 3, 6, 4, 3, 4, 4]","[1, 0, 0, 0, 0, 0, 0, 0, 1, 0]",1
27,1,57,"[4, 5, 4, 5, 5, 2, 5, 7, 3, 4]","[0, 0, 0, 0, 0, 0, 0, 0, 0, 0]",1
27,1,58,"[4, 2, 3, 6, 3, 4, 5, 3, 5, 2]","[0, 0, 0, 1, 0, 0, 0, 1, 0, 0]",1
27,1,59,"[3, 6, 3, 5, 3, 3, 3, 6, 6, 2]","[0, 1, 0, 0, 0, 0, 1, 0, 0, 0]",1
27,1,60,"[3, 6, 2, 4, 3, 1, 4, 3, 8, 3]","[0, 0, 0, 0, 0, 0, 0, 0, 0, 0]",1
27,1,61,"[4, 3, 4, 3, 4, 3, 4, 4, 4, 4]","[1, 0, 0, 0, 1, 0, 0, 0, 1, 0]",1
27,1,62,"[9, 9, 9, 9, 9, 9, 9, 9, 8, 9]","[1, 0, 0, 1, 1, 0, 0, 0, 0, 1]",1
27,1,63,"[5, 6, 4, 6, 5, 5, 4, 5, 4, 5]","[0, 1, 1, 0, 1, 1, 1, 0, 0, 0]",1
27,1,64,"[6, 8, 6, 6, 6, 6, 6, 7, 5, 7]","[0, 1, 0, 0, 0, 0, 0, 0, 0, 0]",1
27,1,65,"[2, 2, 1, 2, 2, 2, 8, 6, 3, 3]","[0, 0, 0, 0, 0, 0, 0, 0, 0, 0]",1
27,1,66,"[4, 4, 4, 4, 5, 2, 5, 3, 4, 5]","[0, 1, 0, 1, 1, 1, 1, 1, 1, 0]",1
27,1,67,"[2, 4, 7, 4, 4, 4, 3, 6, 4, 7]","[0, 0, 1, 1, 0, 1, 0, 1, 0, 0]",1
27,1,68,"[3, 4, 3, 4, 3, 5, 3, 4, 1, 3]","[0, 0, 0, 0, 0, 0, 0, 0, 0, 0]",1
27,1,69,"[6, 4, 4, 4, 4, 2, 5, 4, 6, 2]","[0, 0, 0, 1, 0, 1, 0, 0, 0, 0]",1
27,1,70,"[5, 5, 5, 4, 7, 5, 5, 5, 3, 6]","[1, 0, 1, 0, 0, 1, 0, 0, 0, 0]",1
27,1,71,"[3, 3, 3, 3, 2, 3, 3, 3, 3, 3]","[1, 0, 0, 0, 0, 0, 0, 1, 1, 0]",1
27,1,72,"[4, 4, 5, 4, 4, 4, 4, 3, 4, 4]","[0, 0, 0, 0, 0, 0, 0, 0, 1, 1]",1
27,1,73,"[6, 1, 1, 7, 3, 1, 1, 5, 4, 7]","[1, 0, 1, 1, 1, 1, 0, 0, 1, 1]",1
27,1,74,"[1, 4, 8, 1, 4, 2, 3, 3, 3, 4]","[0, 0, 1, 0, 1, 1, 0, 0, 0, 0]",1
27,1,75,"[3, 3, 2, 3, 4, 3, 3, 3, 2, 2]","[0, 0, 0, 1, 0, 0, 0, 0, 0, 0]",1
27,1,76,"[3, 2, 1, 7, 3, 3, 1, 2, 2, 4]","[0, 0, 0, 0, 0, 0, 0, 0, 0, 0]",1
27,1,77,"[5, 3, 4, 5, 4, 8, 4, 3, 3, 4]","[0, 0, 0, 0, 0, 1, 1, 1, 0, 0]",1
27,1,78,"[8, 6, 4, 4, 4, 3, 4, 3, 4, 4]","[1, 1, 0, 0, 0, 1, 0, 0, 0, 0]",1
27,1,79,"[5, 4, 4, 4, 4, 4, 4, 4, 4, 4]","[1, 0, 0, 0, 1, 0, 0, 0, 0, 0]",1
27,1,80,"[7, 8, 7, 7, 7, 7, 7, 7, 7, 5]","[1, 0, 0, 1, 1, 0, 0, 1, 1, 0]",1
27,1,81,"[5, 4, 4, 5, 5, 7, 6, 5, 6, 7]","[0, 0, 1, 0, 1, 1, 0, 0, 0, 1]",1
27,1,82,"[5, 3, 4, 4, 4, 4, 3, 5, 4, 6]","[0, 1, 0, 0, 0, 0, 0, 0, 0, 0]",1
27,1,83,"[7, 5, 4, 5, 7, 4, 6, 3, 6, 2]","[0, 1, 1, 0, 0, 1, 0, 1, 0, 0]",1
27,1,84,"[1, 1, 1, 8, 2, 3, 1, 1, 1, 1]","[1, 0, 0, 0, 0, 1, 0, 1, 0, 0]",1
27,1,85,"[6, 6, 6, 6, 6, 6, 6, 5, 6, 6]","[0, 0, 0, 1, 0, 0, 1, 0, 1, 0]",1
27,1,86,"[6, 5, 5, 6, 1, 1, 6, 6, 6, 6]","[1, 1, 0, 0, 0, 0, 0, 1, 0, 1]",1
27,1,87,"[4, 5, 4, 3, 4, 6, 4, 4, 2, 5]","[0, 0, 1, 1, 1, 0, 0, 0, 0, 1]",1
27,1,88,"[3, 2, 4, 3, 1, 3, 3, 3, 1, 2]","[0, 0, 0, 0, 0, 0, 0, 0, 0, 0]",1
27,1,89,"[5, 6, 6, 6, 7, 6, 6, 6, 7, 6]","[0, 1, 0, 1, 0, 0, 0, 0, 0, 0]",1
27,1,90,"[7, 7, 7, 6, 7, 7, 6, 6, 7, 7]","[0, 0, 1, 0, 0, 0, 0, 0, 0, 1]",1
27,1,91,"[3, 3, 4, 3, 2, 1, 4, 5, 2, 7]","[0, 0, 0, 0, 0, 0, 0, 0, 0, 0]",1
27,1,92,"[4, 5, 4, 5, 3, 6, 6, 3, 3, 6]","[0, 0, 0, 1, 0, 1, 1, 1, 0, 1]",1
27,1,93,"[4, 3, 3, 5, 1, 1, 2, 4, 2, 1]","[0, 0, 1, 1, 1, 0, 0, 0, 1, 0]",1
27,1,94,"[4, 3, 4, 4, 9, 6, 4, 5, 3, 8]","[1, 0, 0, 0, 0, 0, 1, 0, 0, 1]",1
27,1,95,"[3, 3, 3, 3, 2, 2, 4, 4, 2, 3]","[0, 0, 1, 0, 0, 0, 0, 0, 0, 0]",1
27,1,96,"[7, 5, 4, 6, 5, 6, 5, 5, 6, 4]","[0, 1, 0, 1, 0, 1, 1, 0, 1, 0]",1
27,1,97,"[2, 2, 3, 1, 3, 2, 2, 2, 2, 4]","[0, 0, 0, 0, 1, 0, 0, 0, 0, 0]",1
27,1,98,"[9, 6, 6, 3, 9, 9, 9, 7, 3, 3]","[1, 0, 0, 1, 1, 1, 1, 0, 0, 0]",1
27,1,99,"[5, 4, 2, 3, 4, 5, 4, 3, 4, 4]","[0, 0, 0, 0, 0, 0, 0, 0, 0, 0]",1
27,1,100,"[4, 4, 3, 3, 3, 3, 5, 3, 2, 2]","[0, 0, 0, 1, 0, 0, 0, 0, 0, 0]",1
27,1,101,"[4, 6, 5, 5, 3, 3, 5, 6, 3, 3]","[0, 1, 0, 0, 0, 0, 0, 0, 0, 0]",1
27,1,102,"[1, 3, 1, 3, 4, 4, 1, 4, 1, 4]","[0, 0, 0, 1, 0, 0, 1, 1, 0, 0]",1
27,1,103,"[2, 2, 1, 2, 3, 2, 3, 2, 1, 2]","[0, 0, 0, 0, 0, 0, 0, 0, 0, 0]",1
27,1,104,"[8, 1, 9, 4, 9, 8, 8, 9, 9, 8]","[0, 0, 1, 0, 1, 1, 0, 1, 1, 1]",1
27,1,105,"[3, 6, 5, 5, 8, 5, 3, 4, 5, 5]","[1, 0, 0, 1, 1, 1, 0, 1, 0, 1]",1
27,1,106,"[4, 5, 4, 5, 5, 5, 4, 5, 5, 3]","[0, 1, 0, 0, 1, 0, 0, 0, 1, 0]",1
27,1,107,"[5, 3, 4, 3, 2, 3, 4, 4, 3, 3]","[0, 0, 0, 0, 0, 0, 0, 0, 0, 0]",1
27,1,108,"[4, 4, 4, 5, 4, 4, 5, 5, 4, 3]","[0, 0, 1, 0, 0, 0, 1, 0, 0, 1]",1
27,1,109,"[2, 2, 4, 3, 6, 4, 3, 5, 4, 4]","[0, 0, 0, 0, 0, 0, 0, 0, 0, 0]",1
27,1,110,"[2, 8, 5, 4, 3, 2, 3, 4, 3, 4]","[0, 0, 0, 1, 0, 0, 0, 0, 0, 0]",1
27,1,111,"[5, 6, 5, 6, 4, 3, 5, 5, 5, 3]","[0, 1, 0, 1, 1, 0, 0, 0, 0, 1]",1
27,1,112,"[5, 5, 5, 5, 5, 4, 7, 5, 6, 5]","[0, 0, 0, 1, 0, 0, 0, 1, 1, 1]",1
27,1,113,"[4, 4, 5, 2, 4, 4, 5, 2, 3, 4]","[0, 0, 1, 0, 1, 0, 0, 0, 0, 0]",1
27,1,114,"[4, 2, 7, 4, 1, 2, 3, 4, 3, 2]","[0, 0, 1, 1, 1, 0, 0, 0, 0, 0]",1
27,1,115,"[5, 5, 5, 5, 5, 5, 6, 4, 6, 6]","[0, 1, 1, 0, 1, 1, 1, 0, 0, 0]",1
27,1,116,"[5, 6, 5, 5, 4, 4, 3, 2, 5, 5]","[0, 0, 0, 0, 0, 1, 1, 0, 0, 0]",1
27,1,117,"[3, 3, 4, 2, 4, 2, 3, 3, 2, 3]","[0, 1, 0, 0, 0, 1, 0, 1, 0, 0]",1
27,1,118,"[5, 8, 6, 5, 5, 6, 8, 4, 7, 3]","[0, 0, 1, 1, 0, 0, 0, 0, 0, 0]",1
27,1,119,"[4, 6, 6, 5, 5, 5, 5, 5, 5, 9]","[0, 0, 0, 1, 0, 0, 1, 0, 0, 1]",1
27,1,120,"[6, 5, 6, 5, 7, 7, 4, 6, 5, 7]","[1, 1, 0, 1, 0, 0, 1, 0, 1, 1]",1
27,1,121,"[4, 5, 2, 8, 4, 4, 4, 3, 4, 3]","[0, 0, 0, 1, 0, 1, 0, 0, 0, 0]",1
27,1,122,"[4, 3, 4, 3, 3, 4, 4, 4, 4, 4]","[0, 0, 0, 0, 0, 0, 0, 0, 0, 0]",1
27,1,123,"[5, 3, 2, 1, 4, 4, 4, 3, 3, 3]","[0, 0, 0, 0, 1, 1, 0, 0, 0, 0]",1
27,1,124,"[8, 1, 7, 2, 5, 3, 5, 5, 3, 3]","[0, 0, 0, 0, 0, 0, 1, 0, 0, 0]",1
27,1,125,"[3, 2, 3, 3, 3, 3, 3, 3, 3, 2]","[0, 0, 0, 0, 0, 0, 0, 0, 0, 0]",1
27,1,126,"[5, 1, 3, 4, 4, 3, 3, 4, 6, 4]","[0, 0, 0, 0, 0, 0, 0, 0, 0, 0]",1
27,1,127,"[4, 4, 4, 4, 4, 3, 6, 4, 3, 4]","[0, 0, 0, 0, 1, 0, 0, 1, 1, 0]",1
27,1,128,"[5, 5, 6, 5, 5, 5, 5, 5, 7, 4]","[0, 1, 1, 1, 0, 1, 0, 0, 1, 0]",1
27,1,129,"[6, 4, 3, 7, 5, 4, 6, 4, 3, 2]","[0, 0, 0, 0, 1, 1, 1, 0, 1, 0]",1
27,1,130,"[5, 5, 5, 7, 5, 8, 5, 5, 5, 7]","[0, 0, 0, 0, 0, 1, 0, 1, 0, 0]",1
27,1,131,"[1, 1, 1, 1, 1, 7, 8, 6, 7, 7]","[0, 0, 0, 0, 0, 0, 1, 0, 1, 1]",1
27,1,132,"[3, 3, 3, 2, 6, 4, 4, 3, 2, 3]","[1, 0, 0, 0, 0, 0, 1, 0, 0, 0]",1
27,1,133,"[3, 3, 2, 3, 3, 3, 2, 3, 3, 2]","[0, 0, 0, 0, 0, 0, 0, 0, 0, 0]",1
27,1,134,"[3, 6, 7, 3, 6, 6, 4, 6, 6, 6]","[0, 0, 0, 0, 1, 0, 0, 0, 0, 0]",1
27,1,135,"[5, 4, 5, 6, 4, 6, 4, 5, 6, 4]","[0, 0, 0, 0, 0, 0, 0, 0, 0, 0]",1
27,1,136,"[4, 4, 5, 3, 8, 4, 4, 5, 4, 4]","[0, 1, 1, 0, 0, 0, 0, 0, 0, 1]",1
27,1,137,"[2, 4, 2, 2, 1, 6, 2, 5, 5, 3]","[0, 1, 0, 0, 0, 0, 0, 0, 1, 0]",1
27,1,138,"[7, 7, 7, 8, 6, 7, 6, 7, 7, 1]","[0, 0, 1, 0, 0, 1, 0, 0, 1, 0]",1
27,1,139,"[5, 5, 4, 3, 3, 4, 6, 3, 4, 4]","[0, 0, 0, 0, 0, 0, 0, 0, 0, 0]",1
27,1,140,"[5, 5, 4, 6, 6, 5, 6, 6, 5, 4]","[0, 0, 1, 0, 1, 1, 1, 1, 1, 0]",1
27,1,141,"[5, 6, 2, 2, 3, 5, 2, 7, 3, 8]","[0, 0, 0, 0, 0, 1, 0, 1, 0, 1]",1
27,1,142,"[3, 4, 5, 5, 3, 4, 5, 5, 5, 4]","[0, 0, 1, 1, 0, 0, 0, 0, 0, 1]",1
27,1,143,"[3, 3, 4, 4, 4, 3, 3, 3, 4, 3]","[0, 0, 0, 1, 0, 1, 0, 0, 0, 0]",1
27,1,144,"[6, 5, 6, 6, 5, 6, 6, 6, 6, 5]","[1, 0, 1, 1, 0, 1, 1, 0, 1, 0]",1
27,1,145,"[5, 5, 3, 1, 5, 6, 4, 6, 5, 6]","[0, 0, 0, 0, 1, 0, 0, 0, 0, 0]",1
27,1,146,"[7, 6, 6, 6, 6, 6, 6, 6, 6, 6]","[0, 0, 1, 0, 0, 0, 0, 0, 0, 0]",1
27,1,147,"[4, 6, 6, 5, 2, 1, 2, 4, 5, 5]","[0, 0, 0, 0, 0, 0, 0, 0, 0, 1]",1
27,1,148,"[7, 4, 5, 5, 5, 4, 4, 4, 6, 6]","[0, 1, 0, 0, 0, 0, 0, 1, 1, 1]",1
27,1,149,"[7, 4, 4, 5, 4, 4, 4, 4, 4, 4]","[0, 0, 0, 0, 0, 0, 0, 0, 0, 0]",1
27,1,150,"[2, 1, 4, 5, 4, 3, 1, 4, 2, 4]","[0, 0, 0, 0, 0, 0, 0, 0, 0, 0]",1
27,1,151,"[3, 3, 3, 4, 3, 3, 3, 3, 4, 4]","[0, 0, 0, 0, 0, 0, 0, 0, 0, 0]",1
27,1,152,"[3, 3, 4, 4, 3, 3, 3, 3, 4, 4]","[0, 0, 1, 0, 0, 0, 0, 1, 0, 0]",1
27,1,153,"[4, 4, 3, 4, 3, 2, 1, 5, 6, 3]","[0, 0, 1, 0, 0, 0, 0, 1, 0, 0]",1
27,1,154,"[3, 3, 3, 3, 2, 3, 4, 4, 3, 3]","[0, 0, 0, 0, 0, 0, 0, 0, 0, 0]",1
27,1,155,"[5, 5, 4, 5, 4, 6, 4, 1, 4, 4]","[0, 0, 0, 1, 0, 1, 0, 0, 0, 1]",1
27,1,156,"[3, 3, 2, 2, 4, 3, 2, 4, 3, 3]","[0, 0, 0, 0, 0, 0, 1, 0, 0, 0]",1
27,1,157,"[4, 4, 4, 5, 4, 4, 4, 8, 5, 4]","[0, 0, 0, 0, 0, 0, 0, 0, 0, 0]",1
27,1,158,"[8, 8, 3, 2, 2, 3, 2, 8, 8, 5]","[1, 0, 0, 0, 0, 0, 0, 1, 0, 0]",1
27,1,159,"[6, 5, 7, 5, 5, 5, 2, 5, 5, 5]","[0, 0, 0, 1, 0, 0, 0, 0, 1, 0]",1
27,1,160,"[3, 6, 2, 1, 4, 6, 7, 4, 5, 7]","[1, 1, 0, 0, 1, 0, 0, 0, 1, 1]",1
27,1,161,"[2, 5, 5, 4, 5, 5, 5, 3, 4, 5]","[0, 0, 0, 1, 1, 0, 1, 0, 1, 1]",1
27,1,162,"[6, 7, 6, 6, 7, 5, 5, 7, 6, 4]","[0, 1, 1, 1, 1, 1, 1, 1, 1, 1]",1
27,1,163,"[5, 5, 2, 6, 5, 9, 5, 5, 5, 5]","[0, 0, 0, 0, 0, 0, 1, 0, 0, 0]",1
27,1,164,"[3, 9, 9, 5, 8, 9, 8, 5, 3, 9]","[0, 0, 0, 0, 0, 0, 1, 0, 0, 0]",1
27,1,165,"[1, 1, 4, 3, 2, 7, 3, 2, 5, 3]","[0, 0, 0, 0, 0, 0, 0, 0, 0, 0]",1
27,1,166,"[4, 5, 4, 5, 5, 5, 4, 5, 3, 5]","[0, 1, 0, 0, 0, 1, 0, 0, 0, 0]",1
27,1,167,"[9, 9, 9, 9, 9, 9, 9, 9, 9, 9]","[0, 0, 1, 0, 0, 0, 1, 0, 1, 0]",1
27,1,168,"[6, 4, 7, 3, 3, 3, 2, 5, 4, 4]","[1, 1, 0, 0, 0, 0, 0, 0, 1, 0]",1
27,1,169,"[4, 6, 6, 8, 4, 6, 6, 4, 5, 7]","[0, 0, 0, 0, 0, 1, 1, 0, 0, 1]",1
27,1,170,"[9, 4, 5, 3, 5, 4, 6, 3, 6, 5]","[0, 0, 0, 1, 0, 0, 1, 0, 1, 0]",1
27,1,171,"[7, 4, 7, 5, 8, 2, 7, 7, 1, 3]","[1, 0, 1, 0, 1, 0, 1, 1, 1, 1]",1
27,1,172,"[2, 3, 4, 4, 4, 4, 4, 8, 5, 4]","[0, 0, 0, 0, 0, 0, 0, 1, 1, 1]",1
27,1,173,"[6, 3, 6, 5, 5, 2, 4, 8, 4, 5]","[0, 0, 0, 0, 0, 0, 0, 0, 0, 0]",1
27,1,174,"[5, 6, 4, 5, 7, 5, 3, 5, 7, 4]","[0, 0, 1, 1, 1, 1, 0, 0, 0, 0]",1
27,1,175,"[2, 2, 1, 1, 2, 2, 2, 2, 3, 2]","[0, 0, 0, 0, 0, 0, 0, 0, 0, 0]",1
27,1,176,"[1, 8, 4, 8, 4, 1, 9, 4, 8, 9]","[0, 0, 0, 1, 0, 1, 1, 0, 0, 1]",1
27,1,177,"[8, 2, 4, 9, 1, 8, 2, 8, 7, 4]","[1, 0, 0, 0, 0, 1, 1, 1, 1, 0]",1
27,1,178,"[5, 6, 3, 4, 6, 6, 7, 6, 4, 4]","[0, 0, 0, 0, 1, 1, 0, 0, 0, 1]",1
27,1,179,"[5, 4, 6, 3, 3, 7, 6, 4, 4, 4]","[1, 0, 0, 1, 0, 0, 0, 0, 1, 0]",1
27,1,180,"[3, 3, 3, 3, 3, 4, 4, 4, 5, 3]","[1, 1, 0, 0, 0, 1, 1, 0, 0, 0]",1
27,1,181,"[5, 6, 5, 6, 3, 4, 6, 6, 7, 2]","[0, 1, 0, 0, 0, 0, 0, 0, 0, 0]",1
27,1,182,"[4, 4, 2, 4, 4, 4, 4, 4, 3, 5]","[1, 0, 1, 0, 0, 0, 1, 0, 1, 1]",1
27,1,183,"[8, 3, 4, 3, 3, 6, 6, 9, 4, 2]","[0, 0, 0, 0, 0, 0, 1, 0, 0, 0]",1
27,1,184,"[3, 8, 4, 4, 3, 3, 4, 6, 4, 4]","[0, 0, 0, 0, 0, 0, 0, 0, 0, 0]",1
27,1,185,"[7, 6, 7, 2, 6, 6, 6, 5, 6, 8]","[0, 1, 1, 0, 0, 0, 1, 0, 0, 1]",1
27,1,186,"[6, 6, 4, 4, 4, 6, 6, 3, 4, 4]","[0, 0, 0, 0, 0, 1, 0, 0, 1, 1]",1
27,1,187,"[4, 6, 7, 6, 6, 2, 6, 5, 5, 4]","[0, 1, 0, 1, 0, 0, 0, 0, 0, 0]",1
27,1,188,"[2, 2, 2, 2, 2, 8, 2, 2, 3, 3]","[0, 0, 0, 0, 1, 1, 0, 0, 1, 0]",1
27,1,189,"[2, 7, 9, 7, 2, 2, 3, 3, 3, 4]","[0, 0, 1, 0, 1, 0, 0, 0, 0, 0]",1
27,1,190,"[2, 4, 4, 3, 3, 4, 4, 3, 3, 3]","[1, 0, 1, 1, 0, 1, 1, 0, 0, 0]",1
27,1,191,"[2, 4, 5, 5, 5, 4, 5, 5, 6, 5]","[0, 0, 1, 0, 0, 0, 0, 0, 0, 1]",1
27,1,192,"[5, 5, 5, 5, 4, 5, 5, 4, 3, 5]","[0, 0, 0, 0, 0, 1, 0, 0, 0, 1]",1
27,1,193,"[8, 4, 4, 4, 6, 4, 7, 3, 5, 3]","[1, 0, 1, 0, 0, 0, 0, 0, 0, 0]",1
27,1,194,"[5, 8, 4, 4, 2, 5, 4, 4, 5, 5]","[1, 1, 0, 0, 0, 0, 1, 0, 1, 1]",1
27,1,195,"[1, 1, 1, 3, 2, 8, 1, 7, 1, 6]","[0, 0, 0, 0, 0, 0, 0, 0, 0, 0]",1
27,1,196,"[3, 3, 3, 3, 9, 4, 2, 2, 5, 3]","[0, 0, 0, 0, 1, 0, 0, 0, 0, 0]",1
27,1,197,"[2, 2, 3, 3, 2, 2, 2, 1, 2, 2]","[0, 0, 0, 0, 0, 0, 1, 1, 0, 0]",1
27,1,198,"[3, 5, 6, 1, 1, 4, 2, 4, 4, 4]","[0, 0, 1, 0, 0, 0, 0, 0, 1, 1]",1
27,1,199,"[2, 3, 3, 3, 4, 3, 3, 3, 3, 3]","[0, 0, 0, 0, 0, 0, 0, 0, 0, 0]",1
27,1,200,"[2, 3, 2, 2, 2, 2, 7, 2, 2, 2]","[0, 0, 0, 0, 0, 0, 0, 0, 0, 0]",1
27,1,201,"[6, 3, 4, 9, 7, 6, 4, 3, 4, 4]","[0, 0, 0, 1, 1, 0, 0, 0, 0, 0]",1
27,1,202,"[6, 5, 4, 3, 4, 4, 4, 9, 3, 4]","[0, 0, 0, 0, 0, 0, 0, 0, 0, 0]",1
27,1,203,"[4, 4, 4, 4, 3, 3, 6, 3, 4, 4]","[0, 1, 0, 0, 0, 1, 1, 0, 1, 0]",1
27,1,204,"[1, 2, 2, 2, 3, 9, 2, 2, 2, 3]","[0, 0, 0, 0, 0, 0, 0, 0, 0, 0]",1
27,1,205,"[6, 5, 5, 5, 5, 6, 3, 5, 6, 6]","[1, 1, 1, 0, 1, 1, 1, 0, 1, 0]",1
27,1,206,"[1, 2, 2, 2, 2, 2, 2, 2, 2, 2]","[0, 0, 0, 0, 0, 0, 0, 0, 0, 0]",1
27,1,207,"[2, 7, 3, 2, 2, 3, 4, 2, 2, 2]","[0, 1, 0, 0, 0, 0, 0, 0, 0, 0]",1
27,1,208,"[1, 8, 5, 4, 5, 4, 4, 4, 1, 4]","[0, 1, 1, 0, 0, 1, 0, 1, 1, 0]",1
27,1,209,"[5, 4, 5, 6, 5, 5, 3, 5, 5, 4]","[1, 0, 0, 1, 1, 0, 0, 0, 0, 0]",1
28,0,0,"[8, 3, 6, 6, 5, 3, 3, 7, 7, 3]","[1, 0, 0, 0, 0, 0, 0, 0, 0, 0]",1
28,0,1,"[4, 6, 6, 6, 5, 6, 5, 6, 8, 6]","[0, 0, 0, 0, 1, 0, 0, 0, 0, 0]",1
28,0,2,"[5, 5, 9, 4, 8, 5, 6, 5, 5, 6]","[1, 0, 1, 0, 0, 0, 1, 0, 0, 0]",1
28,0,3,"[5, 7, 5, 4, 2, 7, 6, 4, 6, 5]","[0, 0, 1, 0, 0, 0, 0, 0, 1, 0]",1
28,0,4,"[4, 4, 3, 3, 9, 5, 8, 5, 3, 6]","[0, 1, 0, 0, 1, 0, 1, 0, 0, 1]",1
28,0,5,"[7, 6, 8, 4, 6, 6, 4, 5, 7, 6]","[0, 0, 0, 0, 1, 0, 0, 0, 1, 0]",1
28,0,6,"[4, 4, 4, 4, 3, 4, 4, 5, 4, 3]","[0, 0, 0, 1, 0, 0, 0, 0, 0, 1]",1
28,0,7,"[7, 7, 8, 7, 5, 8, 5, 8, 7, 7]","[0, 0, 0, 1, 0, 0, 0, 1, 1, 1]",1
28,0,8,"[4, 5, 5, 4, 3, 4, 5, 5, 8, 3]","[1, 0, 0, 0, 0, 0, 0, 1, 1, 0]",1
28,0,9,"[3, 5, 6, 7, 5, 4, 5, 6, 4, 6]","[0, 0, 0, 0, 1, 0, 0, 0, 0, 0]",1
28,0,10,"[5, 2, 4, 5, 3, 4, 4, 4, 4, 4]","[0, 0, 0, 0, 0, 0, 0, 0, 0, 0]",1
28,0,11,"[5, 5, 5, 5, 5, 5, 5, 4, 5, 5]","[0, 0, 1, 1, 0, 1, 0, 1, 1, 0]",1
28,0,12,"[6, 6, 6, 7, 8, 6, 6, 6, 6, 5]","[0, 0, 1, 0, 0, 0, 0, 0, 1, 1]",1
28,0,13,"[1, 5, 8, 4, 6, 3, 4, 4, 4, 4]","[0, 0, 1, 0, 0, 0, 0, 0, 0, 0]",1
28,0,14,"[5, 5, 7, 6, 5, 6, 5, 5, 5, 6]","[0, 0, 0, 0, 0, 0, 0, 0, 0, 0]",1
28,0,15,"[4, 4, 8, 4, 3, 5, 4, 4, 5, 4]","[0, 1, 0, 1, 1, 1, 1, 1, 0, 0]",1
28,0,16,"[8, 7, 4, 3, 4, 1, 2, 8, 9, 5]","[1, 0, 0, 0, 0, 0, 0, 1, 0, 0]",1
28,0,17,"[8, 5, 2, 8, 5, 7, 5, 6, 5, 5]","[0, 0, 0, 0, 0, 1, 0, 1, 0, 0]",1
28,0,18,"[8, 7, 1, 6, 8, 7, 7, 7, 4, 6]","[1, 0, 0, 0, 1, 0, 0, 0, 1, 1]",1
28,0,19,"[3, 2, 2, 1, 6, 2, 2, 1, 6, 3]","[0, 0, 0, 0, 0, 0, 0, 0, 0, 0]",1
28,0,20,"[5, 5, 4, 5, 4, 7, 7, 7, 5, 6]","[0, 1, 0, 1, 0, 1, 0, 0, 0, 0]",1
28,0,21,"[3, 9, 1, 7, 8, 8, 9, 5, 9, 9]","[0, 1, 0, 0, 1, 0, 0, 0, 0, 0]",1
28,0,22,"[4, 4, 4, 4, 4, 4, 5, 4, 4, 3]","[0, 0, 0, 0, 1, 0, 0, 0, 0, 0]",1
28,0,23,"[4, 3, 3, 5, 4, 3, 3, 5, 3, 5]","[0, 0, 0, 0, 0, 0, 0, 0, 0, 1]",1
28,0,24,"[6, 3, 3, 6, 6, 4, 5, 3, 4, 6]","[0, 0, 0, 0, 0, 1, 0, 0, 1, 0]",1
28,0,25,"[5, 6, 6, 6, 5, 6, 6, 6, 6, 6]","[0, 0, 0, 0, 0, 0, 0, 0, 1, 0]",1
28,0,26,"[9, 8, 9, 9, 5, 9, 5, 9, 9, 9]","[0, 1, 0, 0, 0, 1, 0, 0, 0, 1]",1
28,0,27,"[6, 5, 6, 6, 6, 6, 6, 6, 6, 6]","[0, 0, 0, 0, 0, 0, 0, 1, 1, 0]",1
28,0,28,"[5, 5, 5, 5, 5, 7, 5, 4, 5, 5]","[0, 0, 0, 0, 0, 1, 0, 0, 0, 0]",1
28,0,29,"[9, 8, 9, 9, 9, 9, 9, 9, 8, 9]","[0, 0, 0, 0, 0, 0, 0, 0, 0, 0]",1
28,0,31,"[3, 4, 4, 3, 6, 5, 4, 6, 5, 5]","[0, 0, 0, 0, 1, 0, 0, 0, 0, 0]",1
28,0,32,"[5, 5, 5, 6, 1, 6, 4, 4, 5, 5]","[1, 1, 1, 1, 0, 0, 0, 0, 0, 0]",1
28,0,33,"[3, 3, 2, 3, 2, 3, 3, 5, 3, 3]","[0, 0, 0, 0, 0, 1, 0, 0, 1, 0]",1
28,0,34,"[5, 7, 8, 8, 7, 7, 6, 7, 7, 6]","[0, 0, 0, 0, 0, 1, 0, 1, 1, 1]",1
28,0,35,"[4, 6, 5, 7, 4, 4, 4, 4, 4, 4]","[0, 1, 0, 0, 0, 0, 0, 0, 0, 0]",1
28,0,36,"[9, 6, 4, 7, 8, 8, 9, 8, 9, 9]","[0, 0, 0, 0, 0, 0, 0, 0, 0, 0]",1
28,0,37,"[6, 4, 5, 5, 5, 7, 3, 7, 6, 5]","[1, 0, 0, 0, 0, 0, 0, 0, 1, 1]",1
28,0,38,"[5, 7, 4, 5, 4, 4, 5, 3, 6, 5]","[0, 1, 1, 0, 0, 0, 0, 0, 0, 0]",1
28,0,39,"[1, 1, 4, 1, 5, 1, 6, 2, 1, 3]","[0, 0, 0, 0, 0, 0, 0, 0, 1, 0]",1
28,0,40,"[2, 2, 3, 1, 2, 2, 2, 2, 1, 2]","[0, 0, 0, 0, 0, 0, 0, 0, 0, 0]",1
28,0,41,"[5, 6, 5, 5, 2, 6, 5, 5, 6, 6]","[0, 0, 0, 1, 0, 0, 0, 1, 0, 0]",1
28,0,42,"[4, 3, 3, 4, 3, 3, 4, 3, 9, 3]","[0, 0, 0, 0, 0, 0, 0, 0, 1, 0]",1
28,0,43,"[6, 7, 8, 5, 7, 6, 8, 6, 5, 7]","[0, 0, 0, 0, 0, 1, 0, 0, 1, 0]",1
28,0,44,"[3, 4, 5, 3, 6, 4, 4, 4, 4, 4]","[0, 0, 0, 0, 0, 0, 0, 0, 0, 0]",1
28,0,45,"[6, 4, 4, 6, 5, 5, 3, 4, 5, 3]","[1, 0, 0, 0, 0, 0, 0, 0, 1, 0]",1
28,0,46,"[3, 3, 4, 3, 3, 3, 4, 4, 3, 3]","[0, 1, 0, 0, 0, 0, 1, 0, 0, 0]",1
28,0,47,"[7, 6, 6, 6, 8, 7, 6, 6, 6, 9]","[1, 0, 0, 0, 0, 1, 0, 1, 1, 1]",1
28,0,48,"[5, 5, 5, 5, 2, 5, 6, 5, 4, 4]","[0, 1, 0, 0, 0, 0, 0, 1, 0, 1]",1
28,0,49,"[6, 5, 4, 4, 4, 4, 4, 5, 5, 4]","[0, 0, 0, 0, 1, 0, 0, 0, 0, 0]",1
28,0,50,"[7, 7, 7, 7, 5, 7, 4, 9, 4, 7]","[0, 1, 0, 1, 0, 0, 0, 0, 0, 0]",1
28,0,51,"[5, 7, 7, 6, 5, 7, 6, 6, 5, 6]","[0, 0, 0, 0, 0, 0, 0, 0, 0, 0]",1
28,0,52,"[1, 2, 5, 4, 2, 3, 2, 2, 5, 3]","[0, 0, 1, 0, 1, 0, 1, 1, 0, 0]",1
28,0,53,"[5, 4, 4, 4, 4, 4, 4, 4, 2, 5]","[0, 0, 0, 1, 0, 0, 0, 0, 0, 0]",1
28,0,54,"[4, 8, 3, 5, 8, 4, 3, 6, 6, 8]","[0, 1, 0, 1, 0, 0, 0, 0, 1, 0]",1
28,0,55,"[7, 7, 7, 7, 7, 7, 7, 7, 7, 7]","[0, 0, 0, 0, 0, 0, 0, 0, 0, 0]",1
28,0,56,"[1, 1, 1, 1, 1, 1, 1, 5, 1, 1]","[0, 1, 0, 0, 0, 0, 0, 1, 0, 0]",1
28,0,57,"[2, 4, 5, 5, 3, 4, 4, 6, 3, 5]","[0, 0, 0, 1, 0, 1, 0, 1, 0, 0]",1
28,0,58,"[3, 6, 5, 7, 4, 6, 7, 6, 6, 4]","[0, 0, 0, 0, 1, 1, 0, 0, 0, 0]",1
28,0,59,"[1, 3, 2, 3, 4, 3, 3, 4, 8, 4]","[0, 0, 0, 0, 0, 0, 0, 0, 0, 0]",1
28,0,60,"[4, 2, 4, 4, 3, 6, 6, 4, 3, 2]","[0, 1, 0, 0, 0, 0, 0, 0, 0, 0]",1
28,0,61,"[5, 6, 3, 3, 8, 4, 5, 5, 9, 4]","[0, 0, 0, 1, 0, 0, 0, 0, 0, 0]",1
28,0,62,"[8, 7, 7, 8, 8, 8, 7, 7, 8, 8]","[0, 0, 0, 0, 0, 0, 0, 1, 0, 0]",1
28,0,63,"[4, 7, 5, 5, 5, 5, 5, 5, 5, 5]","[0, 0, 1, 1, 1, 0, 0, 0, 0, 0]",1
28,0,64,"[5, 5, 4, 5, 5, 4, 6, 7, 8, 7]","[0, 0, 0, 0, 0, 0, 0, 0, 0, 1]",1
28,0,65,"[3, 3, 3, 3, 3, 7, 5, 4, 6, 3]","[0, 0, 1, 0, 0, 0, 0, 0, 0, 0]",1
28,0,66,"[5, 4, 4, 5, 6, 5, 4, 5, 6, 6]","[1, 1, 0, 0, 1, 0, 0, 0, 0, 0]",1
28,0,67,"[5, 2, 5, 5, 4, 6, 5, 4, 3, 5]","[0, 0, 0, 0, 0, 1, 0, 0, 0, 1]",1
28,0,68,"[5, 8, 2, 6, 6, 7, 8, 7, 7, 7]","[0, 1, 0, 1, 0, 1, 0, 0, 0, 0]",1
28,0,69,"[2, 4, 3, 5, 4, 4, 6, 5, 4, 4]","[0, 0, 0, 0, 0, 0, 0, 0, 0, 1]",1
28,0,70,"[6, 6, 6, 6, 6, 6, 2, 6, 6, 6]","[1, 1, 1, 0, 1, 0, 1, 0, 1, 0]",1
28,0,71,"[4, 5, 5, 4, 7, 5, 6, 5, 6, 5]","[1, 0, 0, 1, 1, 0, 0, 0, 0, 0]",1
28,0,72,"[4, 4, 4, 4, 3, 5, 4, 4, 4, 4]","[0, 0, 0, 0, 0, 0, 0, 0, 1, 0]",1
28,0,73,"[6, 6, 2, 4, 5, 3, 6, 6, 5, 6]","[1, 0, 0, 0, 0, 0, 0, 0, 0, 0]",1
28,0,74,"[6, 4, 4, 5, 3, 3, 4, 2, 5, 2]","[0, 0, 0, 1, 0, 0, 0, 0, 0, 0]",1
28,0,75,"[8, 8, 2, 8, 7, 7, 8, 8, 8, 2]","[0, 0, 0, 0, 0, 0, 0, 1, 0, 0]",1
28,0,76,"[4, 7, 3, 1, 4, 2, 3, 1, 2, 3]","[0, 0, 0, 0, 0, 0, 1, 0, 0, 1]",1
28,0,77,"[7, 6, 7, 8, 3, 6, 7, 7, 9, 8]","[0, 1, 1, 0, 0, 1, 0, 0, 0, 0]",1
28,0,78,"[6, 5, 7, 7, 7, 6, 2, 8, 5, 7]","[0, 0, 0, 0, 0, 0, 0, 0, 0, 1]",1
28,0,79,"[9, 7, 9, 2, 9, 9, 8, 9, 2, 5]","[0, 0, 0, 0, 1, 0, 0, 0, 0, 0]",1
28,0,80,"[6, 9, 7, 9, 8, 8, 6, 6, 9, 6]","[0, 0, 0, 1, 0, 1, 0, 0, 0, 0]",1
28,0,81,"[7, 9, 4, 6, 7, 8, 5, 7, 4, 4]","[1, 0, 1, 0, 0, 1, 1, 0, 1, 0]",1
28,0,82,"[3, 5, 6, 5, 6, 5, 5, 4, 5, 4]","[0, 0, 0, 0, 0, 0, 1, 1, 0, 1]",1
28,0,83,"[4, 3, 8, 6, 6, 7, 6, 5, 8, 8]","[1, 0, 0, 0, 0, 0, 0, 0, 0, 1]",1
28,0,84,"[3, 3, 1, 4, 4, 6, 5, 5, 5, 3]","[0, 0, 0, 0, 0, 0, 0, 0, 0, 0]",1
28,0,85,"[8, 8, 9, 8, 8, 8, 8, 1, 8, 8]","[0, 0, 1, 1, 0, 0, 1, 0, 0, 0]",1
28,0,86,"[8, 4, 9, 9, 9, 9, 9, 9, 9, 9]","[0, 0, 0, 0, 0, 1, 0, 0, 1, 1]",1
28,0,87,"[5, 4, 5, 5, 6, 3, 6, 5, 7, 5]","[1, 1, 0, 0, 0, 0, 1, 0, 1, 0]",1
28,0,88,"[7, 4, 5, 4, 4, 4, 2, 4, 5, 5]","[0, 0, 0, 0, 0, 0, 0, 0, 0, 1]",1
28,0,89,"[4, 3, 4, 4, 4, 4, 4, 5, 4, 4]","[1, 0, 0, 0, 0, 1, 0, 1, 1, 0]",1
28,0,90,"[9, 9, 9, 9, 9, 9, 9, 9, 9, 9]","[1, 1, 0, 0, 1, 0, 0, 0, 0, 0]",1
28,0,91,"[5, 5, 5, 6, 6, 5, 5, 5, 5, 5]","[1, 0, 0, 0, 0, 0, 0, 0, 0, 0]",1
28,0,92,"[6, 4, 4, 4, 5, 7, 4, 3, 8, 4]","[0, 0, 0, 0, 0, 0, 0, 0, 1, 0]",1
28,0,93,"[3, 6, 4, 3, 4, 2, 1, 4, 6, 2]","[0, 1, 0, 1, 1, 0, 0, 0, 0, 0]",1
28,0,94,"[9, 5, 5, 3, 7, 5, 5, 2, 4, 8]","[0, 0, 0, 0, 1, 1, 1, 0, 0, 1]",1
28,0,95,"[3, 3, 4, 3, 6, 3, 4, 3, 4, 2]","[0, 0, 0, 0, 0, 0, 1, 0, 1, 0]",1
28,0,96,"[3, 5, 5, 5, 4, 4, 4, 4, 4, 5]","[0, 0, 0, 0, 0, 0, 0, 0, 0, 0]",1
28,0,97,"[6, 3, 6, 5, 4, 8, 4, 4, 4, 4]","[1, 0, 0, 1, 0, 1, 0, 0, 1, 0]",1
28,0,98,"[9, 9, 9, 9, 9, 9, 9, 9, 9, 9]","[0, 0, 1, 0, 0, 0, 0, 1, 0, 1]",1
28,0,99,"[1, 3, 3, 4, 4, 3, 3, 4, 3, 3]","[1, 1, 1, 0, 0, 0, 1, 0, 0, 0]",1
28,0,100,"[2, 5, 1, 2, 2, 2, 2, 3, 9, 8]","[0, 0, 0, 0, 0, 0, 0, 0, 0, 1]",1
28,0,101,"[3, 8, 8, 8, 7, 8, 7, 1, 8, 8]","[0, 1, 0, 0, 0, 1, 0, 0, 0, 0]",1
28,0,102,"[4, 8, 5, 3, 6, 1, 5, 1, 2, 6]","[0, 0, 0, 0, 0, 0, 0, 0, 0, 0]",1
28,0,103,"[7, 7, 7, 7, 7, 7, 7, 8, 7, 7]","[0, 1, 0, 1, 1, 1, 0, 0, 0, 0]",1
28,0,104,"[9, 9, 2, 9, 9, 9, 9, 9, 9, 8]","[0, 0, 0, 0, 0, 0, 0, 0, 0, 1]",1
28,0,105,"[6, 5, 6, 7, 5, 6, 7, 9, 6, 6]","[0, 0, 0, 0, 0, 1, 1, 0, 0, 0]",1
28,0,106,"[7, 5, 3, 6, 3, 7, 5, 5, 5, 5]","[0, 0, 0, 0, 0, 0, 1, 0, 0, 0]",1
28,0,107,"[3, 7, 5, 3, 4, 8, 3, 3, 5, 4]","[0, 0, 0, 0, 0, 0, 0, 0, 0, 0]",1
28,0,108,"[9, 2, 3, 2, 9, 2, 9, 1, 9, 6]","[1, 0, 0, 0, 0, 0, 0, 0, 0, 0]",1
28,0,109,"[5, 6, 5, 7, 5, 5, 6, 6, 5, 6]","[0, 1, 0, 0, 0, 0, 0, 0, 1, 0]",1
28,0,110,"[7, 8, 9, 6, 8, 9, 5, 9, 9, 9]","[0, 0, 0, 0, 1, 1, 1, 0, 0, 1]",1
28,0,111,"[5, 6, 6, 6, 7, 7, 7, 7, 6, 6]","[0, 1, 0, 1, 1, 0, 0, 1, 0, 0]",1
28,0,112,"[4, 3, 4, 5, 4, 4, 4, 4, 4, 4]","[1, 0, 0, 0, 0, 0, 0, 0, 0, 0]",1
28,0,113,"[5, 4, 6, 7, 7, 6, 6, 7, 5, 7]","[0, 0, 0, 1, 0, 0, 1, 0, 1, 1]",1
28,0,114,"[3, 4, 2, 4, 1, 2, 2, 2, 3, 3]","[0, 0, 1, 0, 0, 0, 0, 0, 0, 0]",1
28,0,115,"[9, 9, 8, 9, 9, 9, 9, 9, 8, 8]","[0, 1, 0, 1, 0, 0, 1, 0, 1, 1]",1
28,0,116,"[9, 9, 8, 9, 9, 9, 9, 9, 9, 6]","[0, 1, 0, 0, 0, 1, 0, 0, 1, 1]",1
28,0,117,"[8, 5, 5, 5, 6, 4, 8, 5, 3, 5]","[0, 0, 0, 0, 1, 0, 0, 0, 0, 0]",1
28,0,118,"[8, 8, 7, 7, 7, 7, 7, 7, 7, 6]","[1, 0, 1, 0, 0, 0, 0, 0, 0, 1]",1
28,0,119,"[9, 5, 5, 5, 4, 5, 5, 5, 6, 5]","[0, 0, 0, 0, 0, 0, 0, 0, 0, 0]",1
28,0,120,"[4, 4, 6, 1, 7, 5, 6, 5, 6, 6]","[0, 0, 0, 0, 0, 0, 0, 0, 1, 0]",1
28,0,121,"[5, 5, 5, 5, 5, 5, 5, 5, 5, 5]","[1, 0, 0, 0, 0, 1, 0, 0, 1, 0]",1
28,0,122,"[5, 4, 5, 5, 5, 5, 5, 4, 5, 5]","[0, 0, 0, 1, 0, 1, 1, 0, 0, 0]",1
28,0,123,"[5, 5, 5, 7, 5, 6, 5, 5, 3, 6]","[1, 0, 0, 0, 0, 1, 0, 0, 0, 0]",1
28,0,124,"[9, 9, 5, 9, 8, 3, 9, 9, 7, 9]","[1, 0, 0, 0, 0, 0, 0, 0, 1, 0]",1
28,0,125,"[8, 5, 5, 6, 6, 5, 5, 5, 5, 6]","[0, 0, 0, 0, 0, 0, 0, 1, 0, 0]",1
28,0,126,"[4, 7, 5, 4, 5, 6, 5, 7, 5, 5]","[0, 1, 0, 0, 0, 1, 0, 0, 1, 0]",1
28,0,127,"[4, 4, 6, 4, 3, 4, 4, 5, 5, 4]","[0, 0, 0, 0, 0, 0, 0, 0, 0, 0]",1
28,0,128,"[5, 6, 8, 8, 8, 7, 5, 8, 7, 7]","[1, 1, 1, 0, 0, 0, 0, 0, 1, 0]",1
28,0,129,"[8, 7, 6, 5, 7, 7, 5, 6, 6, 5]","[0, 1, 0, 0, 0, 0, 0, 0, 0, 0]",1
28,0,130,"[7, 9, 6, 7, 5, 7, 7, 8, 7, 8]","[1, 1, 0, 1, 0, 0, 1, 1, 0, 1]",1
28,0,131,"[7, 7, 8, 8, 9, 7, 5, 7, 8, 8]","[0, 1, 1, 1, 1, 0, 1, 0, 1, 0]",1
28,0,132,"[7, 6, 7, 7, 3, 4, 7, 4, 3, 5]","[0, 0, 0, 0, 0, 0, 0, 1, 0, 0]",1
28,0,133,"[9, 9, 9, 9, 9, 9, 9, 9, 9, 8]","[0, 1, 0, 1, 0, 0, 0, 1, 1, 1]",1
28,0,134,"[7, 6, 7, 7, 7, 6, 6, 6, 8, 5]","[1, 0, 0, 1, 0, 0, 0, 0, 0, 0]",1
28,0,135,"[8, 6, 5, 8, 7, 6, 7, 6, 1, 6]","[0, 0, 0, 0, 0, 0, 0, 0, 0, 0]",1
28,0,136,"[5, 8, 5, 8, 7, 7, 6, 5, 7, 6]","[0, 0, 0, 0, 0, 0, 1, 0, 0, 0]",1
28,0,137,"[2, 3, 4, 3, 5, 3, 7, 5, 5, 5]","[0, 0, 0, 0, 0, 0, 1, 0, 0, 0]",1
28,0,138,"[2, 3, 1, 2, 2, 2, 2, 2, 2, 2]","[0, 1, 0, 0, 0, 0, 0, 0, 0, 0]",1
28,0,139,"[8, 4, 4, 4, 4, 4, 4, 5, 3, 8]","[0, 0, 0, 1, 0, 1, 0, 0, 0, 0]",1
28,0,140,"[8, 9, 3, 8, 7, 6, 6, 8, 5, 5]","[0, 1, 1, 0, 0, 1, 0, 0, 0, 0]",1
28,0,141,"[3, 5, 2, 3, 4, 3, 3, 3, 4, 4]","[0, 0, 0, 0, 0, 0, 0, 0, 0, 0]",1
28,0,142,"[7, 7, 8, 8, 8, 4, 3, 5, 7, 3]","[0, 1, 0, 1, 1, 0, 1, 0, 0, 0]",1
28,0,143,"[4, 4, 5, 4, 4, 4, 4, 4, 4, 5]","[0, 0, 0, 0, 1, 0, 0, 0, 0, 0]",1
28,0,144,"[7, 7, 7, 7, 8, 7, 7, 7, 7, 7]","[1, 0, 1, 0, 0, 1, 0, 1, 0, 1]",1
28,0,145,"[6, 5, 5, 4, 6, 7, 6, 5, 6, 7]","[0, 0, 0, 0, 1, 0, 0, 0, 0, 0]",1
28,0,146,"[7, 8, 8, 5, 7, 9, 7, 8, 8, 8]","[0, 0, 0, 0, 1, 1, 0, 0, 1, 1]",1
28,0,147,"[4, 4, 5, 6, 5, 5, 4, 5, 4, 5]","[0, 0, 0, 0, 1, 0, 0, 0, 1, 1]",1
28,0,148,"[4, 5, 5, 4, 4, 4, 4, 4, 5, 4]","[0, 0, 1, 1, 0, 0, 0, 0, 0, 0]",1
28,0,149,"[6, 2, 7, 4, 6, 4, 5, 7, 7, 6]","[0, 0, 0, 1, 1, 0, 1, 1, 0, 0]",1
28,0,150,"[4, 3, 5, 3, 2, 4, 3, 3, 6, 5]","[0, 0, 0, 0, 0, 0, 0, 0, 1, 0]",1
28,0,151,"[6, 3, 4, 4, 6, 8, 5, 6, 5, 3]","[0, 0, 0, 0, 0, 0, 0, 0, 0, 0]",1
28,0,152,"[5, 5, 4, 2, 6, 5, 5, 4, 4, 5]","[0, 0, 0, 0, 1, 0, 1, 0, 0, 0]",1
28,0,153,"[6, 6, 3, 5, 5, 6, 4, 5, 5, 6]","[0, 1, 0, 1, 1, 0, 0, 0, 1, 0]",1
28,0,154,"[8, 8, 7, 8, 8, 7, 9, 9, 9, 6]","[0, 1, 0, 0, 0, 1, 0, 1, 0, 1]",1
28,0,155,"[8, 5, 6, 5, 4, 5, 5, 5, 4, 4]","[0, 0, 0, 0, 0, 0, 0, 0, 1, 0]",1
28,0,156,"[1, 3, 2, 3, 2, 3, 3, 3, 5, 4]","[0, 0, 0, 0, 0, 0, 0, 0, 0, 0]",1
28,0,157,"[5, 6, 5, 6, 4, 6, 6, 5, 6, 5]","[0, 0, 0, 0, 0, 1, 0, 0, 0, 0]",1
28,0,158,"[7, 8, 7, 7, 7, 7, 7, 7, 7, 7]","[0, 0, 1, 1, 0, 1, 0, 0, 0, 1]",1
28,0,159,"[7, 7, 7, 8, 7, 7, 7, 7, 7, 7]","[1, 0, 0, 0, 1, 0, 1, 1, 1, 0]",1
28,0,160,"[6, 5, 4, 9, 5, 5, 9, 5, 6, 5]","[0, 0, 0, 0, 0, 0, 0, 0, 0, 0]",1
28,0,161,"[7, 7, 7, 7, 6, 4, 6, 2, 6, 5]","[0, 0, 1, 1, 0, 0, 0, 1, 0, 0]",1
28,0,162,"[9, 9, 9, 8, 9, 8, 9, 9, 9, 8]","[0, 0, 0, 0, 0, 0, 0, 0, 1, 0]",1
28,0,163,"[8, 8, 9, 8, 8, 4, 8, 7, 8, 2]","[0, 0, 0, 0, 0, 0, 0, 1, 1, 0]",1
28,0,164,"[9, 9, 9, 9, 9, 9, 9, 9, 9, 9]","[0, 0, 0, 0, 1, 0, 0, 0, 0, 0]",1
28,0,165,"[6, 5, 4, 6, 6, 5, 6, 6, 6, 7]","[0, 0, 0, 0, 0, 0, 0, 1, 0, 0]",1
28,0,166,"[9, 8, 8, 6, 7, 4, 9, 4, 8, 8]","[0, 0, 1, 0, 0, 0, 0, 1, 0, 0]",1
28,0,167,"[7, 7, 6, 8, 7, 7, 6, 7, 9, 7]","[1, 0, 0, 0, 0, 1, 0, 0, 0, 0]",1
28,0,168,"[5, 6, 7, 6, 7, 7, 5, 5, 6, 7]","[0, 0, 0, 0, 0, 0, 0, 0, 0, 0]",1
28,0,169,"[6, 7, 7, 7, 7, 4, 6, 8, 5, 5]","[0, 0, 0, 0, 0, 0, 0, 1, 0, 0]",1
28,0,170,"[9, 7, 9, 8, 9, 5, 9, 9, 9, 2]","[0, 0, 1, 0, 1, 0, 0, 0, 1, 0]",1
28,0,171,"[9, 5, 7, 9, 8, 9, 6, 8, 9, 9]","[0, 0, 0, 1, 0, 0, 1, 1, 1, 0]",1
28,0,172,"[5, 4, 4, 6, 7, 7, 6, 6, 7, 6]","[0, 0, 1, 1, 1, 0, 1, 0, 0, 0]",1
28,0,173,"[5, 6, 5, 8, 8, 3, 6, 6, 9, 5]","[0, 0, 1, 0, 1, 0, 1, 0, 1, 0]",1
28,0,174,"[8, 5, 4, 6, 6, 3, 8, 5, 4, 5]","[0, 0, 0, 0, 0, 1, 0, 0, 0, 0]",1
28,0,175,"[5, 7, 4, 5, 5, 5, 6, 5, 9, 5]","[0, 1, 0, 0, 0, 0, 1, 1, 1, 0]",1
28,0,176,"[4, 9, 5, 4, 8, 9, 9, 9, 3, 7]","[0, 0, 0, 0, 0, 0, 0, 0, 0, 0]",1
28,0,177,"[8, 2, 9, 2, 9, 9, 1, 9, 9, 9]","[1, 0, 1, 0, 1, 1, 0, 0, 1, 1]",1
28,0,178,"[6, 6, 7, 7, 7, 6, 9, 7, 7, 8]","[0, 0, 1, 1, 1, 1, 0, 1, 1, 1]",1
28,0,179,"[8, 5, 3, 8, 7, 9, 9, 5, 9, 4]","[0, 0, 0, 1, 0, 0, 0, 0, 0, 0]",1
28,0,180,"[5, 8, 5, 5, 4, 6, 6, 5, 6, 5]","[0, 0, 0, 1, 0, 0, 0, 0, 0, 0]",1
28,0,181,"[5, 4, 5, 4, 5, 7, 4, 1, 5, 4]","[0, 0, 0, 0, 1, 1, 0, 0, 0, 0]",1
28,0,182,"[1, 2, 2, 1, 1, 2, 2, 3, 1, 2]","[1, 0, 0, 1, 0, 0, 1, 0, 0, 1]",1
28,0,183,"[6, 9, 5, 6, 6, 6, 5, 5, 6, 9]","[0, 1, 1, 0, 0, 0, 1, 0, 0, 0]",1
28,0,184,"[9, 4, 5, 8, 4, 3, 7, 3, 3, 8]","[0, 0, 0, 0, 0, 0, 0, 0, 1, 0]",1
28,0,185,"[6, 6, 8, 4, 7, 9, 6, 5, 9, 4]","[0, 0, 1, 0, 1, 1, 0, 1, 1, 0]",1
28,0,186,"[9, 9, 5, 9, 9, 9, 6, 5, 5, 4]","[0, 0, 0, 1, 0, 0, 0, 0, 0, 0]",1
28,0,187,"[5, 7, 6, 6, 5, 4, 4, 8, 6, 6]","[1, 0, 0, 0, 0, 0, 0, 0, 0, 0]",1
28,0,188,"[9, 8, 7, 4, 9, 9, 8, 9, 9, 9]","[0, 0, 0, 1, 1, 1, 0, 0, 1, 1]",1
28,0,189,"[5, 5, 5, 8, 5, 7, 5, 5, 7, 6]","[1, 0, 0, 0, 1, 0, 0, 0, 0, 1]",1
28,0,190,"[2, 5, 3, 4, 5, 6, 5, 5, 6, 5]","[1, 0, 1, 0, 0, 1, 0, 1, 0, 0]",1
28,0,191,"[2, 6, 9, 7, 6, 6, 7, 7, 5, 6]","[0, 0, 0, 0, 0, 1, 0, 1, 0, 0]",1
28,0,192,"[9, 9, 5, 9, 9, 9, 9, 9, 9, 9]","[1, 1, 0, 0, 0, 0, 1, 1, 0, 0]",1
28,0,193,"[6, 6, 6, 5, 7, 5, 7, 5, 5, 6]","[0, 0, 0, 0, 0, 0, 0, 0, 0, 0]",1
28,0,194,"[8, 5, 5, 8, 8, 8, 7, 5, 7, 8]","[1, 0, 0, 0, 0, 0, 0, 0, 0, 0]",1
28,0,195,"[3, 3, 1, 1, 2, 1, 2, 4, 2, 2]","[0, 0, 0, 0, 1, 1, 1, 0, 1, 1]",1
28,0,196,"[3, 4, 4, 2, 4, 3, 4, 5, 3, 5]","[0, 0, 1, 0, 0, 0, 0, 0, 1, 1]",1
28,0,197,"[9, 9, 8, 8, 8, 8, 4, 8, 8, 8]","[0, 0, 0, 0, 0, 0, 0, 1, 0, 1]",1
28,0,198,"[7, 6, 4, 4, 3, 5, 1, 5, 4, 1]","[0, 0, 0, 0, 0, 0, 0, 0, 0, 0]",1
28,0,199,"[3, 3, 3, 3, 3, 3, 3, 2, 3, 3]","[0, 0, 0, 0, 0, 1, 0, 0, 0, 0]",1
28,0,200,"[3, 3, 3, 4, 3, 3, 3, 3, 3, 3]","[0, 1, 1, 0, 0, 0, 0, 1, 0, 0]",1
28,0,201,"[7, 6, 9, 8, 8, 9, 9, 6, 9, 5]","[1, 0, 1, 1, 0, 1, 0, 0, 1, 1]",1
28,0,202,"[4, 6, 6, 7, 7, 6, 6, 8, 5, 6]","[0, 1, 0, 1, 0, 1, 0, 0, 0, 1]",1
28,0,203,"[4, 4, 8, 3, 4, 5, 4, 5, 3, 3]","[1, 0, 0, 0, 0, 1, 0, 0, 1, 0]",1
28,0,204,"[8, 8, 7, 8, 8, 8, 8, 8, 8, 8]","[0, 0, 1, 1, 0, 0, 0, 0, 1, 1]",1
28,0,205,"[7, 6, 7, 7, 6, 7, 7, 7, 7, 7]","[0, 0, 0, 1, 0, 0, 1, 0, 1, 0]",1
28,0,206,"[8, 8, 8, 8, 8, 8, 4, 8, 8, 8]","[0, 0, 0, 1, 0, 1, 0, 0, 1, 0]",1
28,0,207,"[5, 5, 6, 5, 5, 5, 5, 5, 4, 4]","[0, 0, 0, 0, 0, 0, 0, 0, 0, 0]",1
28,0,208,"[8, 8, 7, 7, 9, 6, 8, 7, 7, 7]","[1, 0, 0, 0, 1, 1, 0, 0, 1, 1]",1
28,0,209,"[5, 5, 6, 5, 6, 5, 6, 5, 6, 6]","[0, 0, 0, 0, 0, 0, 1, 0, 0, 0]",1
28,1,0,"[6, 7, 1, 7, 7, 7, 6, 5, 8, 7]","[1, 1, 1, 1, 1, 1, 0, 1, 1, 1]",1
28,1,1,"[4, 4, 4, 4, 4, 4, 4, 4, 4, 4]","[1, 0, 0, 0, 0, 0, 1, 1, 1, 0]",1
28,1,2,"[6, 2, 6, 5, 7, 5, 2, 7, 3, 6]","[0, 0, 0, 0, 1, 0, 0, 1, 0, 0]",1
28,1,3,"[6, 6, 5, 6, 6, 7, 4, 6, 6, 5]","[0, 0, 0, 0, 0, 1, 0, 0, 0, 0]",1
28,1,4,"[2, 3, 2, 4, 3, 4, 3, 4, 2, 2]","[0, 0, 0, 1, 0, 0, 0, 0, 0, 0]",1
28,1,5,"[2, 4, 5, 4, 5, 2, 4, 5, 5, 5]","[0, 0, 1, 0, 1, 0, 1, 0, 0, 0]",1
28,1,6,"[3, 3, 3, 3, 2, 3, 3, 3, 2, 2]","[0, 1, 0, 0, 0, 0, 0, 0, 0, 0]",1
28,1,7,"[5, 5, 6, 5, 5, 6, 6, 5, 3, 6]","[0, 0, 1, 1, 0, 1, 1, 0, 0, 1]",1
28,1,8,"[2, 3, 3, 3, 3, 4, 2, 2, 3, 3]","[0, 0, 0, 0, 0, 0, 0, 0, 0, 1]",1
28,1,9,"[1, 2, 4, 3, 1, 7, 2, 4, 6, 2]","[0, 0, 1, 1, 1, 1, 0, 0, 1, 1]",1
28,1,10,"[4, 4, 4, 2, 5, 5, 5, 5, 3, 5]","[1, 0, 0, 0, 1, 1, 0, 1, 0, 0]",1
28,1,11,"[3, 3, 3, 3, 3, 3, 3, 3, 2, 3]","[0, 1, 0, 0, 1, 0, 0, 0, 0, 0]",1
28,1,12,"[3, 4, 5, 4, 4, 4, 4, 4, 4, 4]","[0, 0, 0, 0, 0, 0, 0, 1, 1, 0]",1
28,1,13,"[2, 3, 5, 2, 3, 3, 1, 3, 4, 2]","[0, 0, 0, 0, 0, 0, 0, 0, 1, 0]",1
28,1,14,"[6, 7, 1, 3, 4, 4, 1, 8, 6, 8]","[0, 0, 0, 0, 0, 1, 0, 0, 0, 0]",1
28,1,15,"[4, 4, 4, 4, 7, 4, 1, 4, 6, 4]","[0, 1, 0, 0, 1, 0, 0, 1, 0, 0]",1
28,1,16,"[4, 5, 3, 6, 7, 5, 4, 3, 4, 7]","[0, 0, 0, 1, 1, 1, 0, 0, 0, 0]",1
28,1,17,"[5, 8, 5, 5, 7, 6, 5, 5, 5, 6]","[0, 1, 1, 0, 0, 1, 0, 0, 0, 1]",1
28,1,18,"[3, 3, 4, 3, 3, 3, 5, 5, 3, 4]","[0, 1, 0, 0, 0, 0, 0, 0, 0, 0]",1
28,1,19,"[2, 3, 4, 2, 3, 4, 2, 2, 3, 2]","[0, 0, 1, 0, 0, 1, 0, 0, 1, 0]",1
28,1,20,"[4, 4, 2, 5, 4, 4, 3, 3, 4, 4]","[0, 0, 0, 1, 0, 0, 0, 1, 0, 0]",1
28,1,21,"[4, 5, 6, 8, 6, 4, 4, 4, 4, 3]","[0, 0, 0, 1, 0, 0, 1, 0, 1, 0]",1
28,1,22,"[3, 3, 2, 3, 4, 3, 3, 3, 3, 3]","[1, 0, 0, 0, 0, 1, 0, 0, 0, 0]",1
28,1,23,"[1, 5, 2, 1, 2, 1, 1, 1, 3, 2]","[0, 0, 1, 0, 0, 0, 0, 0, 0, 1]",1
28,1,24,"[7, 5, 4, 4, 4, 5, 4, 5, 3, 3]","[0, 1, 0, 0, 0, 1, 0, 0, 0, 0]",1
28,1,25,"[3, 3, 3, 2, 3, 3, 3, 3, 3, 3]","[0, 0, 0, 0, 0, 0, 0, 0, 0, 0]",1
28,1,26,"[9, 9, 9, 9, 9, 9, 9, 9, 9, 9]","[1, 0, 0, 0, 0, 0, 0, 0, 0, 0]",1
28,1,27,"[4, 3, 4, 4, 4, 4, 4, 1, 4, 4]","[1, 0, 0, 0, 0, 0, 0, 0, 1, 0]",1
28,1,28,"[3, 4, 3, 2, 4, 4, 3, 3, 8, 3]","[0, 1, 0, 0, 0, 0, 0, 0, 1, 1]",1
28,1,29,"[9, 5, 5, 9, 9, 9, 7, 8, 7, 8]","[0, 0, 0, 0, 1, 1, 1, 1, 0, 0]",1
28,1,30,"[3, 2, 3, 3, 3, 3, 3, 6, 3, 4]","[1, 0, 0, 0, 1, 0, 0, 0, 0, 0]",1
28,1,31,"[5, 4, 4, 8, 5, 4, 4, 4, 3, 4]","[1, 0, 0, 0, 0, 1, 0, 0, 0, 1]",1
28,1,32,"[4, 3, 3, 4, 3, 3, 4, 3, 6, 3]","[0, 0, 0, 0, 0, 0, 0, 0, 1, 0]",1
28,1,33,"[4, 4, 5, 4, 4, 7, 4, 4, 4, 3]","[0, 0, 0, 0, 0, 1, 0, 0, 0, 0]",1
28,1,34,"[6, 7, 5, 7, 5, 5, 4, 4, 5, 4]","[1, 1, 0, 0, 0, 0, 0, 0, 1, 0]",1
28,1,35,"[6, 3, 2, 3, 3, 2, 7, 3, 2, 2]","[1, 1, 0, 0, 0, 0, 0, 0, 0, 0]",1
28,1,36,"[4, 4, 4, 5, 5, 6, 3, 5, 5, 4]","[0, 0, 0, 0, 0, 0, 0, 0, 0, 0]",1
28,1,37,"[4, 4, 1, 8, 5, 4, 7, 4, 8, 4]","[0, 1, 0, 1, 1, 0, 1, 0, 0, 0]",1
28,1,38,"[3, 3, 4, 4, 4, 2, 3, 4, 4, 3]","[0, 0, 1, 0, 0, 0, 0, 0, 0, 0]",1
28,1,39,"[2, 1, 7, 1, 2, 2, 1, 5, 1, 4]","[0, 0, 1, 1, 0, 1, 0, 1, 0, 0]",1
28,1,40,"[2, 2, 2, 2, 3, 2, 2, 2, 1, 2]","[0, 0, 0, 0, 0, 0, 0, 0, 0, 0]",1
28,1,41,"[6, 2, 1, 5, 6, 5, 5, 4, 5, 3]","[1, 0, 0, 0, 0, 0, 0, 0, 0, 0]",1
28,1,42,"[1, 3, 2, 3, 3, 4, 2, 3, 3, 4]","[0, 0, 0, 0, 0, 1, 0, 0, 0, 0]",1
28,1,43,"[4, 4, 3, 4, 4, 3, 4, 4, 4, 4]","[0, 0, 0, 0, 0, 0, 0, 0, 0, 0]",1
28,1,44,"[3, 5, 9, 5, 6, 4, 4, 3, 4, 4]","[0, 0, 1, 1, 0, 0, 0, 1, 1, 0]",1
28,1,45,"[3, 9, 7, 4, 4, 6, 6, 7, 5, 2]","[0, 0, 1, 0, 0, 0, 0, 0, 0, 0]",1
28,1,46,"[3, 3, 3, 3, 4, 2, 4, 3, 2, 3]","[0, 0, 0, 0, 0, 0, 1, 0, 0, 0]",1
28,1,47,"[3, 4, 4, 7, 4, 4, 4, 4, 8, 4]","[0, 0, 0, 0, 0, 0, 0, 0, 1, 0]",1
28,1,48,"[5, 4, 5, 4, 4, 5, 4, 4, 4, 4]","[0, 0, 0, 0, 0, 0, 0, 0, 0, 0]",1
28,1,49,"[2, 2, 3, 2, 4, 3, 4, 4, 4, 3]","[0, 1, 1, 0, 1, 1, 0, 0, 0, 1]",1
28,1,50,"[5, 7, 3, 4, 6, 7, 5, 4, 3, 4]","[0, 0, 0, 1, 1, 0, 0, 0, 0, 0]",1
28,1,51,"[5, 5, 6, 5, 5, 5, 5, 5, 5, 6]","[0, 1, 0, 0, 0, 0, 0, 0, 0, 0]",1
28,1,52,"[4, 2, 7, 2, 3, 4, 4, 1, 3, 5]","[1, 1, 0, 0, 0, 1, 1, 0, 0, 0]",1
28,1,53,"[4, 4, 5, 4, 4, 4, 4, 4, 5, 4]","[0, 1, 0, 1, 1, 0, 0, 0, 0, 1]",1
28,1,54,"[1, 3, 1, 6, 5, 4, 1, 1, 1, 1]","[0, 0, 0, 0, 0, 0, 0, 0, 0, 0]",1
28,1,55,"[5, 6, 5, 5, 5, 6, 6, 6, 5, 5]","[0, 0, 0, 1, 1, 1, 0, 0, 0, 0]",1
28,1,56,"[2, 6, 5, 4, 4, 5, 6, 4, 5, 3]","[0, 0, 0, 0, 0, 0, 1, 0, 0, 0]",1
28,1,57,"[2, 4, 4, 3, 4, 3, 4, 3, 5, 4]","[0, 1, 0, 0, 0, 0, 1, 0, 0, 0]",1
28,1,58,"[6, 4, 1, 7, 3, 4, 4, 4, 5, 6]","[0, 0, 0, 0, 0, 0, 0, 0, 0, 0]",1
28,1,59,"[6, 3, 3, 2, 3, 3, 5, 5, 5, 3]","[1, 0, 0, 0, 0, 0, 0, 0, 1, 0]",1
28,1,60,"[1, 4, 4, 3, 4, 5, 2, 3, 4, 2]","[0, 0, 0, 0, 0, 0, 0, 0, 1, 0]",1
28,1,61,"[4, 4, 5, 3, 4, 4, 4, 4, 3, 3]","[0, 0, 1, 0, 0, 1, 0, 0, 0, 0]",1
28,1,62,"[8, 9, 9, 9, 9, 9, 9, 9, 2, 9]","[0, 1, 0, 1, 0, 0, 1, 1, 0, 0]",1
28,1,63,"[6, 5, 6, 6, 7, 6, 6, 5, 5, 6]","[1, 1, 1, 0, 0, 1, 1, 0, 0, 1]",1
28,1,64,"[2, 3, 3, 4, 3, 3, 2, 3, 3, 6]","[0, 0, 0, 0, 0, 0, 0, 0, 1, 1]",1
28,1,65,"[2, 4, 3, 3, 3, 3, 3, 2, 3, 6]","[1, 1, 0, 0, 0, 0, 0, 0, 0, 0]",1
28,1,66,"[5, 5, 6, 4, 4, 3, 4, 4, 4, 3]","[0, 0, 0, 0, 0, 0, 1, 0, 0, 0]",1
28,1,67,"[2, 6, 7, 3, 5, 3, 7, 2, 5, 5]","[0, 0, 0, 0, 0, 0, 0, 0, 0, 0]",1
28,1,68,"[4, 1, 3, 3, 3, 3, 3, 3, 3, 3]","[0, 0, 0, 0, 0, 1, 0, 0, 0, 0]",1
28,1,69,"[5, 2, 2, 4, 3, 4, 4, 6, 3, 5]","[0, 0, 0, 0, 0, 0, 0, 0, 1, 0]",1
28,1,70,"[4, 4, 5, 5, 6, 5, 4, 4, 6, 6]","[0, 0, 1, 0, 0, 0, 0, 1, 0, 1]",1
28,1,71,"[3, 3, 3, 3, 3, 3, 3, 4, 3, 3]","[0, 0, 0, 0, 0, 0, 0, 0, 0, 0]",1
28,1,72,"[2, 3, 3, 3, 5, 6, 3, 3, 3, 4]","[0, 0, 0, 0, 0, 0, 0, 0, 0, 0]",1
28,1,73,"[3, 1, 1, 1, 7, 6, 2, 6, 4, 4]","[0, 1, 0, 1, 1, 1, 0, 1, 0, 1]",1
28,1,74,"[2, 1, 2, 3, 1, 1, 3, 3, 4, 2]","[0, 0, 0, 0, 0, 0, 0, 1, 0, 0]",1
28,1,75,"[4, 4, 4, 3, 4, 3, 4, 5, 9, 4]","[0, 0, 0, 0, 0, 0, 0, 1, 0, 0]",1
28,1,76,"[4, 1, 3, 2, 1, 5, 4, 3, 6, 1]","[0, 0, 0, 0, 0, 0, 0, 0, 0, 0]",1
28,1,77,"[4, 3, 8, 4, 4, 5, 4, 4, 4, 4]","[0, 0, 1, 0, 1, 0, 0, 0, 0, 0]",1
28,1,78,"[4, 5, 6, 2, 5, 5, 3, 4, 5, 4]","[0, 0, 1, 0, 0, 1, 0, 0, 0, 1]",1
28,1,79,"[1, 5, 7, 5, 5, 5, 4, 5, 6, 4]","[0, 1, 0, 1, 1, 1, 0, 0, 1, 0]",1
28,1,80,"[8, 7, 5, 8, 5, 6, 8, 7, 7, 7]","[1, 0, 0, 0, 1, 1, 0, 0, 0, 0]",1
28,1,81,"[4, 8, 7, 3, 7, 6, 4, 6, 7, 6]","[0, 1, 0, 0, 0, 0, 0, 0, 0, 1]",1
28,1,82,"[5, 5, 3, 4, 4, 4, 3, 4, 5, 4]","[0, 0, 0, 0, 0, 1, 0, 1, 0, 0]",1
28,1,83,"[5, 4, 7, 4, 6, 6, 5, 3, 7, 3]","[0, 0, 1, 1, 0, 0, 0, 0, 1, 0]",1
28,1,84,"[1, 1, 1, 1, 1, 3, 1, 1, 4, 1]","[1, 0, 0, 0, 0, 0, 0, 0, 1, 0]",1
28,1,85,"[6, 5, 6, 7, 6, 6, 6, 6, 5, 6]","[0, 0, 0, 0, 1, 1, 0, 1, 1, 0]",1
28,1,86,"[6, 5, 6, 7, 6, 3, 7, 4, 6, 7]","[1, 1, 0, 0, 1, 0, 0, 0, 0, 0]",1
28,1,87,"[5, 5, 2, 1, 3, 4, 2, 4, 8, 5]","[0, 0, 0, 0, 0, 1, 0, 1, 1, 0]",1
28,1,88,"[3, 3, 3, 3, 2, 3, 3, 3, 2, 3]","[1, 1, 0, 0, 0, 0, 0, 0, 1, 0]",1
28,1,89,"[4, 5, 5, 5, 5, 5, 5, 5, 5, 5]","[0, 0, 0, 0, 0, 0, 0, 0, 0, 0]",1
28,1,90,"[4, 7, 5, 7, 8, 1, 8, 1, 7, 6]","[0, 0, 0, 0, 1, 0, 0, 0, 1, 0]",1
28,1,91,"[4, 3, 3, 2, 7, 3, 4, 8, 2, 3]","[0, 0, 0, 0, 1, 0, 0, 1, 0, 0]",1
28,1,92,"[3, 6, 4, 1, 6, 6, 3, 4, 5, 3]","[0, 0, 1, 0, 0, 0, 0, 0, 0, 0]",1
28,1,93,"[1, 5, 3, 4, 4, 6, 3, 3, 2, 3]","[1, 0, 1, 0, 1, 1, 1, 1, 0, 0]",1
28,1,94,"[3, 9, 5, 3, 6, 5, 6, 3, 4, 6]","[1, 1, 0, 0, 0, 1, 1, 1, 0, 1]",1
28,1,95,"[5, 4, 5, 4, 4, 3, 4, 4, 4, 4]","[1, 0, 0, 0, 0, 0, 0, 0, 0, 1]",1
28,1,96,"[4, 5, 5, 5, 6, 6, 5, 6, 6, 1]","[0, 0, 1, 0, 0, 0, 1, 1, 0, 0]",1
28,1,97,"[3, 2, 3, 2, 2, 3, 2, 1, 2, 6]","[0, 0, 1, 0, 0, 0, 0, 0, 0, 0]",1
28,1,98,"[9, 7, 7, 3, 9, 9, 9, 8, 8, 3]","[0, 0, 0, 0, 0, 0, 0, 0, 1, 0]",1
28,1,99,"[4, 4, 4, 4, 5, 4, 3, 4, 4, 4]","[0, 0, 0, 0, 0, 0, 0, 0, 0, 0]",1
28,1,100,"[3, 3, 2, 3, 1, 3, 3, 3, 3, 3]","[0, 0, 0, 0, 0, 0, 0, 0, 1, 0]",1
28,1,101,"[5, 5, 5, 4, 2, 3, 1, 4, 5, 4]","[0, 0, 0, 0, 0, 0, 0, 0, 0, 0]",1
28,1,102,"[6, 4, 3, 2, 4, 5, 1, 4, 3, 3]","[0, 0, 0, 0, 0, 0, 0, 0, 0, 0]",1
28,1,103,"[2, 3, 2, 1, 2, 2, 2, 2, 2, 2]","[0, 0, 0, 0, 0, 0, 0, 0, 0, 0]",1
28,1,104,"[4, 3, 4, 4, 4, 4, 4, 4, 4, 4]","[0, 0, 1, 0, 0, 0, 1, 0, 1, 0]",1
28,1,105,"[5, 5, 5, 6, 5, 5, 5, 3, 5, 9]","[0, 0, 1, 0, 0, 0, 0, 1, 0, 0]",1
28,1,106,"[5, 6, 4, 6, 6, 5, 8, 3, 5, 4]","[0, 1, 0, 1, 0, 0, 0, 0, 0, 0]",1
28,1,107,"[3, 4, 3, 3, 4, 3, 3, 3, 4, 5]","[0, 0, 0, 0, 0, 0, 0, 0, 0, 0]",1
28,1,108,"[4, 4, 3, 4, 4, 5, 4, 4, 4, 4]","[0, 0, 0, 0, 0, 0, 0, 0, 1, 1]",1
28,1,109,"[4, 3, 4, 4, 3, 1, 6, 5, 3, 5]","[0, 0, 1, 0, 0, 0, 0, 0, 0, 0]",1
28,1,110,"[5, 1, 3, 4, 4, 6, 2, 5, 3, 4]","[0, 0, 1, 0, 0, 1, 0, 0, 0, 1]",1
28,1,111,"[3, 8, 5, 9, 8, 6, 5, 4, 5, 5]","[0, 0, 1, 1, 0, 1, 0, 0, 0, 1]",1
28,1,112,"[5, 4, 6, 5, 5, 5, 4, 5, 5, 5]","[1, 1, 0, 1, 0, 0, 0, 0, 0, 0]",1
28,1,113,"[4, 5, 6, 5, 5, 3, 5, 5, 5, 7]","[1, 0, 1, 0, 0, 1, 0, 1, 1, 0]",1
28,1,114,"[2, 3, 4, 4, 6, 8, 3, 4, 3, 4]","[0, 0, 0, 1, 0, 0, 0, 1, 1, 1]",1
28,1,115,"[6, 5, 5, 5, 7, 5, 4, 4, 6, 5]","[0, 1, 0, 0, 1, 1, 0, 0, 0, 1]",1
28,1,116,"[5, 4, 4, 6, 5, 6, 4, 5, 5, 3]","[0, 0, 0, 0, 0, 0, 0, 0, 0, 1]",1
28,1,117,"[3, 2, 3, 3, 4, 3, 3, 3, 3, 3]","[0, 0, 0, 0, 0, 1, 0, 0, 0, 0]",1
28,1,118,"[5, 5, 5, 5, 4, 5, 5, 6, 5, 6]","[0, 1, 1, 0, 0, 1, 1, 1, 1, 0]",1
28,1,119,"[4, 4, 4, 5, 5, 3, 3, 3, 4, 4]","[0, 0, 0, 1, 1, 0, 0, 0, 0, 0]",1
28,1,120,"[5, 6, 5, 6, 4, 5, 5, 5, 5, 5]","[0, 0, 1, 1, 1, 0, 0, 1, 1, 0]",1
28,1,121,"[4, 4, 4, 4, 4, 4, 4, 3, 4, 4]","[1, 1, 0, 0, 0, 1, 0, 0, 1, 0]",1
28,1,122,"[4, 4, 4, 4, 4, 3, 4, 2, 3, 4]","[0, 1, 0, 0, 0, 0, 0, 1, 0, 0]",1
28,1,123,"[6, 3, 5, 2, 3, 4, 4, 4, 5, 4]","[1, 0, 0, 0, 0, 0, 0, 0, 0, 0]",1
28,1,124,"[6, 5, 3, 4, 3, 3, 6, 5, 4, 4]","[0, 1, 0, 0, 0, 0, 0, 0, 1, 0]",1
28,1,125,"[4, 4, 4, 4, 4, 4, 3, 4, 3, 4]","[0, 0, 0, 0, 0, 0, 0, 0, 0, 0]",1
28,1,126,"[5, 4, 5, 3, 4, 4, 4, 4, 4, 3]","[0, 0, 0, 0, 1, 0, 1, 0, 0, 1]",1
28,1,127,"[4, 3, 6, 3, 3, 3, 3, 3, 3, 3]","[0, 0, 0, 0, 0, 0, 0, 0, 1, 0]",1
28,1,128,"[6, 5, 4, 4, 5, 6, 5, 6, 7, 8]","[1, 0, 0, 0, 1, 1, 1, 1, 0, 0]",1
28,1,129,"[6, 6, 7, 7, 7, 4, 4, 2, 2, 4]","[1, 0, 1, 1, 0, 0, 0, 1, 0, 0]",1
28,1,130,"[5, 5, 8, 6, 5, 5, 5, 6, 5, 9]","[1, 0, 1, 0, 1, 1, 1, 1, 1, 1]",1
28,1,131,"[1, 7, 4, 4, 1, 7, 7, 5, 1, 8]","[1, 0, 1, 1, 0, 1, 0, 1, 0, 1]",1
28,1,132,"[2, 3, 2, 5, 5, 5, 3, 5, 4, 5]","[0, 0, 1, 1, 0, 0, 0, 1, 1, 0]",1
28,1,133,"[2, 3, 2, 8, 5, 3, 2, 1, 2, 3]","[0, 1, 1, 0, 0, 0, 1, 0, 0, 0]",1
28,1,134,"[6, 6, 6, 4, 5, 7, 5, 6, 6, 6]","[0, 0, 0, 0, 0, 0, 0, 1, 0, 0]",1
28,1,135,"[6, 4, 4, 6, 6, 5, 4, 5, 6, 4]","[0, 0, 0, 0, 0, 0, 0, 1, 1, 0]",1
28,1,136,"[9, 6, 3, 4, 6, 6, 5, 9, 6, 4]","[0, 0, 0, 0, 1, 0, 0, 0, 1, 0]",1
28,1,137,"[4, 4, 5, 4, 4, 2, 2, 4, 2, 4]","[0, 0, 0, 0, 0, 0, 0, 0, 1, 0]",1
28,1,138,"[7, 7, 7, 7, 9, 7, 7, 7, 8, 7]","[1, 1, 1, 0, 1, 1, 1, 0, 1, 0]",1
28,1,139,"[9, 6, 6, 7, 3, 7, 4, 3, 7, 5]","[0, 0, 1, 0, 0, 1, 0, 0, 0, 0]",1
28,1,140,"[5, 4, 6, 5, 7, 5, 2, 5, 5, 6]","[1, 0, 0, 1, 1, 1, 0, 0, 1, 0]",1
28,1,141,"[3, 1, 2, 3, 4, 3, 3, 4, 5, 4]","[0, 0, 0, 1, 1, 0, 0, 0, 0, 0]",1
28,1,142,"[3, 8, 2, 5, 7, 4, 8, 7, 7, 8]","[0, 0, 0, 0, 0, 0, 1, 1, 1, 0]",1
28,1,143,"[3, 8, 3, 3, 2, 3, 4, 3, 4, 3]","[0, 0, 1, 0, 0, 0, 0, 1, 0, 0]",1
28,1,144,"[5, 4, 5, 5, 5, 4, 5, 5, 4, 4]","[0, 0, 0, 0, 1, 0, 1, 0, 1, 0]",1
28,1,145,"[6, 7, 5, 5, 5, 5, 4, 5, 6, 6]","[0, 1, 0, 1, 1, 0, 0, 0, 1, 0]",1
28,1,146,"[6, 5, 6, 6, 6, 6, 4, 6, 5, 7]","[0, 0, 1, 0, 1, 1, 1, 0, 0, 0]",1
28,1,147,"[3, 4, 4, 6, 4, 7, 7, 4, 5, 5]","[0, 0, 0, 0, 0, 0, 1, 0, 0, 0]",1
28,1,148,"[4, 6, 4, 4, 4, 4, 5, 4, 4, 4]","[0, 0, 1, 1, 0, 0, 0, 0, 0, 0]",1
28,1,149,"[3, 4, 6, 4, 4, 4, 6, 3, 3, 2]","[0, 0, 0, 1, 1, 0, 1, 1, 0, 0]",1
28,1,150,"[5, 2, 3, 2, 3, 3, 2, 7, 2, 1]","[0, 0, 0, 0, 0, 0, 0, 0, 0, 0]",1
28,1,151,"[4, 3, 4, 3, 3, 4, 3, 3, 4, 3]","[0, 0, 0, 0, 0, 0, 0, 1, 0, 0]",1
28,1,152,"[2, 4, 3, 3, 2, 1, 3, 3, 3, 4]","[0, 0, 0, 0, 0, 0, 0, 0, 0, 1]",1
28,1,153,"[3, 3, 2, 2, 3, 6, 3, 6, 4, 3]","[0, 0, 0, 0, 0, 0, 0, 0, 0, 0]",1
28,1,154,"[4, 4, 4, 4, 4, 4, 4, 4, 4, 4]","[1, 1, 0, 1, 0, 1, 0, 0, 0, 0]",1
28,1,155,"[4, 5, 6, 4, 5, 6, 4, 4, 5, 4]","[0, 1, 0, 0, 0, 0, 0, 0, 1, 0]",1
28,1,156,"[1, 4, 4, 4, 3, 4, 4, 3, 4, 4]","[0, 0, 0, 0, 0, 0, 0, 0, 0, 0]",1
28,1,157,"[5, 3, 4, 7, 3, 5, 4, 4, 3, 3]","[1, 1, 0, 0, 1, 1, 0, 0, 0, 0]",1
28,1,158,"[6, 3, 2, 2, 3, 1, 2, 2, 3, 5]","[0, 0, 0, 0, 0, 0, 0, 0, 0, 0]",1
28,1,159,"[6, 6, 6, 5, 6, 6, 6, 6, 6, 5]","[1, 0, 1, 0, 0, 0, 0, 0, 1, 1]",1
28,1,160,"[5, 6, 4, 4, 6, 6, 7, 5, 4, 4]","[1, 0, 0, 0, 1, 0, 0, 0, 0, 1]",1
28,1,161,"[5, 5, 5, 5, 7, 4, 4, 5, 5, 4]","[1, 1, 1, 1, 1, 0, 1, 1, 1, 0]",1
28,1,162,"[6, 5, 3, 5, 4, 6, 4, 4, 6, 7]","[1, 1, 0, 0, 0, 1, 1, 0, 1, 1]",1
28,1,163,"[5, 2, 5, 5, 1, 7, 5, 5, 4, 3]","[0, 0, 0, 1, 0, 0, 0, 0, 0, 0]",1
28,1,164,"[9, 9, 3, 8, 1, 9, 9, 6, 3, 9]","[1, 1, 0, 0, 0, 1, 1, 0, 0, 0]",1
28,1,165,"[4, 5, 4, 5, 6, 5, 4, 1, 8, 2]","[0, 1, 1, 0, 1, 0, 1, 0, 0, 0]",1
28,1,166,"[6, 6, 7, 6, 6, 7, 2, 2, 5, 7]","[0, 0, 0, 0, 0, 1, 0, 0, 1, 1]",1
28,1,167,"[9, 9, 9, 9, 9, 9, 1, 8, 9, 2]","[1, 1, 1, 1, 1, 1, 0, 1, 1, 0]",1
28,1,168,"[5, 3, 3, 5, 8, 5, 3, 6, 5, 6]","[0, 0, 0, 0, 1, 1, 1, 0, 1, 1]",1
28,1,169,"[6, 6, 5, 4, 7, 6, 5, 6, 6, 6]","[0, 0, 0, 1, 1, 0, 0, 0, 0, 0]",1
28,1,170,"[5, 5, 5, 5, 4, 5, 5, 5, 7, 3]","[0, 0, 0, 1, 0, 0, 0, 1, 1, 0]",1
28,1,171,"[2, 5, 7, 1, 7, 4, 9, 7, 7, 5]","[0, 0, 1, 0, 0, 1, 1, 1, 1, 1]",1
28,1,172,"[3, 4, 5, 3, 4, 3, 4, 5, 3, 5]","[0, 0, 0, 0, 0, 0, 0, 0, 0, 0]",1
28,1,173,"[5, 4, 4, 5, 4, 6, 5, 4, 4, 5]","[0, 0, 0, 0, 0, 0, 0, 0, 0, 0]",1
28,1,174,"[5, 5, 3, 8, 5, 6, 5, 5, 5, 4]","[0, 0, 0, 1, 1, 0, 0, 0, 0, 0]",1
28,1,175,"[2, 2, 2, 3, 3, 2, 2, 2, 2, 2]","[0, 0, 0, 0, 0, 0, 0, 0, 0, 0]",1
28,1,176,"[6, 6, 6, 5, 6, 6, 7, 6, 6, 6]","[1, 0, 0, 1, 0, 1, 1, 1, 0, 0]",1
28,1,177,"[3, 9, 4, 1, 1, 1, 3, 7, 3, 8]","[0, 1, 0, 0, 0, 1, 0, 0, 1, 0]",1
28,1,178,"[6, 4, 4, 6, 4, 6, 5, 4, 8, 4]","[0, 0, 1, 0, 0, 0, 0, 1, 1, 0]",1
28,1,179,"[6, 4, 3, 7, 6, 3, 4, 4, 3, 6]","[0, 0, 0, 0, 0, 0, 0, 0, 0, 1]",1
28,1,180,"[4, 4, 4, 4, 4, 3, 5, 4, 4, 4]","[0, 0, 0, 0, 0, 0, 0, 1, 0, 0]",1
28,1,181,"[5, 4, 6, 7, 6, 3, 7, 2, 7, 5]","[0, 0, 1, 0, 0, 0, 0, 0, 0, 0]",1
28,1,182,"[4, 4, 4, 4, 2, 4, 4, 3, 3, 4]","[1, 1, 0, 1, 1, 0, 0, 1, 0, 0]",1
28,1,183,"[7, 4, 4, 5, 3, 5, 5, 5, 4, 4]","[0, 1, 0, 0, 0, 0, 0, 0, 0, 1]",1
28,1,184,"[5, 4, 4, 3, 1, 3, 4, 5, 4, 4]","[0, 0, 0, 0, 0, 1, 0, 0, 0, 0]",1
28,1,185,"[7, 5, 7, 8, 3, 4, 5, 4, 6, 8]","[0, 1, 1, 0, 0, 0, 0, 1, 0, 0]",1
28,1,186,"[6, 5, 3, 4, 4, 4, 7, 6, 1, 3]","[0, 1, 0, 0, 0, 0, 1, 0, 0, 0]",1
28,1,187,"[5, 7, 5, 6, 5, 6, 8, 4, 6, 6]","[1, 0, 0, 0, 0, 1, 1, 1, 0, 0]",1
28,1,188,"[3, 3, 5, 3, 2, 1, 3, 3, 3, 4]","[0, 0, 0, 0, 0, 0, 1, 1, 1, 0]",1
28,1,189,"[5, 3, 3, 3, 3, 3, 4, 3, 3, 3]","[1, 0, 0, 0, 0, 0, 1, 0, 0, 0]",1
28,1,190,"[5, 4, 2, 6, 3, 5, 3, 3, 4, 2]","[0, 0, 0, 0, 0, 1, 0, 0, 1, 0]",1
28,1,191,"[6, 5, 4, 6, 6, 7, 6, 5, 7, 6]","[0, 0, 1, 0, 1, 1, 0, 0, 1, 1]",1
28,1,192,"[6, 5, 5, 5, 5, 5, 5, 5, 4, 5]","[1, 0, 0, 0, 0, 0, 0, 0, 1, 1]",1
28,1,193,"[5, 5, 5, 5, 6, 5, 5, 7, 6, 6]","[0, 0, 0, 1, 0, 1, 0, 1, 1, 0]",1
28,1,194,"[1, 1, 4, 3, 2, 4, 5, 6, 5, 4]","[0, 0, 1, 0, 0, 0, 0, 0, 1, 1]",1
28,1,195,"[8, 1, 1, 1, 6, 2, 4, 1, 1, 1]","[1, 0, 0, 0, 0, 0, 0, 0, 0, 0]",1
28,1,196,"[3, 3, 3, 3, 9, 1, 3, 3, 3, 3]","[1, 1, 0, 0, 1, 0, 0, 0, 0, 0]",1
28,1,197,"[5, 5, 6, 5, 6, 5, 5, 5, 5, 5]","[0, 1, 0, 1, 1, 0, 0, 1, 0, 0]",1
28,1,198,"[4, 3, 2, 3, 5, 1, 2, 3, 4, 2]","[0, 0, 0, 0, 1, 0, 0, 0, 0, 0]",1
28,1,199,"[3, 3, 2, 2, 3, 3, 2, 4, 3, 3]","[1, 0, 0, 0, 0, 0, 0, 0, 0, 0]",1
28,1,200,"[2, 2, 2, 2, 4, 2, 2, 2, 2, 2]","[0, 0, 0, 0, 0, 0, 0, 0, 0, 0]",1
28,1,201,"[8, 4, 4, 8, 8, 7, 4, 4, 4, 4]","[0, 1, 1, 0, 1, 1, 1, 0, 0, 0]",1
28,1,202,"[4, 5, 4, 5, 5, 4, 4, 4, 4, 4]","[0, 0, 0, 0, 0, 0, 1, 0, 1, 0]",1
28,1,203,"[4, 4, 2, 4, 3, 6, 4, 4, 3, 4]","[0, 0, 0, 0, 0, 0, 0, 0, 0, 1]",1
28,1,204,"[4, 2, 2, 2, 3, 1, 2, 2, 2, 2]","[0, 0, 0, 0, 1, 0, 0, 0, 0, 0]",1
28,1,205,"[9, 9, 9, 9, 9, 9, 9, 9, 9, 9]","[0, 0, 0, 1, 1, 1, 1, 1, 0, 1]",1
28,1,206,"[2, 2, 1, 2, 2, 5, 2, 3, 2, 2]","[0, 0, 0, 0, 0, 0, 0, 0, 0, 0]",1
28,1,207,"[2, 2, 2, 2, 1, 2, 2, 2, 3, 2]","[0, 0, 0, 0, 0, 0, 0, 0, 0, 0]",1
28,1,208,"[5, 5, 4, 6, 5, 5, 5, 5, 5, 5]","[1, 0, 0, 0, 0, 0, 0, 0, 1, 0]",1
28,1,209,"[6, 6, 6, 6, 2, 6, 6, 7, 5, 6]","[0, 0, 1, 1, 0, 1, 0, 1, 0, 1]",1
29,0,0,"[7, 7, 9, 8, 7, 7, 7, 5, 7, 7]","[0, 0, 1, 0, 0, 0, 0, 0, 0, 0]",1
29,0,1,"[5, 6, 6, 7, 6, 7, 6, 3, 7, 4]","[0, 1, 0, 0, 1, 1, 0, 0, 0, 0]",1
29,0,2,"[5, 9, 6, 6, 8, 6, 9, 5, 5, 5]","[1, 0, 1, 1, 0, 0, 0, 0, 0, 0]",1
29,0,3,"[4, 6, 6, 6, 6, 5, 6, 6, 8, 5]","[0, 0, 0, 0, 0, 0, 0, 0, 0, 0]",1
29,0,4,"[7, 3, 4, 4, 4, 3, 5, 2, 3, 3]","[1, 0, 1, 0, 0, 0, 0, 0, 0, 0]",1
29,0,5,"[5, 7, 5, 1, 5, 1, 6, 5, 7, 5]","[0, 0, 0, 0, 0, 0, 0, 0, 0, 0]",1
29,0,6,"[8, 4, 5, 4, 5, 6, 4, 4, 4, 5]","[1, 0, 0, 0, 0, 0, 0, 0, 1, 0]",1
29,0,7,"[8, 6, 7, 7, 7, 4, 7, 7, 8, 7]","[1, 0, 0, 1, 0, 1, 0, 0, 0, 1]",1
29,0,8,"[4, 4, 4, 4, 3, 4, 5, 4, 4, 4]","[0, 0, 0, 0, 0, 0, 0, 0, 0, 0]",1
29,0,9,"[3, 5, 6, 6, 4, 4, 3, 7, 6, 4]","[0, 0, 0, 1, 0, 0, 0, 0, 0, 0]",1
29,0,10,"[5, 5, 5, 6, 5, 5, 4, 7, 5, 5]","[1, 0, 1, 0, 0, 0, 0, 1, 0, 0]",1
29,0,11,"[8, 7, 7, 8, 6, 6, 6, 6, 7, 7]","[1, 1, 0, 0, 0, 0, 0, 0, 0, 0]",1
29,0,12,"[7, 7, 7, 6, 7, 7, 7, 7, 7, 6]","[0, 0, 0, 1, 0, 0, 0, 0, 0, 0]",1
29,0,13,"[4, 4, 5, 4, 7, 5, 4, 4, 4, 5]","[0, 0, 0, 0, 0, 0, 0, 0, 0, 0]",1
29,0,14,"[5, 4, 5, 5, 5, 5, 5, 5, 5, 6]","[1, 0, 0, 0, 0, 1, 0, 1, 1, 0]",1
29,0,15,"[5, 3, 3, 4, 4, 3, 3, 2, 3, 3]","[1, 0, 0, 0, 0, 1, 0, 0, 0, 0]",1
29,0,16,"[8, 8, 4, 7, 3, 7, 8, 9, 5, 7]","[0, 0, 0, 0, 0, 0, 0, 0, 0, 0]",1
29,0,17,"[7, 5, 4, 4, 7, 5, 7, 8, 8, 5]","[0, 0, 0, 0, 0, 0, 0, 0, 1, 0]",1
29,0,18,"[6, 5, 6, 6, 6, 8, 6, 6, 7, 6]","[0, 1, 0, 0, 0, 0, 0, 0, 1, 1]",1
29,0,19,"[2, 3, 3, 3, 2, 2, 3, 1, 2, 3]","[0, 0, 0, 0, 0, 0, 0, 0, 0, 0]",1
29,0,20,"[5, 5, 6, 8, 6, 3, 6, 6, 5, 1]","[0, 0, 0, 0, 0, 0, 0, 0, 0, 0]",1
29,0,21,"[7, 5, 8, 9, 6, 3, 7, 9, 4, 1]","[0, 0, 1, 0, 0, 0, 0, 0, 0, 0]",1
29,0,22,"[4, 5, 5, 4, 5, 4, 5, 4, 3, 4]","[0, 0, 0, 0, 0, 0, 0, 0, 0, 0]",1
29,0,23,"[5, 4, 3, 6, 4, 3, 4, 4, 4, 5]","[1, 1, 0, 0, 0, 0, 0, 0, 0, 1]",1
29,0,24,"[3, 4, 7, 5, 6, 7, 7, 1, 5, 6]","[0, 0, 0, 0, 0, 0, 0, 0, 0, 0]",1
29,0,25,"[6, 5, 6, 6, 6, 6, 6, 6, 6, 6]","[0, 0, 0, 0, 0, 0, 0, 1, 0, 0]",1
29,0,26,"[9, 9, 9, 9, 9, 9, 9, 7, 1, 9]","[1, 1, 0, 0, 0, 1, 0, 0, 0, 0]",1
29,0,27,"[7, 8, 7, 7, 6, 9, 5, 7, 7, 7]","[0, 1, 0, 0, 1, 0, 0, 0, 0, 0]",1
29,0,28,"[5, 5, 5, 5, 6, 4, 6, 5, 6, 5]","[0, 0, 0, 0, 1, 0, 1, 0, 0, 1]",1
29,0,29,"[9, 9, 9, 9, 9, 9, 9, 9, 9, 9]","[0, 0, 1, 0, 1, 0, 0, 1, 0, 0]",1
29,0,31,"[6, 4, 5, 5, 8, 4, 4, 4, 3, 4]","[0, 0, 0, 0, 0, 0, 0, 0, 0, 0]",1
29,0,32,"[5, 5, 7, 5, 6, 5, 8, 2, 6, 5]","[0, 0, 0, 0, 1, 0, 0, 0, 1, 0]",1
29,0,33,"[3, 3, 4, 3, 3, 4, 3, 3, 3, 3]","[0, 0, 0, 0, 0, 0, 0, 0, 0, 0]",1
29,0,34,"[7, 5, 5, 7, 7, 7, 6, 4, 7, 6]","[0, 1, 0, 0, 0, 1, 0, 0, 0, 0]",1
29,0,35,"[5, 3, 5, 6, 4, 4, 6, 7, 5, 6]","[0, 1, 0, 0, 0, 0, 0, 0, 0, 0]",1
29,0,36,"[8, 9, 9, 8, 9, 8, 9, 9, 2, 7]","[0, 0, 0, 1, 0, 1, 1, 0, 1, 0]",1
29,0,37,"[5, 6, 5, 3, 7, 6, 5, 4, 6, 6]","[0, 0, 0, 1, 0, 1, 0, 1, 0, 0]",1
29,0,38,"[5, 6, 6, 4, 5, 6, 5, 4, 8, 5]","[1, 0, 0, 1, 0, 0, 0, 0, 0, 0]",1
29,0,39,"[3, 1, 3, 7, 5, 1, 1, 1, 1, 1]","[0, 0, 0, 1, 0, 1, 0, 0, 0, 1]",1
29,0,40,"[2, 2, 2, 2, 2, 2, 2, 2, 1, 2]","[0, 0, 0, 0, 0, 1, 0, 0, 0, 0]",1
29,0,41,"[6, 3, 4, 5, 6, 6, 5, 4, 3, 5]","[0, 0, 0, 0, 0, 0, 0, 0, 0, 0]",1
29,0,42,"[4, 4, 4, 3, 3, 5, 6, 4, 2, 5]","[0, 0, 0, 1, 0, 0, 0, 0, 0, 0]",1
29,0,43,"[7, 6, 6, 5, 5, 5, 5, 3, 6, 4]","[1, 0, 0, 0, 0, 0, 0, 0, 0, 0]",1
29,0,44,"[8, 4, 4, 6, 6, 4, 5, 5, 5, 2]","[0, 0, 0, 1, 0, 0, 0, 0, 1, 0]",1
29,0,45,"[3, 4, 6, 8, 4, 4, 5, 4, 5, 4]","[0, 0, 0, 0, 0, 1, 0, 0, 0, 1]",1
29,0,46,"[4, 5, 6, 1, 5, 5, 5, 5, 5, 1]","[0, 0, 0, 0, 1, 1, 0, 1, 0, 0]",1
29,0,47,"[8, 6, 6, 6, 8, 7, 6, 6, 6, 9]","[0, 0, 0, 0, 0, 1, 1, 0, 0, 0]",1
29,0,48,"[7, 4, 5, 5, 5, 8, 5, 5, 5, 5]","[0, 0, 0, 1, 0, 0, 0, 1, 0, 0]",1
29,0,49,"[5, 4, 4, 5, 4, 5, 5, 8, 5, 7]","[0, 0, 0, 0, 0, 0, 0, 0, 0, 0]",1
29,0,50,"[6, 5, 7, 5, 8, 6, 7, 6, 7, 8]","[0, 0, 1, 0, 0, 0, 0, 0, 0, 1]",1
29,0,51,"[4, 4, 4, 6, 4, 3, 4, 4, 4, 3]","[0, 0, 1, 0, 0, 0, 1, 0, 0, 0]",1
29,0,52,"[3, 3, 3, 4, 3, 2, 1, 5, 1, 6]","[0, 1, 0, 1, 1, 0, 0, 1, 0, 1]",1
29,0,53,"[4, 4, 4, 4, 4, 4, 4, 4, 4, 4]","[0, 0, 0, 0, 0, 0, 0, 0, 0, 0]",1
29,0,54,"[8, 9, 9, 7, 8, 5, 8, 9, 7, 9]","[0, 0, 1, 1, 0, 1, 0, 0, 0, 0]",1
29,0,55,"[6, 6, 6, 6, 6, 9, 5, 6, 5, 5]","[0, 0, 0, 0, 0, 1, 0, 0, 0, 0]",1
29,0,56,"[6, 1, 1, 1, 1, 1, 1, 1, 1, 1]","[0, 0, 0, 0, 0, 0, 0, 1, 0, 0]",1
29,0,57,"[7, 3, 4, 4, 2, 4, 3, 3, 4, 3]","[0, 1, 0, 0, 0, 0, 0, 0, 0, 0]",1
29,0,58,"[5, 5, 5, 4, 4, 6, 5, 2, 7, 4]","[0, 0, 1, 0, 0, 0, 0, 0, 1, 0]",1
29,0,59,"[5, 4, 5, 5, 3, 3, 5, 5, 4, 5]","[0, 0, 1, 0, 0, 0, 0, 0, 0, 0]",1
29,0,60,"[3, 6, 4, 4, 4, 3, 4, 1, 4, 5]","[1, 0, 0, 0, 0, 0, 0, 0, 0, 0]",1
29,0,61,"[4, 3, 4, 4, 4, 4, 4, 5, 5, 4]","[0, 0, 0, 0, 1, 0, 0, 0, 1, 1]",1
29,0,62,"[4, 8, 8, 8, 8, 8, 8, 8, 8, 8]","[0, 0, 0, 0, 1, 0, 0, 0, 0, 0]",1
29,0,63,"[6, 6, 2, 7, 6, 6, 6, 6, 6, 6]","[0, 0, 0, 1, 0, 0, 0, 0, 1, 1]",1
29,0,64,"[6, 7, 7, 4, 7, 7, 7, 7, 7, 6]","[1, 0, 0, 0, 0, 0, 0, 1, 0, 0]",1
29,0,65,"[3, 4, 4, 4, 2, 4, 4, 3, 5, 1]","[0, 0, 0, 0, 0, 0, 0, 1, 0, 0]",1
29,0,66,"[6, 4, 6, 2, 6, 5, 5, 3, 3, 4]","[0, 0, 0, 1, 1, 0, 0, 0, 0, 0]",1
29,0,67,"[4, 3, 3, 4, 6, 7, 4, 5, 5, 4]","[0, 0, 0, 0, 1, 0, 0, 0, 0, 0]",1
29,0,68,"[6, 6, 6, 5, 7, 7, 7, 7, 9, 5]","[0, 0, 1, 1, 0, 0, 0, 1, 0, 1]",1
29,0,69,"[3, 1, 3, 3, 4, 4, 5, 1, 5, 4]","[0, 0, 0, 0, 0, 0, 0, 0, 0, 1]",1
29,0,70,"[6, 6, 6, 6, 6, 6, 6, 6, 6, 6]","[0, 0, 0, 0, 1, 0, 0, 0, 0, 0]",1
29,0,71,"[5, 4, 5, 5, 5, 5, 6, 4, 3, 5]","[0, 0, 0, 0, 0, 0, 0, 0, 0, 0]",1
29,0,72,"[5, 4, 4, 5, 4, 6, 4, 5, 4, 4]","[0, 0, 0, 0, 0, 0, 0, 0, 0, 0]",1
29,0,73,"[4, 7, 5, 3, 6, 7, 7, 8, 4, 7]","[0, 0, 1, 0, 1, 0, 0, 1, 1, 0]",1
29,0,74,"[5, 3, 4, 1, 1, 2, 4, 4, 2, 3]","[0, 0, 0, 0, 0, 0, 0, 0, 0, 0]",1
29,0,75,"[4, 4, 3, 4, 2, 4, 5, 4, 6, 8]","[0, 0, 0, 0, 0, 0, 0, 0, 0, 0]",1
29,0,76,"[5, 4, 5, 4, 4, 4, 5, 5, 5, 5]","[0, 0, 0, 0, 0, 0, 0, 0, 0, 0]",1
29,0,77,"[8, 8, 3, 8, 7, 9, 7, 8, 8, 8]","[1, 1, 0, 0, 0, 1, 0, 1, 1, 1]",1
29,0,78,"[5, 4, 7, 8, 7, 7, 7, 7, 7, 7]","[0, 0, 0, 1, 0, 0, 0, 1, 0, 0]",1
29,0,79,"[9, 6, 5, 4, 5, 1, 6, 6, 4, 6]","[0, 1, 0, 1, 0, 0, 0, 1, 0, 0]",1
29,0,80,"[6, 8, 9, 7, 9, 9, 9, 7, 8, 9]","[0, 0, 0, 1, 1, 0, 1, 0, 0, 0]",1
29,0,81,"[4, 3, 8, 5, 8, 5, 6, 3, 5, 5]","[0, 1, 0, 0, 0, 0, 1, 0, 0, 0]",1
29,0,82,"[3, 8, 4, 6, 5, 5, 5, 8, 5, 4]","[0, 0, 1, 0, 0, 0, 0, 0, 0, 0]",1
29,0,83,"[6, 4, 4, 8, 6, 6, 5, 5, 4, 7]","[1, 0, 0, 0, 0, 0, 1, 0, 0, 1]",1
29,0,84,"[4, 6, 2, 3, 4, 6, 3, 5, 5, 3]","[0, 0, 0, 0, 1, 0, 0, 1, 1, 1]",1
29,0,85,"[5, 2, 8, 8, 8, 9, 8, 9, 8, 1]","[0, 0, 0, 0, 1, 0, 1, 1, 0, 0]",1
29,0,86,"[8, 9, 4, 9, 9, 9, 9, 9, 9, 9]","[0, 0, 0, 0, 0, 0, 0, 0, 1, 0]",1
29,0,87,"[4, 2, 1, 3, 5, 3, 8, 3, 3, 5]","[0, 0, 0, 0, 0, 0, 1, 1, 0, 1]",1
29,0,88,"[4, 5, 5, 4, 4, 1, 4, 4, 4, 5]","[0, 1, 0, 0, 0, 0, 0, 0, 0, 0]",1
29,0,89,"[6, 5, 5, 6, 6, 7, 6, 6, 6, 6]","[0, 0, 1, 0, 0, 1, 0, 0, 0, 0]",1
29,0,90,"[9, 9, 9, 9, 9, 9, 9, 9, 9, 9]","[0, 1, 0, 0, 1, 0, 0, 0, 1, 1]",1
29,0,91,"[5, 5, 5, 5, 3, 4, 7, 5, 6, 5]","[0, 0, 0, 0, 0, 0, 0, 1, 0, 0]",1
29,0,92,"[5, 6, 6, 4, 6, 6, 5, 5, 5, 6]","[0, 0, 0, 0, 1, 0, 1, 0, 0, 0]",1
29,0,93,"[3, 4, 4, 3, 3, 3, 3, 1, 4, 3]","[0, 1, 0, 0, 1, 1, 0, 0, 0, 0]",1
29,0,94,"[8, 7, 6, 9, 7, 5, 5, 5, 8, 5]","[1, 1, 0, 1, 0, 0, 0, 1, 1, 1]",1
29,0,95,"[4, 4, 3, 3, 4, 3, 4, 3, 3, 3]","[0, 0, 1, 0, 0, 0, 0, 0, 0, 0]",1
29,0,96,"[6, 4, 6, 3, 4, 5, 7, 4, 1, 6]","[0, 1, 0, 0, 0, 0, 0, 0, 0, 1]",1
29,0,97,"[5, 5, 5, 3, 9, 6, 4, 4, 3, 6]","[0, 0, 0, 0, 1, 0, 1, 0, 0, 0]",1
29,0,98,"[9, 9, 9, 9, 9, 9, 9, 9, 9, 9]","[0, 0, 1, 0, 0, 0, 0, 0, 0, 0]",1
29,0,99,"[2, 2, 3, 2, 2, 1, 2, 3, 3, 4]","[0, 0, 0, 0, 0, 1, 0, 0, 1, 1]",1
29,0,100,"[3, 3, 5, 2, 7, 2, 2, 1, 2, 8]","[0, 0, 0, 0, 0, 0, 0, 0, 0, 0]",1
29,0,101,"[8, 8, 6, 5, 7, 8, 8, 2, 8, 7]","[0, 0, 0, 0, 0, 0, 0, 0, 0, 0]",1
29,0,102,"[5, 3, 7, 2, 5, 4, 5, 7, 5, 4]","[0, 0, 1, 0, 0, 0, 0, 0, 0, 0]",1
29,0,103,"[7, 5, 6, 7, 6, 7, 7, 7, 7, 8]","[1, 0, 0, 0, 0, 1, 0, 0, 0, 0]",1
29,0,104,"[9, 9, 8, 7, 8, 6, 7, 8, 9, 8]","[0, 1, 1, 1, 1, 1, 1, 0, 0, 1]",1
29,0,105,"[9, 6, 7, 4, 6, 6, 6, 6, 6, 6]","[0, 0, 0, 0, 0, 0, 0, 0, 0, 0]",1
29,0,106,"[5, 6, 5, 5, 5, 5, 6, 5, 8, 6]","[0, 0, 0, 0, 0, 0, 1, 0, 0, 0]",1
29,0,107,"[4, 4, 4, 4, 4, 5, 4, 5, 4, 1]","[0, 0, 0, 0, 0, 1, 1, 0, 0, 0]",1
29,0,108,"[7, 8, 9, 7, 8, 7, 5, 6, 7, 9]","[1, 0, 1, 1, 0, 0, 0, 0, 1, 1]",1
29,0,109,"[4, 5, 6, 6, 3, 6, 6, 3, 6, 7]","[0, 0, 0, 0, 0, 0, 0, 0, 0, 0]",1
29,0,110,"[8, 7, 9, 9, 8, 9, 5, 9, 9, 8]","[1, 1, 0, 1, 1, 0, 0, 1, 0, 1]",1
29,0,111,"[7, 4, 6, 6, 7, 9, 6, 6, 7, 8]","[0, 0, 1, 1, 0, 1, 0, 0, 0, 0]",1
29,0,112,"[4, 4, 4, 4, 4, 3, 9, 2, 5, 5]","[0, 0, 0, 0, 0, 0, 1, 0, 0, 0]",1
29,0,113,"[5, 5, 7, 6, 5, 6, 6, 5, 4, 5]","[0, 0, 0, 0, 0, 0, 0, 0, 0, 0]",1
29,0,114,"[3, 3, 3, 2, 3, 2, 2, 2, 1, 3]","[0, 0, 0, 0, 0, 0, 0, 0, 0, 0]",1
29,0,115,"[9, 8, 3, 3, 9, 9, 9, 8, 9, 8]","[1, 0, 0, 0, 0, 1, 0, 1, 0, 1]",1
29,0,116,"[9, 9, 8, 9, 9, 9, 9, 9, 9, 9]","[0, 1, 1, 1, 1, 1, 1, 1, 0, 0]",1
29,0,117,"[4, 7, 5, 5, 5, 4, 6, 4, 4, 5]","[0, 1, 0, 0, 0, 0, 0, 0, 0, 1]",1
29,0,118,"[8, 6, 6, 7, 6, 7, 7, 7, 7, 6]","[0, 0, 0, 0, 1, 0, 1, 0, 0, 0]",1
29,0,119,"[6, 6, 5, 6, 9, 6, 6, 7, 6, 6]","[1, 1, 0, 0, 0, 0, 1, 0, 0, 0]",1
29,0,120,"[6, 6, 6, 6, 5, 7, 7, 3, 4, 6]","[0, 0, 0, 0, 1, 0, 0, 0, 0, 0]",1
29,0,121,"[6, 7, 6, 7, 6, 6, 6, 6, 6, 6]","[0, 0, 0, 0, 0, 1, 1, 0, 1, 0]",1
29,0,122,"[6, 7, 6, 6, 5, 6, 6, 6, 9, 6]","[1, 0, 1, 1, 0, 0, 1, 0, 0, 1]",1
29,0,123,"[5, 5, 5, 6, 5, 6, 5, 5, 5, 5]","[0, 0, 0, 0, 0, 0, 0, 0, 0, 1]",1
29,0,124,"[9, 9, 9, 9, 9, 9, 9, 9, 9, 9]","[0, 1, 1, 0, 0, 0, 1, 0, 1, 1]",1
29,0,125,"[5, 5, 5, 5, 5, 6, 5, 5, 6, 5]","[0, 0, 0, 0, 0, 0, 0, 0, 0, 0]",1
29,0,126,"[5, 5, 6, 6, 6, 6, 5, 5, 6, 5]","[0, 0, 0, 0, 0, 0, 0, 0, 0, 1]",1
29,0,127,"[4, 4, 5, 4, 5, 5, 4, 4, 4, 4]","[0, 0, 0, 0, 0, 0, 0, 0, 0, 0]",1
29,0,128,"[8, 8, 6, 4, 5, 5, 6, 8, 6, 8]","[0, 0, 0, 0, 0, 0, 0, 0, 0, 0]",1
29,0,129,"[5, 4, 7, 5, 6, 8, 5, 8, 5, 6]","[0, 0, 1, 0, 0, 0, 1, 0, 0, 1]",1
29,0,130,"[7, 7, 7, 7, 7, 6, 9, 7, 7, 8]","[1, 1, 1, 1, 0, 1, 0, 0, 0, 1]",1
29,0,131,"[8, 7, 5, 7, 5, 7, 6, 7, 7, 5]","[0, 0, 0, 1, 0, 1, 0, 0, 1, 1]",1
29,0,132,"[4, 4, 4, 6, 6, 1, 4, 4, 3, 5]","[0, 0, 0, 0, 0, 0, 0, 0, 0, 0]",1
29,0,133,"[9, 9, 8, 9, 1, 9, 9, 9, 9, 3]","[1, 1, 0, 0, 0, 0, 1, 1, 1, 0]",1
29,0,134,"[7, 7, 4, 4, 7, 6, 3, 4, 5, 4]","[1, 0, 0, 1, 1, 1, 0, 0, 0, 0]",1
29,0,135,"[1, 5, 6, 7, 6, 5, 7, 4, 7, 7]","[0, 0, 0, 0, 0, 0, 0, 0, 0, 0]",1
29,0,136,"[8, 7, 8, 8, 4, 7, 7, 6, 6, 5]","[0, 1, 1, 0, 0, 1, 0, 0, 0, 0]",1
29,0,137,"[5, 3, 7, 5, 4, 5, 7, 4, 6, 8]","[0, 1, 0, 0, 0, 1, 0, 0, 0, 0]",1
29,0,138,"[4, 4, 4, 4, 5, 4, 4, 4, 3, 4]","[0, 0, 0, 0, 0, 0, 0, 1, 0, 0]",1
29,0,139,"[5, 4, 4, 4, 4, 4, 4, 4, 6, 4]","[0, 0, 0, 0, 1, 0, 0, 0, 0, 0]",1
29,0,140,"[4, 7, 6, 9, 5, 5, 5, 4, 6, 3]","[0, 0, 1, 1, 1, 0, 0, 0, 0, 0]",1
29,0,141,"[3, 4, 5, 2, 4, 3, 3, 3, 4, 2]","[0, 0, 0, 0, 0, 0, 0, 0, 0, 0]",1
29,0,142,"[7, 6, 6, 6, 3, 5, 7, 7, 6, 5]","[0, 0, 1, 0, 0, 1, 0, 0, 0, 0]",1
29,0,143,"[5, 3, 4, 1, 3, 3, 4, 6, 3, 3]","[0, 0, 0, 0, 0, 1, 0, 0, 0, 0]",1
29,0,144,"[6, 7, 7, 7, 7, 6, 7, 7, 7, 7]","[0, 0, 0, 0, 0, 0, 1, 1, 1, 1]",1
29,0,145,"[6, 6, 6, 6, 9, 7, 5, 6, 6, 6]","[1, 0, 1, 0, 1, 0, 0, 1, 0, 0]",1
29,0,146,"[5, 6, 6, 6, 6, 6, 6, 5, 6, 6]","[1, 0, 0, 0, 0, 0, 1, 1, 0, 0]",1
29,0,147,"[4, 4, 4, 4, 4, 4, 3, 4, 4, 4]","[0, 1, 1, 0, 0, 0, 0, 1, 0, 0]",1
29,0,148,"[5, 5, 5, 5, 5, 4, 2, 5, 5, 5]","[1, 0, 1, 0, 0, 0, 0, 1, 0, 0]",1
29,0,149,"[7, 5, 6, 6, 5, 9, 5, 5, 9, 4]","[0, 0, 1, 0, 0, 0, 0, 1, 1, 0]",1
29,0,150,"[4, 3, 3, 5, 4, 3, 4, 6, 3, 3]","[0, 0, 0, 0, 0, 1, 0, 0, 0, 1]",1
29,0,151,"[6, 6, 5, 5, 5, 5, 5, 5, 7, 3]","[0, 1, 0, 0, 1, 1, 0, 1, 1, 0]",1
29,0,152,"[5, 5, 5, 5, 5, 4, 3, 3, 3, 5]","[1, 0, 0, 0, 0, 0, 0, 0, 0, 1]",1
29,0,153,"[4, 4, 4, 6, 6, 3, 5, 6, 6, 7]","[0, 0, 0, 0, 1, 0, 0, 0, 0, 1]",1
29,0,154,"[9, 7, 6, 9, 9, 7, 7, 9, 9, 8]","[1, 0, 1, 1, 0, 0, 0, 0, 1, 1]",1
29,0,155,"[5, 5, 6, 5, 5, 5, 6, 5, 5, 5]","[0, 1, 0, 0, 0, 0, 0, 0, 0, 0]",1
29,0,156,"[3, 3, 2, 3, 3, 9, 3, 3, 3, 4]","[0, 0, 0, 0, 0, 0, 0, 0, 0, 0]",1
29,0,157,"[5, 5, 5, 5, 6, 5, 5, 6, 5, 6]","[0, 0, 0, 0, 1, 0, 0, 0, 0, 0]",1
29,0,158,"[7, 7, 7, 7, 7, 7, 7, 8, 7, 7]","[0, 1, 0, 0, 0, 1, 0, 0, 0, 0]",1
29,0,159,"[8, 8, 8, 8, 8, 8, 8, 8, 8, 6]","[0, 1, 0, 1, 0, 1, 1, 0, 1, 1]",1
29,0,160,"[4, 5, 5, 6, 5, 5, 9, 8, 9, 5]","[0, 0, 1, 0, 0, 1, 1, 0, 0, 0]",1
29,0,161,"[5, 4, 6, 5, 5, 5, 4, 5, 5, 5]","[0, 0, 1, 0, 0, 1, 1, 0, 0, 0]",1
29,0,162,"[9, 9, 9, 9, 9, 9, 9, 9, 9, 9]","[0, 0, 0, 0, 0, 1, 0, 0, 0, 0]",1
29,0,163,"[7, 7, 7, 2, 8, 6, 8, 8, 8, 5]","[0, 1, 0, 0, 0, 1, 1, 0, 1, 0]",1
29,0,164,"[9, 9, 9, 9, 9, 9, 9, 9, 9, 9]","[0, 0, 0, 1, 0, 0, 0, 1, 0, 1]",1
29,0,165,"[6, 6, 7, 6, 6, 6, 6, 7, 6, 5]","[0, 1, 0, 0, 1, 0, 0, 1, 0, 0]",1
29,0,166,"[4, 4, 4, 4, 4, 5, 4, 6, 5, 4]","[1, 0, 0, 1, 0, 0, 0, 0, 1, 0]",1
29,0,167,"[9, 9, 9, 8, 8, 8, 9, 9, 9, 9]","[0, 1, 1, 0, 0, 0, 1, 0, 0, 0]",1
29,0,168,"[5, 7, 8, 7, 4, 6, 8, 4, 3, 8]","[0, 0, 0, 0, 0, 1, 0, 0, 0, 1]",1
29,0,169,"[5, 3, 5, 6, 6, 4, 5, 5, 4, 4]","[0, 0, 0, 0, 0, 1, 0, 0, 0, 0]",1
29,0,170,"[9, 8, 9, 4, 9, 9, 9, 9, 9, 9]","[1, 1, 0, 0, 0, 1, 0, 0, 1, 1]",1
29,0,171,"[9, 6, 4, 9, 8, 9, 8, 6, 9, 5]","[1, 1, 1, 0, 0, 1, 1, 1, 0, 1]",1
29,0,172,"[6, 7, 7, 3, 8, 6, 6, 6, 6, 4]","[0, 0, 0, 1, 1, 1, 0, 0, 1, 0]",1
29,0,173,"[7, 8, 9, 8, 8, 6, 6, 1, 6, 6]","[0, 0, 0, 0, 1, 1, 0, 0, 1, 0]",1
29,0,174,"[4, 8, 5, 4, 6, 6, 6, 5, 9, 8]","[0, 0, 0, 1, 0, 1, 0, 0, 0, 1]",1
29,0,175,"[5, 5, 6, 5, 5, 5, 5, 5, 5, 5]","[0, 0, 1, 0, 0, 0, 0, 1, 1, 0]",1
29,0,176,"[1, 6, 6, 2, 6, 6, 8, 6, 6, 7]","[0, 0, 0, 0, 0, 0, 0, 1, 0, 0]",1
29,0,177,"[9, 2, 2, 5, 1, 9, 6, 9, 1, 1]","[0, 1, 0, 1, 0, 0, 0, 1, 0, 0]",1
29,0,178,"[4, 7, 7, 8, 7, 6, 6, 9, 6, 7]","[1, 0, 1, 0, 1, 0, 0, 1, 0, 1]",1
29,0,179,"[9, 5, 8, 7, 5, 9, 5, 8, 9, 8]","[0, 0, 1, 0, 0, 1, 1, 1, 1, 0]",1
29,0,180,"[6, 4, 5, 5, 5, 6, 6, 7, 5, 5]","[1, 0, 0, 0, 0, 1, 1, 1, 0, 0]",1
29,0,181,"[4, 5, 4, 4, 5, 7, 4, 3, 2, 4]","[0, 0, 0, 0, 0, 0, 0, 0, 0, 0]",1
29,0,182,"[9, 1, 5, 1, 1, 1, 6, 2, 2, 8]","[1, 0, 0, 1, 0, 0, 0, 0, 0, 0]",1
29,0,183,"[8, 7, 7, 7, 6, 5, 7, 6, 6, 8]","[0, 1, 0, 1, 1, 0, 0, 0, 0, 1]",1
29,0,184,"[4, 4, 4, 5, 5, 8, 4, 7, 4, 7]","[0, 0, 0, 1, 1, 0, 0, 0, 0, 0]",1
29,0,185,"[7, 7, 4, 6, 7, 7, 4, 7, 7, 7]","[0, 1, 0, 0, 1, 0, 0, 0, 0, 0]",1
29,0,186,"[9, 9, 4, 9, 9, 9, 5, 7, 4, 4]","[1, 0, 1, 0, 1, 0, 1, 1, 1, 0]",1
29,0,187,"[2, 2, 4, 3, 5, 5, 4, 4, 5, 4]","[0, 0, 0, 0, 0, 0, 0, 0, 0, 0]",1
29,0,188,"[9, 3, 8, 9, 9, 9, 9, 9, 9, 9]","[1, 0, 1, 0, 1, 0, 0, 1, 1, 0]",1
29,0,189,"[8, 4, 5, 5, 5, 4, 8, 4, 3, 6]","[0, 1, 0, 0, 0, 0, 1, 0, 0, 0]",1
29,0,190,"[5, 3, 5, 4, 4, 6, 6, 6, 6, 6]","[0, 0, 0, 0, 0, 0, 1, 1, 1, 0]",1
29,0,191,"[2, 3, 4, 4, 3, 9, 3, 2, 3, 3]","[0, 0, 0, 0, 0, 0, 1, 0, 0, 1]",1
29,0,192,"[9, 9, 4, 9, 9, 9, 9, 9, 9, 9]","[0, 1, 0, 1, 1, 1, 1, 0, 0, 0]",1
29,0,193,"[6, 5, 4, 5, 4, 5, 4, 5, 5, 4]","[0, 1, 0, 0, 0, 0, 0, 0, 0, 0]",1
29,0,194,"[8, 4, 8, 3, 5, 8, 8, 5, 8, 5]","[1, 0, 1, 0, 0, 1, 0, 1, 0, 1]",1
29,0,195,"[2, 6, 5, 1, 1, 2, 1, 3, 1, 5]","[0, 0, 1, 0, 0, 0, 0, 0, 0, 1]",1
29,0,196,"[3, 5, 4, 4, 5, 2, 3, 6, 3, 4]","[0, 1, 0, 0, 0, 1, 0, 0, 0, 0]",1
29,0,197,"[6, 8, 9, 6, 7, 7, 7, 7, 9, 7]","[0, 0, 0, 1, 0, 1, 0, 1, 0, 1]",1
29,0,198,"[2, 3, 2, 5, 2, 5, 3, 5, 3, 1]","[0, 0, 0, 0, 0, 0, 0, 0, 0, 0]",1
29,0,199,"[3, 3, 3, 3, 3, 3, 3, 3, 7, 3]","[0, 0, 0, 0, 0, 0, 0, 0, 0, 0]",1
29,0,200,"[3, 3, 3, 3, 3, 4, 5, 2, 3, 4]","[0, 0, 0, 0, 0, 0, 0, 0, 0, 0]",1
29,0,201,"[6, 5, 6, 8, 9, 8, 8, 4, 9, 7]","[0, 0, 0, 0, 0, 1, 1, 1, 1, 1]",1
29,0,202,"[9, 8, 4, 4, 5, 5, 5, 7, 1, 5]","[0, 0, 0, 0, 0, 0, 1, 1, 0, 0]",1
29,0,203,"[4, 5, 3, 4, 4, 4, 3, 4, 5, 2]","[0, 1, 0, 0, 1, 0, 0, 0, 1, 0]",1
29,0,204,"[9, 9, 7, 8, 8, 5, 8, 8, 8, 8]","[0, 1, 0, 0, 0, 1, 0, 1, 0, 0]",1
29,0,205,"[9, 9, 9, 9, 9, 9, 9, 9, 9, 9]","[1, 1, 1, 0, 0, 1, 0, 1, 1, 0]",1
29,0,206,"[7, 8, 8, 8, 8, 8, 8, 6, 8, 7]","[0, 0, 1, 1, 1, 0, 0, 0, 1, 0]",1
29,0,207,"[5, 6, 6, 6, 5, 5, 5, 4, 5, 4]","[0, 0, 0, 0, 0, 0, 0, 1, 0, 1]",1
29,0,208,"[7, 7, 7, 7, 9, 7, 4, 6, 7, 7]","[1, 0, 0, 0, 0, 0, 0, 1, 1, 1]",1
29,0,209,"[5, 6, 8, 5, 5, 4, 6, 5, 5, 6]","[1, 0, 0, 1, 1, 0, 0, 0, 0, 1]",1
29,1,0,"[6, 7, 7, 8, 9, 7, 6, 7, 7, 7]","[1, 1, 0, 1, 1, 1, 1, 1, 0, 1]",1
29,1,1,"[5, 4, 3, 4, 4, 5, 6, 6, 4, 4]","[1, 1, 0, 0, 0, 0, 0, 0, 0, 0]",1
29,1,2,"[2, 7, 1, 2, 7, 6, 3, 5, 6, 5]","[0, 0, 1, 0, 1, 0, 0, 1, 0, 0]",1
29,1,3,"[6, 9, 6, 6, 4, 6, 5, 5, 6, 6]","[0, 0, 1, 0, 0, 1, 1, 0, 0, 0]",1
29,1,4,"[3, 3, 1, 4, 4, 5, 3, 4, 4, 4]","[0, 1, 0, 0, 0, 0, 0, 0, 1, 0]",1
29,1,5,"[5, 6, 2, 5, 5, 6, 4, 3, 3, 4]","[0, 0, 0, 1, 1, 1, 0, 0, 0, 1]",1
29,1,6,"[6, 6, 5, 7, 5, 3, 5, 6, 6, 6]","[0, 1, 0, 1, 1, 0, 0, 0, 1, 0]",1
29,1,7,"[6, 5, 5, 5, 6, 5, 9, 5, 4, 6]","[0, 1, 0, 0, 1, 0, 0, 0, 0, 0]",1
29,1,8,"[3, 4, 3, 3, 2, 3, 4, 3, 3, 2]","[0, 0, 0, 0, 0, 0, 0, 0, 0, 1]",1
29,1,9,"[4, 2, 1, 2, 4, 2, 3, 3, 3, 2]","[0, 1, 0, 0, 0, 0, 0, 0, 0, 0]",1
29,1,10,"[5, 3, 2, 4, 5, 5, 5, 4, 3, 4]","[0, 0, 0, 0, 0, 0, 0, 0, 0, 0]",1
29,1,11,"[3, 3, 3, 4, 2, 4, 3, 3, 4, 3]","[0, 0, 0, 0, 0, 0, 0, 0, 1, 0]",1
29,1,12,"[4, 3, 4, 5, 9, 4, 4, 3, 4, 4]","[0, 0, 0, 1, 1, 0, 0, 0, 1, 0]",1
29,1,13,"[1, 3, 2, 3, 3, 3, 4, 3, 3, 3]","[0, 1, 0, 0, 0, 0, 0, 0, 1, 0]",1
29,1,14,"[3, 9, 3, 4, 3, 3, 2, 3, 3, 3]","[0, 0, 0, 1, 0, 1, 0, 0, 0, 0]",1
29,1,15,"[5, 4, 4, 6, 5, 4, 8, 5, 4, 5]","[0, 0, 1, 1, 1, 0, 1, 1, 1, 1]",1
29,1,16,"[7, 7, 5, 6, 4, 8, 7, 5, 5, 5]","[1, 0, 0, 1, 0, 0, 0, 1, 1, 0]",1
29,1,17,"[5, 4, 6, 5, 6, 6, 6, 6, 4, 3]","[0, 1, 0, 0, 0, 0, 1, 0, 0, 0]",1
29,1,18,"[3, 4, 5, 9, 4, 4, 5, 4, 5, 5]","[0, 0, 0, 0, 0, 1, 0, 1, 0, 1]",1
29,1,19,"[3, 3, 2, 3, 4, 3, 3, 2, 3, 4]","[0, 0, 0, 0, 0, 1, 0, 0, 0, 0]",1
29,1,20,"[8, 6, 3, 3, 4, 2, 5, 6, 2, 6]","[1, 0, 1, 0, 0, 0, 0, 1, 0, 0]",1
29,1,21,"[6, 4, 8, 4, 4, 5, 4, 4, 8, 5]","[1, 1, 1, 0, 0, 0, 1, 1, 0, 0]",1
29,1,22,"[3, 3, 3, 3, 3, 4, 3, 3, 3, 3]","[0, 0, 0, 0, 1, 0, 0, 0, 0, 0]",1
29,1,23,"[2, 4, 3, 3, 3, 1, 4, 3, 3, 4]","[0, 1, 0, 0, 0, 0, 1, 0, 0, 0]",1
29,1,24,"[5, 4, 6, 2, 5, 4, 4, 6, 3, 2]","[0, 0, 0, 0, 0, 0, 0, 1, 0, 0]",1
29,1,25,"[4, 4, 4, 4, 4, 4, 4, 4, 4, 4]","[0, 0, 0, 0, 0, 0, 0, 0, 0, 0]",1
29,1,26,"[5, 9, 9, 1, 5, 9, 9, 6, 6, 9]","[1, 0, 0, 0, 0, 1, 0, 1, 0, 0]",1
29,1,27,"[4, 3, 4, 4, 4, 4, 4, 4, 4, 4]","[0, 0, 0, 0, 0, 0, 0, 0, 0, 0]",1
29,1,28,"[3, 3, 3, 4, 3, 3, 2, 3, 3, 3]","[0, 0, 0, 0, 0, 0, 0, 0, 0, 0]",1
29,1,29,"[9, 6, 9, 8, 5, 9, 7, 9, 7, 9]","[0, 0, 0, 0, 0, 0, 0, 0, 0, 1]",1
29,1,30,"[5, 5, 5, 5, 5, 5, 7, 4, 4, 5]","[0, 0, 0, 0, 0, 1, 1, 0, 0, 0]",1
29,1,31,"[5, 4, 5, 4, 5, 3, 5, 6, 5, 6]","[0, 0, 0, 0, 0, 0, 0, 0, 0, 0]",1
29,1,32,"[4, 3, 4, 4, 4, 3, 5, 6, 5, 6]","[0, 1, 1, 0, 0, 0, 0, 0, 1, 1]",1
29,1,33,"[4, 4, 5, 4, 4, 3, 4, 5, 3, 4]","[1, 0, 1, 0, 0, 1, 0, 0, 0, 0]",1
29,1,34,"[6, 5, 5, 7, 7, 4, 6, 5, 7, 5]","[0, 1, 0, 0, 0, 0, 0, 0, 0, 0]",1
29,1,35,"[3, 3, 8, 3, 3, 2, 9, 2, 4, 2]","[0, 0, 0, 0, 0, 0, 1, 0, 0, 0]",1
29,1,36,"[3, 6, 4, 6, 6, 6, 6, 7, 7, 6]","[0, 1, 1, 0, 0, 0, 0, 0, 1, 1]",1
29,1,37,"[3, 8, 2, 7, 3, 4, 5, 2, 4, 3]","[0, 0, 0, 1, 0, 0, 0, 0, 0, 0]",1
29,1,38,"[9, 4, 3, 5, 4, 4, 3, 3, 3, 3]","[1, 0, 0, 0, 0, 1, 1, 0, 0, 0]",1
29,1,39,"[1, 1, 1, 1, 2, 4, 1, 1, 8, 4]","[0, 0, 0, 1, 1, 1, 0, 1, 1, 0]",1
29,1,40,"[2, 2, 2, 2, 2, 2, 2, 1, 3, 2]","[1, 0, 0, 0, 0, 0, 0, 0, 0, 0]",1
29,1,41,"[5, 3, 5, 2, 5, 5, 4, 5, 5, 5]","[0, 0, 0, 0, 1, 0, 1, 0, 1, 0]",1
29,1,42,"[2, 2, 4, 1, 3, 3, 3, 3, 1, 3]","[0, 0, 0, 0, 0, 0, 0, 0, 0, 0]",1
29,1,43,"[3, 7, 8, 8, 8, 7, 2, 7, 3, 4]","[0, 1, 0, 0, 1, 0, 0, 0, 0, 0]",1
29,1,44,"[4, 6, 5, 2, 5, 4, 4, 4, 4, 5]","[0, 0, 0, 0, 1, 0, 0, 1, 0, 1]",1
29,1,45,"[5, 5, 5, 4, 5, 6, 5, 4, 5, 5]","[0, 0, 0, 0, 0, 1, 0, 1, 0, 0]",1
29,1,46,"[4, 3, 1, 3, 4, 3, 3, 3, 3, 4]","[0, 0, 0, 0, 0, 0, 0, 0, 0, 0]",1
29,1,47,"[4, 4, 3, 4, 4, 4, 5, 4, 9, 5]","[0, 0, 1, 0, 0, 0, 0, 0, 1, 0]",1
29,1,48,"[3, 3, 4, 3, 3, 4, 2, 3, 3, 2]","[0, 1, 1, 0, 0, 0, 0, 0, 0, 0]",1
29,1,49,"[5, 3, 3, 4, 4, 3, 4, 3, 7, 4]","[0, 0, 1, 0, 1, 0, 1, 0, 0, 1]",1
29,1,50,"[4, 4, 4, 4, 4, 4, 4, 4, 2, 4]","[0, 0, 0, 0, 0, 0, 1, 1, 0, 1]",1
29,1,51,"[4, 4, 6, 5, 5, 5, 5, 5, 5, 3]","[1, 1, 0, 0, 0, 1, 0, 0, 0, 0]",1
29,1,52,"[3, 3, 4, 1, 3, 2, 3, 1, 3, 3]","[1, 0, 0, 0, 0, 0, 1, 0, 1, 0]",1
29,1,53,"[4, 4, 4, 4, 4, 4, 4, 4, 4, 4]","[0, 0, 0, 0, 0, 0, 0, 1, 0, 0]",1
29,1,54,"[2, 2, 2, 3, 5, 2, 8, 2, 4, 5]","[0, 0, 0, 0, 0, 0, 0, 0, 0, 1]",1
29,1,55,"[6, 6, 6, 5, 6, 7, 6, 6, 5, 5]","[0, 0, 1, 1, 1, 1, 0, 0, 0, 0]",1
29,1,56,"[4, 4, 5, 5, 4, 4, 9, 4, 4, 5]","[0, 0, 1, 0, 0, 0, 1, 0, 0, 0]",1
29,1,57,"[3, 4, 4, 4, 4, 7, 5, 3, 5, 4]","[0, 0, 0, 0, 1, 1, 0, 0, 0, 1]",1
29,1,58,"[4, 3, 2, 4, 3, 6, 4, 2, 6, 3]","[0, 0, 0, 0, 0, 0, 1, 0, 1, 0]",1
29,1,59,"[5, 5, 4, 2, 3, 3, 4, 4, 5, 4]","[0, 0, 0, 0, 0, 0, 0, 0, 0, 0]",1
29,1,60,"[4, 4, 1, 2, 2, 3, 1, 1, 1, 4]","[0, 1, 0, 0, 0, 0, 0, 0, 0, 0]",1
29,1,61,"[7, 4, 4, 3, 4, 4, 4, 4, 4, 4]","[0, 0, 1, 0, 0, 0, 0, 0, 0, 0]",1
29,1,62,"[9, 9, 9, 9, 9, 9, 9, 9, 9, 9]","[0, 1, 1, 1, 1, 0, 0, 0, 1, 0]",1
29,1,63,"[6, 5, 6, 6, 5, 6, 5, 4, 5, 3]","[1, 0, 0, 0, 0, 0, 0, 0, 0, 1]",1
29,1,64,"[9, 7, 8, 9, 9, 8, 3, 8, 9, 9]","[1, 1, 1, 0, 0, 0, 0, 1, 1, 0]",1
29,1,65,"[6, 3, 9, 1, 2, 3, 2, 3, 3, 2]","[1, 0, 1, 0, 0, 0, 0, 0, 0, 0]",1
29,1,66,"[4, 3, 3, 6, 4, 4, 5, 4, 4, 3]","[0, 0, 0, 0, 0, 0, 0, 1, 0, 0]",1
29,1,67,"[4, 3, 3, 5, 5, 4, 6, 6, 5, 1]","[0, 0, 0, 0, 0, 0, 0, 1, 0, 1]",1
29,1,68,"[3, 3, 5, 5, 2, 4, 5, 3, 5, 4]","[0, 0, 1, 0, 0, 0, 0, 0, 0, 0]",1
29,1,69,"[4, 4, 6, 1, 5, 3, 6, 6, 4, 2]","[0, 1, 0, 0, 0, 0, 0, 0, 0, 0]",1
29,1,70,"[3, 5, 6, 6, 9, 5, 5, 5, 5, 4]","[0, 0, 0, 1, 0, 0, 0, 0, 0, 0]",1
29,1,71,"[5, 5, 5, 5, 5, 5, 6, 5, 5, 5]","[0, 1, 1, 0, 0, 0, 0, 0, 0, 1]",1
29,1,72,"[3, 5, 4, 4, 4, 5, 4, 5, 5, 5]","[0, 0, 0, 0, 0, 0, 0, 0, 0, 0]",1
29,1,73,"[5, 3, 1, 1, 4, 1, 6, 4, 7, 2]","[1, 1, 0, 0, 1, 0, 0, 0, 0, 0]",1
29,1,74,"[2, 3, 3, 2, 4, 3, 3, 2, 4, 1]","[0, 0, 0, 0, 0, 0, 0, 0, 0, 1]",1
29,1,75,"[2, 1, 2, 3, 3, 3, 2, 2, 3, 3]","[0, 0, 0, 0, 0, 1, 0, 0, 0, 0]",1
29,1,76,"[3, 4, 2, 3, 4, 3, 3, 3, 3, 7]","[0, 0, 0, 1, 1, 0, 0, 0, 0, 0]",1
29,1,77,"[4, 5, 3, 7, 4, 4, 2, 4, 3, 4]","[1, 1, 0, 1, 0, 0, 0, 1, 1, 0]",1
29,1,78,"[4, 5, 4, 4, 4, 4, 5, 4, 5, 3]","[0, 0, 0, 0, 0, 0, 0, 0, 0, 1]",1
29,1,79,"[1, 4, 5, 4, 2, 5, 4, 4, 4, 5]","[0, 0, 0, 0, 0, 0, 0, 0, 0, 1]",1
29,1,80,"[7, 8, 1, 8, 7, 6, 5, 8, 8, 6]","[1, 1, 0, 0, 0, 0, 0, 1, 0, 0]",1
29,1,81,"[5, 6, 2, 7, 5, 7, 6, 7, 7, 6]","[0, 1, 0, 0, 1, 0, 1, 1, 0, 1]",1
29,1,82,"[6, 6, 4, 4, 4, 2, 2, 6, 5, 4]","[0, 0, 0, 0, 1, 0, 0, 0, 0, 0]",1
29,1,83,"[7, 6, 6, 3, 6, 4, 8, 7, 6, 5]","[1, 0, 0, 0, 0, 1, 1, 0, 1, 1]",1
29,1,84,"[1, 1, 1, 1, 1, 1, 1, 1, 4, 1]","[0, 0, 0, 0, 0, 0, 0, 0, 0, 1]",1
29,1,85,"[3, 6, 6, 6, 6, 6, 7, 6, 7, 6]","[0, 0, 0, 0, 0, 0, 1, 0, 0, 1]",1
29,1,86,"[6, 6, 5, 6, 5, 6, 7, 6, 6, 6]","[0, 0, 1, 0, 0, 1, 1, 0, 0, 1]",1
29,1,87,"[3, 4, 5, 2, 4, 3, 5, 3, 4, 5]","[0, 0, 0, 0, 0, 0, 1, 0, 1, 0]",1
29,1,88,"[3, 3, 6, 2, 3, 2, 2, 3, 2, 2]","[1, 0, 1, 1, 0, 0, 1, 0, 0, 0]",1
29,1,89,"[6, 6, 6, 5, 8, 7, 6, 1, 6, 6]","[0, 0, 0, 1, 1, 1, 0, 0, 0, 1]",1
29,1,90,"[6, 6, 6, 6, 5, 6, 4, 6, 6, 6]","[0, 0, 0, 1, 0, 0, 0, 0, 0, 0]",1
29,1,91,"[2, 3, 3, 7, 3, 3, 5, 4, 5, 4]","[0, 0, 0, 1, 0, 0, 0, 0, 0, 0]",1
29,1,92,"[5, 5, 7, 5, 6, 4, 5, 5, 5, 6]","[0, 0, 0, 0, 1, 0, 0, 0, 1, 0]",1
29,1,93,"[2, 4, 4, 2, 1, 2, 1, 1, 3, 2]","[1, 0, 0, 0, 0, 1, 0, 1, 0, 0]",1
29,1,94,"[3, 5, 4, 4, 5, 5, 2, 3, 6, 4]","[1, 1, 1, 1, 1, 1, 1, 0, 1, 1]",1
29,1,95,"[4, 4, 3, 4, 4, 4, 3, 4, 4, 4]","[0, 1, 0, 0, 1, 1, 0, 0, 0, 0]",1
29,1,96,"[6, 7, 7, 4, 7, 8, 6, 1, 2, 7]","[0, 1, 0, 0, 0, 1, 0, 0, 1, 0]",1
29,1,97,"[2, 1, 8, 4, 4, 3, 3, 2, 2, 2]","[0, 0, 1, 0, 0, 0, 0, 0, 0, 0]",1
29,1,98,"[9, 7, 7, 4, 9, 9, 9, 7, 3, 3]","[0, 1, 1, 1, 0, 0, 1, 1, 0, 1]",1
29,1,99,"[4, 4, 4, 4, 3, 3, 4, 3, 4, 3]","[0, 1, 1, 0, 0, 0, 0, 0, 0, 0]",1
29,1,100,"[4, 2, 3, 4, 4, 3, 3, 3, 3, 3]","[0, 0, 0, 0, 0, 0, 1, 0, 1, 0]",1
29,1,101,"[3, 5, 3, 3, 3, 4, 3, 4, 5, 3]","[0, 1, 0, 0, 0, 0, 0, 0, 0, 0]",1
29,1,102,"[1, 4, 1, 2, 3, 5, 1, 4, 4, 4]","[0, 1, 0, 1, 1, 0, 0, 0, 0, 0]",1
29,1,103,"[3, 3, 1, 2, 3, 1, 2, 3, 2, 1]","[0, 0, 0, 0, 0, 0, 0, 1, 0, 0]",1
29,1,104,"[9, 9, 9, 7, 9, 9, 9, 8, 5, 8]","[1, 1, 1, 0, 1, 1, 1, 1, 0, 1]",1
29,1,105,"[5, 5, 5, 4, 6, 7, 4, 3, 4, 6]","[0, 1, 0, 0, 0, 1, 1, 1, 0, 0]",1
29,1,106,"[3, 3, 4, 2, 3, 4, 3, 2, 3, 3]","[0, 0, 0, 0, 0, 0, 0, 0, 0, 0]",1
29,1,107,"[6, 6, 2, 2, 2, 3, 2, 2, 2, 2]","[0, 0, 0, 0, 0, 0, 0, 0, 0, 0]",1
29,1,108,"[3, 5, 7, 2, 5, 5, 4, 4, 4, 4]","[0, 1, 0, 0, 0, 0, 0, 0, 0, 1]",1
29,1,109,"[4, 4, 6, 6, 7, 4, 4, 5, 3, 6]","[1, 0, 0, 0, 0, 0, 0, 0, 0, 0]",1
29,1,110,"[3, 3, 4, 4, 5, 4, 6, 3, 5, 2]","[0, 0, 0, 0, 0, 1, 0, 0, 0, 0]",1
29,1,111,"[6, 5, 5, 4, 5, 4, 4, 5, 5, 4]","[0, 1, 1, 0, 0, 0, 0, 0, 1, 0]",1
29,1,112,"[4, 5, 4, 5, 5, 5, 5, 5, 5, 4]","[0, 0, 1, 0, 1, 0, 1, 0, 1, 0]",1
29,1,113,"[3, 3, 3, 5, 4, 2, 1, 7, 6, 2]","[0, 0, 0, 0, 0, 0, 0, 0, 0, 0]",1
29,1,114,"[2, 4, 4, 3, 2, 3, 5, 4, 3, 3]","[0, 0, 0, 0, 0, 0, 0, 0, 0, 0]",1
29,1,115,"[6, 5, 5, 5, 6, 5, 4, 4, 5, 5]","[1, 1, 0, 0, 0, 0, 0, 1, 0, 0]",1
29,1,116,"[5, 2, 4, 5, 5, 4, 4, 6, 4, 5]","[0, 0, 0, 0, 1, 0, 1, 1, 1, 0]",1
29,1,117,"[4, 3, 3, 4, 4, 2, 3, 3, 4, 4]","[0, 0, 0, 0, 1, 0, 0, 0, 0, 0]",1
29,1,118,"[5, 6, 6, 5, 5, 4, 6, 5, 5, 6]","[0, 1, 0, 0, 1, 1, 0, 0, 1, 0]",1
29,1,119,"[6, 5, 5, 6, 6, 5, 5, 6, 5, 7]","[0, 0, 0, 0, 1, 0, 0, 0, 0, 0]",1
29,1,120,"[6, 5, 4, 1, 4, 6, 8, 5, 6, 7]","[0, 1, 0, 0, 0, 0, 0, 1, 1, 0]",1
29,1,121,"[4, 4, 4, 6, 8, 3, 4, 4, 4, 4]","[0, 0, 0, 0, 0, 0, 0, 0, 0, 0]",1
29,1,122,"[4, 4, 5, 4, 3, 4, 5, 4, 4, 4]","[0, 0, 0, 0, 0, 0, 1, 0, 0, 0]",1
29,1,123,"[3, 3, 3, 2, 5, 2, 4, 4, 5, 2]","[1, 0, 0, 0, 0, 0, 0, 0, 1, 0]",1
29,1,124,"[8, 2, 5, 3, 4, 7, 3, 3, 4, 4]","[1, 0, 0, 0, 0, 0, 1, 0, 0, 0]",1
29,1,125,"[3, 3, 3, 3, 3, 3, 3, 3, 3, 3]","[0, 0, 1, 0, 0, 0, 0, 1, 0, 0]",1
29,1,126,"[4, 6, 4, 6, 3, 4, 4, 4, 4, 6]","[1, 0, 0, 0, 0, 0, 0, 0, 1, 0]",1
29,1,127,"[4, 4, 4, 4, 3, 3, 4, 4, 5, 3]","[0, 0, 0, 1, 0, 0, 0, 0, 0, 0]",1
29,1,128,"[7, 4, 1, 7, 7, 3, 5, 8, 4, 5]","[1, 0, 0, 0, 0, 0, 0, 1, 0, 1]",1
29,1,129,"[4, 5, 5, 5, 6, 4, 7, 2, 5, 3]","[0, 0, 0, 0, 0, 0, 1, 0, 0, 0]",1
29,1,130,"[8, 5, 8, 5, 5, 5, 8, 5, 5, 7]","[1, 0, 0, 0, 0, 0, 1, 0, 0, 0]",1
29,1,131,"[5, 7, 7, 1, 1, 8, 7, 5, 1, 7]","[1, 1, 1, 0, 0, 1, 0, 1, 1, 1]",1
29,1,132,"[2, 4, 3, 4, 6, 2, 4, 4, 3, 3]","[0, 0, 0, 0, 0, 0, 0, 0, 0, 0]",1
29,1,133,"[3, 3, 2, 3, 3, 2, 4, 3, 3, 3]","[0, 0, 0, 0, 0, 0, 1, 0, 0, 0]",1
29,1,134,"[5, 5, 5, 6, 5, 4, 5, 5, 4, 5]","[1, 0, 0, 0, 0, 0, 1, 1, 0, 0]",1
29,1,135,"[9, 6, 6, 5, 4, 4, 3, 4, 5, 5]","[1, 0, 0, 0, 0, 1, 0, 0, 0, 0]",1
29,1,136,"[5, 6, 6, 7, 5, 5, 5, 6, 6, 4]","[0, 0, 1, 1, 0, 0, 0, 1, 0, 0]",1
29,1,137,"[3, 2, 4, 4, 2, 3, 4, 1, 1, 2]","[0, 0, 0, 0, 0, 0, 0, 0, 0, 0]",1
29,1,138,"[4, 3, 3, 3, 2, 3, 3, 3, 3, 3]","[0, 0, 0, 0, 0, 0, 0, 1, 0, 1]",1
29,1,139,"[4, 4, 3, 5, 3, 5, 5, 3, 5, 2]","[0, 0, 0, 0, 1, 0, 0, 0, 0, 0]",1
29,1,140,"[5, 5, 6, 5, 6, 8, 4, 5, 4, 6]","[0, 0, 0, 1, 1, 1, 0, 0, 0, 0]",1
29,1,141,"[1, 4, 6, 1, 6, 3, 4, 4, 5, 7]","[0, 0, 1, 0, 1, 0, 1, 0, 1, 0]",1
29,1,142,"[2, 7, 7, 3, 4, 2, 5, 6, 6, 3]","[0, 1, 1, 0, 0, 0, 1, 0, 1, 0]",1
29,1,143,"[3, 3, 3, 7, 3, 4, 4, 3, 6, 3]","[0, 1, 0, 0, 0, 0, 1, 0, 0, 0]",1
29,1,144,"[5, 5, 4, 2, 4, 6, 5, 5, 2, 4]","[1, 1, 1, 1, 0, 1, 1, 0, 0, 1]",1
29,1,145,"[6, 4, 6, 4, 5, 5, 5, 4, 5, 4]","[0, 1, 1, 0, 0, 0, 0, 0, 0, 1]",1
29,1,146,"[5, 5, 5, 6, 5, 6, 7, 1, 5, 4]","[0, 0, 0, 1, 0, 1, 1, 0, 1, 0]",1
29,1,147,"[1, 5, 5, 1, 2, 4, 5, 5, 5, 4]","[1, 0, 0, 0, 0, 0, 0, 0, 0, 1]",1
29,1,148,"[5, 5, 6, 5, 5, 6, 5, 5, 1, 5]","[0, 0, 1, 0, 0, 0, 0, 0, 0, 0]",1
29,1,149,"[1, 4, 6, 8, 5, 3, 5, 3, 5, 2]","[0, 0, 0, 0, 0, 0, 0, 0, 0, 0]",1
29,1,150,"[6, 2, 4, 2, 3, 3, 3, 3, 2, 7]","[0, 0, 0, 0, 0, 0, 0, 0, 0, 0]",1
29,1,151,"[3, 3, 9, 3, 2, 4, 3, 5, 3, 3]","[0, 1, 1, 0, 0, 1, 0, 1, 0, 0]",1
29,1,152,"[1, 3, 2, 3, 4, 4, 3, 5, 3, 4]","[0, 0, 1, 0, 0, 1, 0, 0, 0, 0]",1
29,1,153,"[2, 2, 2, 1, 2, 1, 7, 2, 3, 2]","[0, 0, 0, 0, 0, 0, 0, 0, 0, 0]",1
29,1,154,"[4, 4, 3, 4, 4, 2, 4, 3, 4, 4]","[1, 1, 1, 0, 0, 0, 1, 0, 1, 0]",1
29,1,155,"[4, 3, 8, 4, 3, 4, 4, 3, 4, 4]","[0, 0, 1, 0, 0, 0, 1, 0, 1, 0]",1
29,1,156,"[4, 4, 4, 4, 4, 4, 7, 7, 4, 4]","[1, 0, 0, 0, 1, 0, 0, 0, 1, 0]",1
29,1,157,"[5, 2, 5, 4, 3, 4, 4, 4, 4, 3]","[0, 0, 0, 0, 1, 1, 0, 0, 0, 0]",1
29,1,158,"[3, 4, 2, 2, 5, 3, 2, 2, 2, 9]","[0, 0, 0, 0, 1, 1, 0, 0, 0, 0]",1
29,1,159,"[6, 5, 5, 6, 6, 7, 6, 6, 6, 5]","[0, 1, 1, 0, 0, 0, 0, 1, 1, 0]",1
29,1,160,"[4, 5, 4, 6, 3, 7, 3, 5, 3, 4]","[0, 0, 1, 0, 0, 0, 0, 1, 0, 0]",1
29,1,161,"[5, 5, 5, 5, 5, 5, 4, 4, 3, 5]","[0, 0, 0, 0, 1, 0, 0, 0, 0, 0]",1
29,1,162,"[3, 7, 7, 4, 6, 6, 7, 6, 4, 6]","[0, 1, 0, 0, 0, 0, 1, 0, 0, 0]",1
29,1,163,"[6, 8, 5, 5, 5, 1, 6, 6, 5, 5]","[0, 1, 0, 0, 0, 0, 0, 0, 0, 1]",1
29,1,164,"[9, 9, 2, 6, 8, 5, 5, 7, 5, 6]","[0, 1, 0, 0, 0, 0, 0, 0, 0, 0]",1
29,1,165,"[3, 3, 6, 3, 3, 3, 3, 3, 4, 3]","[0, 0, 0, 0, 0, 0, 0, 0, 0, 0]",1
29,1,166,"[7, 5, 6, 7, 7, 7, 5, 7, 6, 1]","[0, 1, 0, 0, 0, 1, 0, 0, 0, 0]",1
29,1,167,"[9, 9, 9, 9, 9, 9, 8, 9, 9, 9]","[0, 1, 1, 1, 1, 0, 0, 1, 1, 0]",1
29,1,168,"[4, 7, 3, 6, 4, 8, 7, 4, 7, 3]","[0, 0, 0, 0, 0, 1, 0, 0, 0, 1]",1
29,1,169,"[4, 7, 4, 4, 6, 6, 2, 4, 6, 7]","[1, 0, 0, 0, 0, 0, 0, 0, 1, 1]",1
29,1,170,"[1, 5, 6, 3, 4, 5, 8, 6, 3, 3]","[0, 0, 1, 0, 0, 0, 0, 0, 1, 0]",1
29,1,171,"[7, 4, 3, 4, 3, 1, 8, 5, 9, 9]","[1, 0, 0, 1, 1, 0, 1, 1, 0, 1]",1
29,1,172,"[5, 4, 7, 4, 8, 1, 5, 4, 4, 5]","[0, 0, 1, 0, 0, 0, 0, 0, 1, 0]",1
29,1,173,"[5, 4, 5, 4, 5, 5, 5, 4, 5, 6]","[0, 0, 0, 0, 1, 0, 0, 0, 0, 0]",1
29,1,174,"[5, 5, 5, 5, 7, 4, 5, 5, 4, 5]","[0, 0, 0, 0, 0, 0, 0, 0, 0, 0]",1
29,1,175,"[2, 2, 1, 2, 2, 2, 2, 2, 2, 2]","[0, 0, 0, 0, 0, 0, 0, 0, 0, 0]",1
29,1,176,"[8, 9, 8, 9, 8, 4, 9, 9, 8, 2]","[0, 1, 1, 1, 0, 0, 1, 0, 0, 0]",1
29,1,177,"[6, 4, 4, 5, 4, 1, 4, 4, 3, 2]","[0, 1, 0, 1, 0, 0, 0, 0, 1, 0]",1
29,1,178,"[5, 5, 6, 6, 4, 5, 5, 4, 6, 6]","[0, 0, 1, 0, 0, 1, 0, 0, 1, 0]",1
29,1,179,"[2, 5, 5, 7, 3, 3, 7, 3, 2, 4]","[0, 0, 0, 0, 0, 0, 0, 0, 0, 1]",1
29,1,180,"[6, 3, 3, 3, 3, 4, 4, 3, 3, 3]","[0, 0, 0, 0, 0, 1, 0, 0, 0, 0]",1
29,1,181,"[5, 2, 2, 5, 6, 3, 8, 6, 4, 3]","[1, 0, 0, 0, 0, 0, 1, 0, 0, 0]",1
29,1,182,"[7, 2, 9, 9, 6, 9, 9, 8, 3, 8]","[0, 1, 1, 1, 0, 0, 1, 1, 0, 0]",1
29,1,183,"[6, 4, 4, 4, 5, 2, 3, 6, 5, 4]","[0, 0, 0, 0, 0, 0, 0, 0, 0, 0]",1
29,1,184,"[3, 4, 4, 4, 4, 4, 5, 4, 4, 2]","[0, 0, 1, 0, 1, 0, 0, 1, 0, 0]",1
29,1,185,"[1, 6, 7, 4, 6, 4, 7, 4, 7, 1]","[1, 0, 0, 1, 0, 0, 1, 0, 1, 0]",1
29,1,186,"[4, 4, 5, 4, 5, 5, 8, 3, 4, 6]","[0, 1, 0, 0, 1, 1, 1, 0, 0, 1]",1
29,1,187,"[4, 4, 3, 4, 3, 4, 4, 3, 3, 4]","[0, 0, 0, 0, 0, 0, 0, 0, 0, 0]",1
29,1,188,"[5, 5, 4, 5, 5, 2, 5, 5, 5, 5]","[0, 0, 1, 0, 0, 1, 1, 0, 0, 0]",1
29,1,189,"[4, 3, 1, 7, 4, 3, 2, 3, 3, 3]","[0, 0, 0, 0, 0, 0, 0, 0, 0, 0]",1
29,1,190,"[5, 3, 6, 2, 4, 2, 4, 4, 2, 8]","[0, 0, 0, 0, 0, 1, 0, 0, 1, 1]",1
29,1,191,"[4, 5, 4, 4, 4, 4, 4, 2, 1, 2]","[1, 0, 0, 0, 0, 0, 0, 0, 0, 0]",1
29,1,192,"[3, 3, 3, 3, 2, 3, 3, 3, 3, 3]","[1, 0, 0, 0, 1, 0, 0, 1, 1, 0]",1
29,1,193,"[3, 3, 3, 3, 3, 4, 4, 3, 5, 3]","[0, 0, 0, 0, 0, 1, 1, 1, 0, 0]",1
29,1,194,"[6, 6, 3, 4, 1, 4, 6, 3, 4, 2]","[1, 0, 0, 1, 0, 0, 1, 1, 0, 1]",1
29,1,195,"[1, 1, 1, 4, 2, 1, 1, 1, 1, 1]","[0, 0, 0, 1, 1, 1, 0, 0, 1, 0]",1
29,1,196,"[2, 4, 4, 3, 9, 5, 9, 3, 3, 3]","[0, 0, 1, 0, 1, 0, 1, 0, 0, 0]",1
29,1,197,"[5, 5, 5, 5, 4, 5, 5, 5, 4, 2]","[1, 1, 0, 1, 1, 0, 1, 1, 0, 0]",1
29,1,198,"[7, 6, 2, 6, 3, 5, 3, 3, 4, 1]","[1, 0, 0, 0, 0, 0, 1, 0, 0, 0]",1
29,1,199,"[2, 2, 2, 2, 2, 2, 2, 2, 2, 2]","[0, 0, 0, 0, 0, 0, 0, 0, 0, 0]",1
29,1,200,"[3, 3, 3, 4, 9, 3, 3, 4, 3, 2]","[0, 0, 0, 0, 0, 0, 0, 1, 0, 0]",1
29,1,201,"[5, 4, 8, 3, 5, 4, 4, 5, 4, 3]","[0, 0, 0, 0, 0, 0, 0, 0, 1, 0]",1
29,1,202,"[3, 5, 4, 3, 2, 5, 5, 4, 3, 4]","[1, 0, 0, 0, 0, 1, 0, 1, 0, 0]",1
29,1,203,"[4, 5, 3, 3, 3, 4, 4, 4, 4, 8]","[1, 0, 0, 0, 0, 1, 0, 0, 0, 0]",1
29,1,204,"[2, 2, 5, 2, 3, 2, 2, 2, 3, 2]","[0, 0, 1, 0, 0, 0, 0, 0, 0, 0]",1
29,1,205,"[6, 7, 7, 7, 7, 7, 7, 7, 7, 7]","[0, 1, 0, 0, 0, 0, 0, 0, 0, 0]",1
29,1,206,"[3, 2, 1, 9, 7, 2, 2, 2, 2, 2]","[0, 0, 0, 0, 0, 0, 0, 0, 0, 0]",1
29,1,207,"[2, 2, 8, 2, 2, 2, 3, 2, 2, 2]","[0, 0, 1, 0, 0, 0, 0, 0, 0, 0]",1
29,1,208,"[4, 3, 2, 4, 2, 4, 4, 2, 5, 6]","[1, 1, 0, 1, 0, 1, 1, 0, 1, 1]",1
29,1,209,"[4, 2, 5, 3, 6, 4, 6, 5, 5, 4]","[1, 0, 1, 1, 0, 0, 1, 1, 0, 0]",1
30,0,0,"[2, 3, 1, 2, 3, 9, 9, 4, 2, 4]","[0, 0, 0, 0, 0, 0, 1, 0, 1, 0]",1
30,0,1,"[6, 6, 6, 7, 8, 6, 6, 7, 6, 6]","[0, 0, 0, 1, 0, 0, 1, 1, 1, 0]",1
30,0,2,"[8, 2, 5, 5, 1, 8, 6, 8, 9, 6]","[0, 0, 0, 0, 0, 0, 0, 1, 0, 0]",1
30,0,3,"[5, 5, 4, 6, 5, 6, 6, 4, 4, 8]","[0, 0, 0, 0, 0, 0, 0, 0, 0, 1]",1
30,0,4,"[3, 2, 5, 6, 1, 4, 5, 3, 2, 5]","[0, 0, 0, 0, 0, 0, 0, 0, 0, 1]",1
30,0,5,"[4, 4, 4, 4, 5, 5, 5, 5, 4, 4]","[0, 0, 0, 0, 0, 0, 0, 1, 0, 0]",1
30,0,6,"[5, 3, 5, 5, 9, 4, 8, 4, 4, 7]","[0, 0, 0, 1, 0, 0, 1, 0, 0, 0]",1
30,0,7,"[7, 2, 7, 6, 7, 7, 7, 7, 7, 6]","[1, 1, 0, 0, 0, 0, 0, 0, 1, 0]",1
30,0,8,"[5, 4, 4, 4, 4, 4, 5, 4, 3, 5]","[0, 0, 0, 0, 1, 0, 0, 0, 0, 0]",1
30,0,9,"[7, 5, 5, 6, 1, 5, 7, 4, 8, 5]","[1, 0, 0, 0, 1, 0, 1, 0, 1, 1]",1
30,0,10,"[5, 3, 5, 3, 5, 5, 1, 5, 4, 4]","[0, 0, 0, 0, 0, 0, 0, 0, 1, 0]",1
30,0,11,"[5, 5, 4, 4, 5, 5, 5, 5, 5, 4]","[0, 0, 0, 0, 0, 0, 1, 0, 0, 0]",1
30,0,12,"[6, 6, 6, 6, 6, 9, 6, 6, 7, 6]","[0, 0, 1, 0, 1, 0, 0, 0, 1, 0]",1
30,0,13,"[4, 5, 4, 3, 3, 4, 2, 3, 2, 5]","[0, 0, 0, 0, 0, 0, 0, 0, 0, 0]",1
30,0,14,"[6, 6, 5, 5, 8, 5, 5, 5, 6, 5]","[0, 0, 0, 0, 1, 0, 0, 0, 0, 1]",1
30,0,15,"[6, 5, 3, 4, 4, 4, 3, 5, 4, 4]","[0, 0, 0, 0, 1, 1, 0, 0, 0, 0]",1
30,0,16,"[6, 2, 8, 7, 4, 7, 6, 5, 3, 4]","[0, 0, 0, 1, 1, 0, 0, 0, 0, 0]",1
30,0,17,"[7, 5, 7, 4, 8, 7, 7, 6, 7, 7]","[0, 0, 0, 0, 0, 1, 0, 1, 0, 1]",1
30,0,18,"[5, 6, 6, 8, 8, 6, 5, 8, 5, 6]","[0, 1, 1, 0, 1, 0, 0, 1, 0, 0]",1
30,0,19,"[4, 1, 4, 3, 3, 1, 3, 1, 4, 4]","[0, 0, 1, 0, 0, 0, 0, 0, 0, 0]",1
30,0,20,"[5, 5, 8, 6, 7, 6, 4, 4, 6, 3]","[0, 0, 0, 0, 1, 1, 1, 0, 1, 1]",1
30,0,21,"[9, 7, 7, 9, 7, 6, 9, 8, 1, 8]","[0, 0, 0, 0, 0, 0, 0, 0, 0, 0]",1
30,0,22,"[3, 4, 4, 4, 4, 3, 4, 4, 3, 3]","[0, 0, 0, 0, 0, 0, 0, 0, 0, 0]",1
30,0,23,"[5, 3, 3, 5, 4, 5, 4, 4, 5, 7]","[0, 0, 0, 0, 0, 1, 0, 0, 0, 0]",1
30,0,24,"[3, 5, 2, 3, 5, 3, 5, 4, 3, 4]","[0, 1, 0, 1, 0, 0, 0, 0, 0, 0]",1
30,0,25,"[5, 5, 5, 5, 5, 5, 5, 5, 5, 5]","[1, 0, 0, 0, 0, 1, 0, 0, 0, 0]",1
30,0,26,"[9, 9, 2, 7, 9, 9, 9, 2, 6, 9]","[0, 1, 0, 0, 0, 0, 0, 0, 0, 0]",1
30,0,27,"[7, 7, 7, 7, 7, 8, 7, 2, 7, 7]","[0, 0, 0, 0, 0, 1, 0, 0, 0, 1]",1
30,0,28,"[6, 5, 5, 5, 6, 6, 5, 6, 8, 5]","[0, 1, 0, 0, 0, 0, 1, 0, 0, 0]",1
30,0,29,"[9, 9, 9, 9, 9, 9, 9, 9, 9, 9]","[1, 1, 0, 0, 0, 0, 0, 0, 0, 0]",1
30,0,31,"[3, 4, 5, 4, 8, 3, 6, 8, 4, 4]","[0, 0, 0, 0, 0, 0, 0, 1, 0, 0]",1
30,0,32,"[5, 5, 8, 7, 3, 5, 5, 6, 5, 5]","[0, 0, 1, 1, 0, 0, 1, 1, 0, 0]",1
30,0,33,"[4, 3, 4, 3, 4, 4, 3, 3, 4, 3]","[0, 1, 0, 0, 0, 0, 0, 0, 1, 0]",1
30,0,34,"[7, 8, 2, 5, 5, 8, 5, 8, 6, 6]","[0, 0, 0, 0, 1, 1, 1, 0, 0, 0]",1
30,0,35,"[5, 5, 4, 5, 4, 3, 4, 6, 4, 3]","[0, 0, 0, 1, 0, 0, 0, 0, 0, 0]",1
30,0,36,"[2, 9, 7, 8, 8, 9, 9, 3, 9, 2]","[0, 1, 1, 0, 1, 1, 1, 0, 1, 0]",1
30,0,37,"[5, 6, 5, 5, 4, 6, 7, 6, 7, 5]","[0, 0, 0, 0, 0, 0, 1, 0, 0, 0]",1
30,0,38,"[4, 7, 3, 4, 5, 2, 5, 5, 6, 7]","[0, 0, 0, 0, 0, 0, 0, 0, 0, 1]",1
30,0,39,"[6, 2, 2, 5, 4, 3, 3, 7, 1, 1]","[1, 0, 0, 1, 0, 0, 0, 0, 0, 0]",1
30,0,40,"[2, 2, 3, 2, 3, 2, 2, 2, 2, 2]","[1, 0, 1, 0, 0, 0, 0, 0, 0, 0]",1
30,0,41,"[2, 5, 5, 6, 4, 5, 5, 5, 4, 5]","[0, 0, 0, 0, 0, 0, 0, 0, 0, 1]",1
30,0,42,"[3, 3, 3, 3, 4, 4, 3, 3, 3, 3]","[0, 0, 0, 0, 0, 0, 0, 0, 0, 0]",1
30,0,43,"[3, 3, 4, 3, 4, 4, 3, 4, 3, 5]","[0, 0, 0, 0, 0, 1, 0, 0, 0, 0]",1
30,0,44,"[4, 4, 4, 5, 7, 8, 9, 2, 5, 6]","[0, 0, 1, 0, 1, 0, 1, 0, 1, 0]",1
30,0,45,"[5, 5, 4, 7, 5, 5, 5, 3, 8, 4]","[0, 0, 1, 0, 1, 0, 0, 0, 1, 0]",1
30,0,46,"[3, 3, 2, 3, 7, 3, 3, 3, 3, 3]","[0, 0, 0, 0, 0, 0, 0, 0, 0, 0]",1
30,0,47,"[6, 6, 6, 6, 8, 6, 4, 5, 6, 9]","[1, 0, 1, 0, 0, 0, 0, 0, 1, 1]",1
30,0,48,"[5, 6, 5, 5, 5, 5, 5, 5, 5, 5]","[0, 0, 0, 0, 0, 0, 1, 0, 1, 0]",1
30,0,49,"[4, 4, 5, 4, 5, 4, 4, 5, 5, 4]","[0, 1, 0, 0, 0, 1, 0, 0, 0, 0]",1
30,0,50,"[7, 8, 7, 6, 7, 9, 6, 7, 8, 7]","[1, 1, 0, 1, 0, 0, 0, 1, 1, 0]",1
30,0,51,"[7, 7, 6, 7, 5, 7, 7, 5, 7, 7]","[0, 0, 0, 0, 0, 0, 1, 0, 0, 0]",1
30,0,52,"[6, 2, 8, 4, 4, 1, 1, 3, 2, 5]","[1, 0, 0, 1, 0, 0, 0, 0, 0, 0]",1
30,0,53,"[4, 3, 4, 3, 9, 9, 4, 4, 4, 4]","[0, 0, 0, 0, 0, 1, 0, 0, 0, 1]",1
30,0,54,"[7, 7, 8, 6, 8, 8, 7, 8, 8, 6]","[0, 0, 1, 0, 0, 0, 0, 1, 1, 0]",1
30,0,55,"[6, 7, 6, 6, 6, 5, 6, 7, 6, 6]","[0, 0, 0, 0, 0, 0, 0, 0, 0, 0]",1
30,0,56,"[1, 7, 3, 1, 1, 1, 6, 1, 1, 1]","[0, 0, 1, 0, 0, 1, 1, 0, 1, 1]",1
30,0,57,"[5, 4, 4, 5, 2, 4, 6, 5, 5, 6]","[0, 0, 0, 0, 0, 0, 0, 0, 0, 0]",1
30,0,58,"[7, 7, 4, 2, 4, 6, 2, 7, 6, 5]","[0, 1, 0, 0, 0, 0, 0, 0, 0, 0]",1
30,0,59,"[1, 3, 4, 5, 7, 4, 3, 5, 9, 4]","[0, 0, 0, 0, 0, 0, 0, 0, 0, 0]",1
30,0,60,"[4, 3, 4, 3, 5, 6, 5, 3, 6, 5]","[0, 0, 0, 0, 0, 0, 0, 0, 0, 1]",1
30,0,61,"[2, 8, 7, 4, 8, 4, 4, 8, 7, 6]","[0, 0, 1, 0, 0, 0, 1, 1, 0, 1]",1
30,0,62,"[8, 7, 8, 7, 8, 7, 8, 9, 8, 7]","[0, 0, 0, 0, 1, 0, 0, 0, 0, 0]",1
30,0,63,"[5, 5, 6, 5, 5, 5, 5, 5, 5, 2]","[0, 0, 0, 0, 0, 0, 0, 1, 0, 0]",1
30,0,64,"[7, 7, 7, 7, 7, 7, 7, 7, 7, 8]","[1, 1, 0, 0, 0, 1, 0, 0, 0, 0]",1
30,0,65,"[4, 3, 4, 4, 3, 5, 5, 2, 3, 3]","[0, 0, 0, 0, 0, 0, 1, 0, 0, 0]",1
30,0,66,"[6, 4, 4, 4, 9, 6, 2, 5, 6, 5]","[1, 0, 0, 0, 0, 0, 0, 0, 0, 0]",1
30,0,67,"[5, 2, 4, 2, 8, 5, 4, 6, 5, 3]","[0, 0, 0, 0, 0, 1, 0, 0, 0, 0]",1
30,0,68,"[6, 5, 9, 5, 8, 8, 8, 8, 6, 3]","[1, 0, 1, 0, 0, 0, 1, 0, 0, 0]",1
30,0,69,"[3, 4, 5, 4, 5, 3, 5, 6, 3, 4]","[0, 0, 0, 1, 0, 1, 1, 0, 0, 0]",1
30,0,70,"[5, 6, 6, 6, 6, 6, 3, 6, 7, 4]","[0, 1, 0, 1, 0, 0, 0, 1, 1, 0]",1
30,0,71,"[5, 4, 5, 5, 5, 4, 5, 5, 5, 5]","[0, 0, 0, 0, 1, 0, 0, 0, 0, 0]",1
30,0,72,"[4, 4, 5, 5, 5, 4, 6, 4, 4, 4]","[0, 0, 0, 0, 1, 0, 0, 0, 0, 0]",1
30,0,73,"[5, 6, 6, 7, 5, 4, 7, 5, 5, 6]","[0, 0, 1, 1, 0, 0, 0, 0, 0, 0]",1
30,0,74,"[4, 6, 6, 3, 5, 2, 3, 2, 4, 3]","[0, 0, 0, 1, 0, 0, 1, 0, 0, 0]",1
30,0,75,"[4, 5, 5, 5, 5, 6, 5, 5, 6, 5]","[0, 0, 1, 1, 1, 0, 1, 0, 1, 0]",1
30,0,76,"[5, 6, 4, 6, 2, 4, 6, 6, 6, 4]","[0, 0, 1, 0, 0, 0, 1, 0, 0, 1]",1
30,0,77,"[1, 6, 8, 8, 7, 7, 7, 6, 6, 7]","[0, 0, 1, 1, 0, 0, 1, 1, 1, 0]",1
30,0,78,"[6, 7, 6, 7, 5, 7, 7, 6, 8, 4]","[1, 0, 0, 1, 0, 0, 0, 0, 1, 0]",1
30,0,79,"[9, 9, 9, 9, 4, 9, 9, 9, 8, 9]","[0, 0, 0, 0, 0, 0, 0, 0, 0, 0]",1
30,0,80,"[9, 7, 7, 7, 9, 8, 7, 6, 7, 7]","[0, 0, 0, 1, 0, 0, 0, 0, 1, 0]",1
30,0,81,"[7, 5, 7, 4, 6, 4, 5, 5, 6, 5]","[0, 0, 0, 0, 0, 0, 0, 0, 1, 1]",1
30,0,82,"[4, 8, 6, 4, 5, 8, 7, 5, 4, 5]","[0, 1, 0, 0, 0, 0, 0, 0, 0, 0]",1
30,0,83,"[5, 6, 8, 8, 6, 7, 1, 6, 8, 5]","[0, 0, 0, 0, 0, 0, 0, 0, 0, 0]",1
30,0,84,"[8, 4, 8, 3, 2, 5, 2, 7, 3, 5]","[1, 0, 0, 0, 0, 0, 0, 0, 0, 0]",1
30,0,85,"[8, 8, 8, 9, 5, 8, 8, 8, 2, 8]","[0, 0, 0, 0, 0, 0, 0, 0, 0, 0]",1
30,0,86,"[8, 9, 7, 9, 9, 9, 9, 8, 9, 8]","[0, 0, 1, 0, 1, 0, 1, 0, 0, 1]",1
30,0,87,"[5, 5, 4, 3, 4, 5, 6, 5, 5, 8]","[0, 0, 0, 0, 0, 0, 0, 0, 0, 0]",1
30,0,88,"[4, 4, 3, 4, 4, 5, 4, 5, 4, 4]","[0, 0, 0, 0, 0, 0, 0, 0, 0, 0]",1
30,0,89,"[4, 7, 4, 4, 5, 5, 4, 3, 4, 4]","[0, 0, 0, 0, 0, 0, 0, 0, 0, 0]",1
30,0,90,"[9, 9, 9, 9, 9, 9, 9, 9, 9, 9]","[0, 1, 0, 0, 1, 0, 0, 1, 0, 0]",1
30,0,91,"[5, 5, 5, 5, 6, 6, 7, 7, 6, 4]","[0, 0, 0, 0, 0, 0, 0, 0, 0, 0]",1
30,0,92,"[7, 5, 5, 6, 8, 5, 6, 5, 5, 5]","[0, 0, 0, 0, 0, 0, 0, 0, 1, 0]",1
30,0,93,"[1, 3, 3, 4, 2, 3, 1, 3, 3, 3]","[0, 0, 0, 0, 0, 0, 0, 0, 0, 0]",1
30,0,94,"[7, 9, 3, 5, 7, 5, 8, 3, 8, 5]","[0, 0, 0, 0, 1, 0, 1, 0, 1, 0]",1
30,0,95,"[2, 2, 2, 2, 3, 2, 2, 1, 2, 2]","[0, 0, 0, 0, 0, 0, 0, 0, 0, 0]",1
30,0,96,"[5, 6, 5, 6, 3, 6, 5, 5, 6, 3]","[0, 1, 0, 0, 0, 0, 0, 1, 0, 0]",1
30,0,97,"[6, 5, 5, 6, 6, 6, 6, 3, 4, 6]","[1, 0, 0, 0, 0, 0, 0, 0, 1, 0]",1
30,0,98,"[9, 9, 9, 9, 9, 9, 9, 9, 9, 9]","[1, 0, 0, 0, 1, 1, 0, 0, 0, 0]",1
30,0,99,"[2, 2, 3, 2, 2, 1, 3, 1, 2, 2]","[0, 0, 0, 0, 0, 1, 0, 0, 1, 0]",1
30,0,100,"[1, 3, 4, 2, 7, 6, 2, 2, 2, 3]","[0, 0, 0, 0, 0, 0, 0, 0, 0, 1]",1
30,0,101,"[9, 8, 3, 3, 8, 8, 8, 4, 8, 8]","[0, 0, 0, 0, 0, 1, 0, 0, 0, 1]",1
30,0,102,"[8, 2, 5, 2, 5, 7, 8, 4, 5, 3]","[1, 0, 0, 0, 0, 1, 1, 0, 0, 0]",1
30,0,103,"[7, 6, 6, 6, 6, 6, 5, 4, 6, 6]","[0, 0, 0, 0, 0, 0, 1, 0, 1, 0]",1
30,0,104,"[9, 9, 9, 9, 9, 9, 9, 8, 9, 9]","[0, 1, 0, 1, 0, 0, 0, 0, 0, 0]",1
30,0,105,"[6, 6, 7, 5, 6, 7, 6, 1, 5, 6]","[1, 0, 1, 0, 0, 1, 0, 0, 0, 0]",1
30,0,106,"[5, 6, 3, 5, 3, 5, 4, 5, 4, 5]","[0, 0, 0, 1, 0, 0, 0, 0, 0, 1]",1
30,0,107,"[4, 4, 6, 4, 4, 4, 6, 3, 5, 4]","[0, 0, 0, 0, 0, 0, 0, 0, 0, 0]",1
30,0,108,"[4, 4, 9, 7, 4, 9, 8, 7, 4, 7]","[1, 0, 0, 0, 0, 0, 0, 0, 0, 0]",1
30,0,109,"[5, 5, 6, 6, 6, 4, 6, 4, 6, 2]","[0, 0, 0, 0, 0, 0, 0, 1, 0, 0]",1
30,0,110,"[6, 9, 7, 8, 9, 8, 8, 9, 8, 8]","[1, 1, 1, 0, 1, 1, 1, 1, 1, 0]",1
30,0,111,"[7, 3, 7, 9, 7, 8, 7, 9, 6, 7]","[1, 0, 1, 0, 0, 0, 0, 1, 1, 0]",1
30,0,112,"[4, 4, 4, 4, 4, 4, 5, 4, 4, 4]","[0, 0, 0, 0, 0, 1, 1, 0, 0, 1]",1
30,0,113,"[6, 7, 1, 6, 6, 6, 6, 6, 6, 7]","[0, 0, 0, 1, 0, 0, 0, 0, 0, 0]",1
30,0,114,"[3, 3, 1, 5, 3, 5, 2, 1, 4, 2]","[0, 0, 0, 0, 0, 1, 0, 0, 0, 0]",1
30,0,115,"[9, 9, 9, 9, 9, 9, 9, 9, 9, 9]","[1, 1, 0, 0, 1, 1, 1, 0, 1, 1]",1
30,0,116,"[9, 9, 9, 9, 9, 8, 8, 9, 9, 9]","[0, 0, 0, 0, 0, 0, 1, 1, 1, 0]",1
30,0,117,"[6, 1, 8, 8, 7, 7, 8, 8, 8, 8]","[0, 0, 0, 0, 0, 0, 0, 0, 1, 0]",1
30,0,118,"[7, 7, 7, 7, 5, 7, 7, 6, 7, 1]","[0, 0, 0, 0, 0, 0, 0, 1, 0, 0]",1
30,0,119,"[5, 4, 4, 6, 4, 5, 6, 4, 8, 3]","[0, 0, 0, 0, 0, 0, 0, 0, 0, 0]",1
30,0,120,"[7, 4, 6, 1, 5, 4, 4, 6, 7, 5]","[0, 0, 0, 0, 0, 0, 0, 0, 0, 0]",1
30,0,121,"[5, 5, 4, 5, 5, 1, 5, 5, 6, 4]","[0, 0, 0, 0, 1, 0, 0, 0, 1, 0]",1
30,0,122,"[5, 6, 5, 6, 6, 7, 6, 7, 6, 7]","[1, 0, 1, 0, 0, 0, 0, 0, 0, 0]",1
30,0,123,"[6, 7, 6, 6, 5, 5, 6, 7, 5, 6]","[0, 0, 0, 0, 0, 0, 0, 0, 1, 1]",1
30,0,124,"[9, 9, 9, 9, 9, 9, 9, 9, 9, 3]","[0, 0, 1, 1, 1, 0, 1, 0, 0, 0]",1
30,0,125,"[6, 6, 5, 6, 5, 5, 6, 6, 8, 6]","[1, 0, 0, 1, 0, 0, 0, 0, 0, 0]",1
30,0,126,"[6, 6, 5, 7, 5, 5, 7, 4, 5, 4]","[1, 1, 0, 0, 0, 0, 0, 0, 0, 0]",1
30,0,127,"[7, 7, 6, 7, 7, 7, 6, 7, 7, 7]","[1, 1, 0, 1, 1, 1, 0, 0, 0, 0]",1
30,0,128,"[6, 8, 6, 6, 6, 8, 6, 7, 7, 7]","[0, 0, 0, 0, 0, 0, 0, 0, 0, 0]",1
30,0,129,"[8, 8, 5, 5, 6, 5, 6, 5, 7, 8]","[0, 1, 0, 1, 1, 0, 1, 0, 0, 1]",1
30,0,130,"[8, 9, 6, 7, 7, 7, 7, 7, 7, 7]","[0, 0, 0, 1, 0, 0, 1, 0, 0, 1]",1
30,0,131,"[7, 7, 3, 8, 5, 9, 6, 7, 8, 6]","[0, 1, 1, 1, 1, 0, 0, 0, 0, 1]",1
30,0,132,"[5, 5, 4, 5, 5, 4, 5, 5, 3, 5]","[0, 0, 0, 0, 0, 0, 0, 1, 0, 0]",1
30,0,133,"[9, 9, 9, 9, 9, 9, 9, 9, 9, 9]","[0, 1, 0, 0, 0, 0, 0, 0, 0, 0]",1
30,0,134,"[6, 6, 6, 7, 7, 6, 6, 5, 7, 2]","[1, 0, 0, 0, 0, 0, 0, 0, 1, 0]",1
30,0,135,"[8, 6, 4, 5, 6, 6, 7, 7, 6, 9]","[1, 0, 1, 0, 0, 0, 0, 0, 0, 0]",1
30,0,136,"[8, 5, 4, 7, 6, 5, 7, 6, 8, 6]","[0, 0, 0, 0, 0, 0, 0, 0, 0, 0]",1
30,0,137,"[7, 6, 5, 3, 4, 3, 5, 4, 6, 6]","[1, 0, 0, 0, 0, 0, 0, 0, 0, 0]",1
30,0,138,"[6, 6, 6, 6, 6, 6, 6, 5, 6, 6]","[0, 0, 0, 0, 0, 0, 0, 0, 0, 0]",1
30,0,139,"[2, 4, 4, 4, 4, 3, 4, 3, 1, 4]","[0, 0, 0, 0, 0, 1, 1, 0, 0, 0]",1
30,0,140,"[4, 9, 7, 3, 8, 8, 5, 5, 5, 5]","[0, 0, 0, 0, 0, 0, 0, 0, 0, 1]",1
30,0,141,"[4, 4, 2, 2, 3, 5, 4, 1, 2, 3]","[0, 0, 0, 1, 0, 0, 0, 0, 0, 0]",1
30,0,142,"[7, 7, 4, 2, 5, 2, 6, 8, 6, 4]","[0, 0, 0, 0, 0, 0, 1, 0, 0, 1]",1
30,0,143,"[4, 4, 4, 4, 5, 4, 4, 6, 4, 4]","[1, 0, 0, 0, 0, 0, 0, 0, 1, 0]",1
30,0,144,"[6, 9, 4, 6, 8, 4, 7, 7, 7, 7]","[0, 1, 0, 0, 1, 1, 1, 1, 0, 1]",1
30,0,145,"[6, 6, 7, 5, 4, 7, 6, 7, 6, 7]","[0, 1, 1, 0, 0, 0, 1, 1, 1, 0]",1
30,0,146,"[7, 8, 8, 8, 8, 9, 8, 8, 8, 8]","[0, 0, 0, 1, 1, 1, 0, 0, 0, 0]",1
30,0,147,"[5, 7, 5, 6, 6, 7, 7, 2, 2, 4]","[1, 0, 0, 0, 0, 0, 1, 0, 0, 1]",1
30,0,148,"[3, 5, 4, 5, 4, 5, 4, 6, 5, 1]","[0, 0, 1, 1, 0, 0, 0, 0, 0, 0]",1
30,0,149,"[5, 2, 7, 5, 5, 6, 5, 7, 7, 6]","[0, 0, 0, 0, 0, 1, 1, 0, 0, 0]",1
30,0,150,"[4, 3, 8, 3, 5, 2, 4, 3, 3, 5]","[0, 0, 0, 0, 0, 0, 0, 0, 0, 0]",1
30,0,151,"[7, 4, 5, 4, 6, 5, 6, 5, 9, 4]","[1, 0, 0, 0, 0, 0, 0, 0, 1, 0]",1
30,0,152,"[5, 4, 3, 3, 4, 4, 5, 5, 4, 3]","[0, 0, 0, 0, 0, 0, 0, 0, 1, 0]",1
30,0,153,"[6, 9, 5, 5, 6, 5, 5, 5, 5, 5]","[0, 0, 0, 0, 0, 0, 0, 0, 0, 0]",1
30,0,154,"[4, 7, 8, 8, 8, 9, 8, 8, 8, 2]","[0, 0, 0, 0, 0, 1, 0, 1, 1, 0]",1
30,0,155,"[2, 5, 2, 6, 9, 4, 5, 5, 2, 6]","[0, 0, 0, 0, 0, 0, 0, 0, 0, 0]",1
30,0,156,"[2, 5, 2, 3, 3, 3, 2, 3, 3, 5]","[0, 0, 0, 0, 0, 0, 0, 0, 0, 0]",1
30,0,157,"[9, 6, 9, 5, 6, 4, 7, 6, 9, 6]","[1, 0, 1, 0, 1, 0, 0, 0, 1, 0]",1
30,0,158,"[8, 6, 7, 8, 8, 7, 7, 7, 7, 8]","[1, 0, 0, 1, 1, 0, 1, 0, 0, 0]",1
30,0,159,"[6, 7, 7, 7, 8, 7, 7, 7, 7, 6]","[1, 0, 0, 1, 1, 0, 1, 1, 1, 0]",1
30,0,160,"[9, 5, 9, 9, 5, 9, 5, 6, 6, 6]","[0, 0, 0, 0, 0, 0, 0, 1, 0, 0]",1
30,0,161,"[7, 7, 9, 7, 4, 4, 7, 8, 6, 5]","[0, 0, 0, 0, 0, 0, 1, 1, 0, 1]",1
30,0,162,"[9, 9, 9, 9, 9, 9, 9, 9, 9, 9]","[0, 0, 0, 0, 0, 0, 0, 1, 0, 0]",1
30,0,163,"[8, 7, 7, 8, 8, 4, 2, 8, 7, 9]","[0, 0, 0, 1, 0, 0, 0, 0, 1, 0]",1
30,0,164,"[9, 9, 9, 9, 9, 9, 9, 9, 9, 9]","[0, 0, 1, 0, 0, 1, 0, 0, 1, 0]",1
30,0,165,"[6, 4, 6, 5, 4, 6, 5, 2, 5, 6]","[0, 0, 0, 0, 1, 0, 1, 0, 0, 0]",1
30,0,166,"[5, 5, 6, 4, 6, 4, 6, 5, 8, 7]","[0, 0, 1, 0, 0, 0, 0, 0, 1, 0]",1
30,0,167,"[9, 9, 9, 8, 9, 9, 9, 9, 9, 9]","[0, 0, 0, 0, 0, 0, 1, 1, 0, 0]",1
30,0,168,"[6, 6, 5, 6, 8, 8, 8, 6, 5, 6]","[1, 1, 0, 1, 0, 1, 0, 1, 0, 0]",1
30,0,169,"[6, 5, 6, 5, 6, 8, 7, 7, 7, 6]","[0, 1, 1, 1, 1, 1, 1, 0, 1, 0]",1
30,0,170,"[1, 1, 9, 9, 9, 9, 8, 9, 9, 9]","[0, 0, 1, 0, 0, 0, 1, 0, 0, 0]",1
30,0,171,"[5, 6, 9, 4, 7, 9, 9, 9, 9, 6]","[0, 1, 0, 0, 0, 0, 1, 0, 1, 0]",1
30,0,172,"[5, 3, 7, 7, 7, 5, 5, 3, 7, 3]","[0, 0, 1, 0, 1, 0, 0, 0, 0, 0]",1
30,0,173,"[7, 8, 8, 5, 6, 5, 4, 9, 8, 8]","[1, 1, 0, 0, 0, 0, 0, 1, 1, 1]",1
30,0,174,"[5, 6, 7, 5, 6, 5, 2, 5, 6, 6]","[0, 0, 0, 0, 0, 0, 0, 0, 0, 0]",1
30,0,175,"[5, 5, 5, 4, 5, 4, 5, 5, 3, 4]","[0, 0, 0, 0, 0, 0, 1, 0, 0, 0]",1
30,0,176,"[8, 9, 5, 8, 9, 9, 2, 7, 7, 8]","[1, 1, 0, 0, 0, 0, 1, 0, 0, 0]",1
30,0,177,"[5, 4, 9, 8, 6, 9, 1, 9, 9, 9]","[0, 0, 0, 0, 1, 1, 1, 1, 1, 1]",1
30,0,178,"[8, 7, 6, 8, 7, 5, 5, 8, 6, 6]","[1, 0, 0, 1, 0, 0, 1, 0, 0, 0]",1
30,0,179,"[5, 9, 8, 5, 5, 5, 5, 9, 9, 5]","[0, 0, 0, 1, 0, 0, 0, 0, 0, 0]",1
30,0,180,"[6, 5, 5, 6, 5, 5, 7, 5, 4, 5]","[0, 1, 0, 0, 0, 0, 0, 1, 0, 0]",1
30,0,181,"[3, 8, 4, 5, 8, 6, 8, 4, 4, 5]","[0, 1, 1, 1, 0, 0, 0, 0, 0, 0]",1
30,0,182,"[6, 9, 9, 9, 9, 3, 3, 2, 9, 5]","[1, 0, 1, 0, 1, 0, 0, 0, 1, 0]",1
30,0,183,"[8, 6, 9, 7, 8, 7, 6, 8, 5, 7]","[1, 0, 1, 1, 0, 0, 0, 1, 1, 1]",1
30,0,184,"[3, 6, 6, 6, 3, 7, 6, 6, 6, 7]","[0, 0, 0, 0, 0, 0, 0, 0, 0, 0]",1
30,0,185,"[4, 4, 6, 6, 6, 4, 2, 6, 2, 7]","[1, 0, 0, 1, 1, 0, 0, 0, 0, 0]",1
30,0,186,"[9, 9, 4, 9, 9, 9, 4, 4, 1, 3]","[1, 0, 0, 1, 0, 1, 0, 0, 0, 0]",1
30,0,187,"[4, 4, 6, 6, 5, 6, 5, 6, 5, 4]","[1, 1, 0, 0, 0, 0, 0, 0, 1, 0]",1
30,0,188,"[9, 9, 9, 9, 9, 9, 9, 9, 9, 9]","[0, 0, 1, 0, 1, 1, 1, 0, 0, 0]",1
30,0,189,"[4, 4, 2, 6, 1, 1, 1, 3, 6, 3]","[1, 0, 0, 0, 0, 0, 0, 0, 0, 0]",1
30,0,190,"[5, 2, 6, 5, 5, 2, 4, 5, 5, 3]","[1, 0, 1, 0, 1, 0, 0, 1, 0, 0]",1
30,0,191,"[5, 5, 4, 5, 5, 3, 7, 7, 5, 4]","[1, 1, 0, 0, 0, 0, 1, 0, 1, 0]",1
30,0,192,"[8, 9, 9, 9, 9, 9, 9, 9, 9, 9]","[0, 0, 1, 0, 1, 0, 1, 0, 0, 0]",1
30,0,193,"[5, 5, 9, 5, 5, 5, 5, 6, 4, 4]","[0, 0, 0, 0, 0, 0, 0, 0, 0, 1]",1
30,0,194,"[6, 8, 6, 7, 8, 5, 7, 6, 5, 7]","[0, 0, 1, 0, 0, 0, 0, 0, 0, 1]",1
30,0,195,"[1, 6, 1, 9, 5, 5, 3, 4, 2, 3]","[0, 1, 0, 1, 0, 0, 0, 1, 0, 0]",1
30,0,196,"[3, 5, 4, 4, 4, 2, 3, 5, 1, 4]","[0, 1, 0, 0, 0, 0, 0, 0, 0, 0]",1
30,0,197,"[8, 9, 9, 9, 7, 9, 9, 9, 9, 9]","[0, 0, 0, 0, 0, 1, 1, 0, 0, 0]",1
30,0,198,"[5, 4, 2, 6, 5, 2, 2, 2, 5, 4]","[0, 0, 0, 1, 0, 0, 0, 0, 1, 0]",1
30,0,199,"[2, 3, 3, 2, 3, 3, 3, 3, 3, 3]","[1, 0, 0, 0, 0, 0, 0, 0, 0, 0]",1
30,0,200,"[3, 3, 3, 2, 3, 3, 3, 3, 3, 3]","[0, 0, 0, 0, 0, 1, 0, 0, 0, 0]",1
30,0,201,"[7, 9, 6, 9, 2, 7, 9, 9, 7, 7]","[0, 1, 0, 0, 0, 1, 0, 1, 1, 0]",1
30,0,202,"[6, 9, 9, 6, 6, 5, 5, 5, 3, 7]","[1, 1, 0, 0, 0, 0, 0, 0, 0, 1]",1
30,0,203,"[2, 4, 3, 4, 3, 3, 3, 4, 1, 3]","[0, 0, 0, 0, 1, 1, 0, 1, 0, 0]",1
30,0,204,"[8, 8, 8, 8, 8, 8, 7, 8, 7, 9]","[1, 0, 1, 1, 0, 1, 1, 1, 1, 0]",1
30,0,205,"[9, 9, 9, 9, 9, 8, 8, 9, 9, 9]","[1, 1, 0, 1, 0, 0, 1, 1, 0, 0]",1
30,0,206,"[8, 8, 3, 8, 8, 8, 6, 6, 8, 8]","[1, 1, 1, 0, 0, 1, 0, 0, 0, 0]",1
30,0,207,"[5, 5, 2, 5, 6, 5, 5, 5, 5, 5]","[0, 0, 0, 0, 0, 0, 0, 0, 0, 0]",1
30,0,208,"[9, 8, 9, 9, 8, 9, 9, 8, 8, 7]","[0, 0, 1, 0, 1, 0, 0, 1, 1, 1]",1
30,0,209,"[6, 5, 6, 5, 5, 5, 5, 6, 4, 5]","[1, 0, 1, 0, 0, 0, 0, 1, 0, 0]",1
30,1,0,"[7, 7, 7, 8, 7, 7, 7, 7, 6, 7]","[1, 0, 0, 1, 1, 0, 0, 1, 0, 0]",1
30,1,1,"[4, 4, 4, 4, 4, 4, 4, 5, 4, 4]","[0, 0, 0, 0, 0, 0, 0, 0, 0, 0]",1
30,1,2,"[3, 6, 1, 5, 3, 3, 7, 2, 7, 2]","[0, 1, 0, 1, 0, 0, 1, 0, 0, 0]",1
30,1,3,"[6, 2, 5, 6, 3, 6, 6, 5, 7, 5]","[0, 0, 1, 0, 0, 0, 0, 0, 0, 1]",1
30,1,4,"[3, 3, 6, 1, 5, 3, 3, 4, 3, 3]","[0, 1, 0, 0, 0, 0, 0, 0, 0, 0]",1
30,1,5,"[8, 2, 5, 5, 4, 7, 5, 2, 2, 5]","[0, 1, 0, 1, 0, 0, 0, 0, 0, 1]",1
30,1,6,"[3, 3, 4, 3, 2, 1, 2, 2, 4, 4]","[0, 0, 0, 1, 0, 0, 0, 0, 0, 1]",1
30,1,7,"[5, 6, 6, 2, 5, 3, 5, 5, 5, 3]","[0, 1, 1, 0, 0, 0, 1, 0, 0, 1]",1
30,1,8,"[3, 3, 3, 3, 3, 3, 3, 3, 4, 3]","[0, 0, 0, 0, 0, 0, 0, 0, 0, 0]",1
30,1,9,"[5, 2, 7, 3, 6, 5, 4, 5, 3, 3]","[0, 1, 0, 0, 0, 0, 0, 0, 1, 0]",1
30,1,10,"[4, 5, 4, 4, 5, 5, 5, 3, 4, 2]","[0, 0, 0, 1, 0, 0, 0, 0, 0, 0]",1
30,1,11,"[3, 3, 3, 2, 3, 4, 4, 7, 7, 6]","[0, 0, 0, 0, 0, 0, 0, 0, 1, 0]",1
30,1,12,"[5, 4, 5, 4, 5, 5, 4, 4, 4, 4]","[1, 0, 0, 0, 0, 1, 0, 0, 0, 1]",1
30,1,13,"[5, 6, 3, 6, 5, 6, 5, 5, 6, 7]","[0, 1, 0, 0, 0, 1, 0, 0, 0, 1]",1
30,1,14,"[3, 3, 3, 3, 3, 4, 3, 3, 3, 3]","[1, 0, 0, 0, 0, 0, 0, 0, 0, 0]",1
30,1,15,"[4, 5, 5, 3, 4, 5, 5, 4, 4, 4]","[0, 1, 0, 1, 0, 0, 0, 1, 1, 0]",1
30,1,16,"[4, 4, 5, 9, 4, 7, 7, 4, 4, 4]","[0, 0, 0, 1, 1, 0, 1, 1, 1, 0]",1
30,1,17,"[5, 4, 6, 8, 4, 5, 4, 4, 3, 5]","[1, 0, 0, 1, 1, 1, 0, 0, 0, 1]",1
30,1,18,"[3, 2, 2, 2, 3, 3, 5, 5, 3, 2]","[0, 0, 0, 0, 1, 0, 0, 0, 0, 1]",1
30,1,19,"[4, 6, 7, 1, 6, 2, 3, 2, 2, 5]","[0, 1, 1, 0, 1, 0, 0, 0, 0, 0]",1
30,1,20,"[5, 6, 6, 5, 8, 3, 7, 4, 4, 4]","[1, 0, 1, 0, 1, 0, 1, 0, 0, 0]",1
30,1,21,"[7, 4, 8, 5, 8, 7, 7, 6, 4, 4]","[1, 0, 1, 1, 0, 1, 0, 0, 0, 0]",1
30,1,22,"[3, 3, 3, 3, 3, 2, 4, 3, 3, 4]","[0, 0, 0, 0, 0, 1, 0, 0, 0, 0]",1
30,1,23,"[1, 4, 3, 4, 2, 1, 1, 3, 4, 3]","[0, 0, 0, 0, 0, 1, 0, 1, 1, 1]",1
30,1,24,"[5, 4, 7, 2, 2, 6, 1, 4, 2, 2]","[0, 0, 0, 0, 0, 0, 0, 1, 0, 0]",1
30,1,25,"[3, 3, 3, 3, 3, 3, 3, 3, 3, 3]","[0, 1, 1, 0, 1, 0, 0, 0, 0, 1]",1
30,1,26,"[9, 9, 9, 4, 9, 9, 2, 9, 9, 9]","[1, 0, 1, 0, 0, 0, 0, 0, 0, 1]",1
30,1,27,"[4, 4, 3, 9, 4, 5, 4, 4, 4, 5]","[0, 0, 0, 0, 0, 0, 0, 0, 0, 0]",1
30,1,28,"[6, 3, 3, 4, 3, 3, 3, 3, 4, 3]","[0, 0, 0, 0, 0, 0, 0, 0, 0, 0]",1
30,1,29,"[9, 5, 9, 9, 9, 9, 7, 9, 6, 8]","[1, 0, 1, 0, 1, 0, 0, 0, 0, 1]",1
30,1,30,"[9, 8, 8, 9, 3, 8, 6, 8, 7, 7]","[0, 1, 1, 0, 0, 1, 1, 0, 0, 0]",1
30,1,31,"[5, 5, 5, 5, 5, 5, 5, 5, 2, 2]","[0, 0, 1, 0, 0, 0, 0, 1, 1, 0]",1
30,1,32,"[4, 3, 4, 4, 4, 6, 5, 4, 7, 3]","[0, 0, 0, 0, 0, 1, 0, 1, 0, 0]",1
30,1,33,"[6, 6, 4, 6, 5, 4, 5, 4, 4, 5]","[0, 0, 0, 0, 0, 0, 0, 0, 0, 0]",1
30,1,34,"[5, 5, 7, 5, 5, 5, 8, 6, 8, 6]","[1, 1, 0, 0, 0, 0, 1, 0, 1, 1]",1
30,1,35,"[3, 2, 2, 3, 6, 2, 8, 3, 3, 2]","[0, 0, 0, 0, 0, 0, 1, 1, 0, 0]",1
30,1,36,"[7, 6, 5, 5, 8, 7, 7, 5, 5, 4]","[0, 0, 0, 0, 1, 0, 0, 1, 1, 0]",1
30,1,37,"[6, 5, 5, 4, 4, 5, 5, 4, 4, 5]","[0, 0, 1, 1, 0, 1, 1, 1, 1, 0]",1
30,1,38,"[4, 4, 3, 2, 5, 4, 2, 4, 4, 3]","[0, 0, 0, 0, 0, 0, 0, 1, 0, 0]",1
30,1,39,"[1, 1, 4, 2, 1, 3, 1, 1, 2, 3]","[0, 0, 1, 1, 0, 1, 0, 0, 0, 0]",1
30,1,40,"[2, 3, 2, 3, 2, 1, 2, 2, 2, 3]","[0, 0, 0, 0, 0, 0, 0, 0, 0, 0]",1
30,1,41,"[5, 5, 7, 6, 3, 6, 6, 2, 6, 7]","[0, 0, 0, 1, 0, 0, 0, 0, 1, 0]",1
30,1,42,"[3, 4, 2, 3, 4, 2, 4, 4, 7, 3]","[0, 0, 0, 0, 0, 0, 0, 0, 0, 0]",1
30,1,43,"[6, 7, 5, 7, 2, 6, 5, 4, 6, 3]","[0, 1, 0, 1, 0, 0, 0, 0, 0, 0]",1
30,1,44,"[4, 4, 4, 3, 7, 5, 4, 1, 7, 4]","[0, 0, 0, 0, 0, 1, 0, 0, 1, 0]",1
30,1,45,"[7, 4, 6, 4, 3, 3, 4, 3, 3, 3]","[0, 0, 0, 0, 0, 0, 1, 1, 1, 0]",1
30,1,46,"[3, 3, 4, 3, 3, 3, 3, 3, 2, 2]","[0, 0, 0, 1, 0, 0, 0, 0, 0, 0]",1
30,1,47,"[4, 4, 3, 4, 4, 4, 4, 4, 7, 6]","[1, 0, 0, 0, 0, 1, 0, 1, 0, 1]",1
30,1,48,"[3, 3, 3, 4, 3, 3, 2, 6, 3, 3]","[0, 0, 0, 0, 0, 0, 0, 0, 0, 0]",1
30,1,49,"[6, 3, 3, 4, 3, 1, 4, 2, 3, 3]","[0, 0, 0, 0, 0, 0, 0, 0, 0, 0]",1
30,1,50,"[8, 4, 7, 5, 6, 5, 4, 4, 7, 4]","[1, 0, 1, 0, 0, 1, 0, 0, 0, 0]",1
30,1,51,"[3, 3, 4, 3, 3, 4, 2, 3, 3, 3]","[0, 0, 0, 1, 0, 0, 0, 0, 0, 0]",1
30,1,52,"[4, 2, 3, 2, 2, 2, 2, 3, 3, 2]","[1, 0, 0, 0, 1, 0, 1, 0, 1, 0]",1
30,1,53,"[2, 3, 3, 3, 4, 1, 4, 2, 3, 3]","[0, 0, 0, 1, 1, 0, 0, 0, 0, 0]",1
30,1,54,"[2, 1, 4, 1, 3, 3, 2, 2, 3, 3]","[0, 0, 0, 0, 0, 0, 0, 0, 0, 0]",1
30,1,55,"[4, 6, 5, 4, 4, 5, 4, 4, 4, 5]","[1, 0, 0, 1, 0, 0, 1, 0, 0, 0]",1
30,1,56,"[4, 4, 3, 4, 4, 3, 3, 4, 6, 4]","[0, 0, 0, 1, 0, 1, 0, 0, 0, 0]",1
30,1,57,"[6, 3, 4, 4, 2, 1, 3, 3, 5, 3]","[1, 0, 0, 0, 0, 0, 0, 0, 0, 1]",1
30,1,58,"[4, 2, 2, 2, 3, 2, 5, 2, 4, 3]","[1, 0, 0, 0, 0, 0, 0, 0, 0, 0]",1
30,1,59,"[6, 1, 6, 5, 5, 3, 4, 4, 5, 5]","[0, 0, 0, 1, 0, 1, 0, 0, 0, 0]",1
30,1,60,"[1, 3, 1, 3, 3, 3, 1, 3, 3, 2]","[0, 0, 0, 0, 1, 0, 0, 0, 0, 0]",1
30,1,61,"[4, 3, 4, 9, 4, 4, 2, 4, 3, 6]","[0, 0, 0, 1, 0, 0, 0, 0, 0, 0]",1
30,1,62,"[9, 9, 9, 9, 9, 9, 4, 9, 9, 9]","[1, 0, 1, 0, 1, 0, 0, 0, 1, 1]",1
30,1,63,"[5, 5, 4, 4, 5, 5, 6, 4, 5, 5]","[1, 0, 0, 0, 0, 0, 1, 0, 0, 0]",1
30,1,64,"[6, 2, 7, 7, 6, 8, 6, 7, 7, 7]","[0, 0, 0, 0, 0, 0, 0, 0, 1, 0]",1
30,1,65,"[4, 4, 3, 3, 4, 2, 3, 3, 4, 3]","[0, 0, 1, 0, 1, 0, 0, 0, 0, 1]",1
30,1,66,"[5, 4, 6, 1, 9, 7, 5, 5, 5, 4]","[0, 0, 1, 0, 1, 0, 0, 0, 0, 0]",1
30,1,67,"[4, 2, 6, 6, 5, 6, 6, 1, 6, 2]","[0, 0, 0, 1, 1, 1, 1, 0, 0, 0]",1
30,1,68,"[2, 4, 4, 2, 4, 3, 7, 4, 4, 4]","[0, 0, 1, 0, 0, 0, 0, 1, 0, 0]",1
30,1,69,"[3, 6, 5, 6, 6, 5, 5, 1, 4, 6]","[0, 1, 1, 0, 0, 0, 0, 0, 0, 0]",1
30,1,70,"[4, 7, 4, 5, 7, 6, 5, 5, 5, 5]","[0, 0, 0, 1, 1, 1, 0, 0, 0, 0]",1
30,1,71,"[3, 3, 2, 3, 3, 2, 3, 3, 3, 4]","[0, 0, 0, 0, 0, 0, 1, 0, 0, 0]",1
30,1,72,"[4, 3, 4, 4, 4, 4, 4, 4, 4, 4]","[1, 0, 0, 0, 0, 0, 0, 0, 1, 1]",1
30,1,73,"[1, 1, 1, 1, 1, 4, 1, 1, 1, 4]","[0, 0, 0, 1, 1, 0, 0, 1, 0, 1]",1
30,1,74,"[2, 3, 4, 4, 3, 4, 2, 4, 4, 5]","[0, 0, 0, 0, 0, 1, 0, 1, 0, 1]",1
30,1,75,"[3, 3, 3, 3, 3, 4, 2, 3, 3, 3]","[1, 0, 0, 0, 0, 1, 1, 0, 1, 0]",1
30,1,76,"[5, 2, 5, 3, 1, 3, 2, 3, 2, 3]","[1, 0, 0, 1, 0, 0, 0, 0, 0, 0]",1
30,1,77,"[4, 4, 4, 3, 4, 5, 4, 4, 4, 6]","[0, 0, 0, 0, 0, 0, 0, 0, 0, 1]",1
30,1,78,"[6, 6, 4, 5, 5, 5, 2, 1, 5, 5]","[0, 1, 0, 1, 1, 0, 0, 1, 0, 0]",1
30,1,79,"[2, 2, 2, 2, 4, 4, 1, 3, 4, 3]","[0, 0, 0, 1, 0, 0, 0, 0, 0, 0]",1
30,1,80,"[8, 7, 7, 8, 6, 8, 8, 6, 7, 8]","[0, 1, 1, 1, 1, 1, 0, 1, 0, 1]",1
30,1,81,"[2, 2, 2, 4, 5, 2, 5, 7, 5, 5]","[0, 0, 0, 0, 0, 1, 1, 1, 0, 0]",1
30,1,82,"[4, 4, 5, 5, 4, 6, 4, 4, 5, 4]","[0, 0, 0, 0, 0, 1, 1, 0, 0, 0]",1
30,1,83,"[5, 4, 4, 6, 7, 6, 5, 6, 7, 4]","[0, 0, 0, 0, 0, 0, 1, 0, 1, 0]",1
30,1,84,"[1, 1, 2, 1, 1, 1, 1, 1, 3, 1]","[1, 0, 1, 0, 0, 0, 0, 1, 1, 0]",1
30,1,85,"[6, 6, 6, 6, 6, 7, 5, 6, 6, 6]","[0, 0, 1, 0, 0, 0, 0, 1, 0, 0]",1
30,1,86,"[2, 6, 6, 6, 5, 5, 7, 5, 6, 6]","[0, 1, 1, 1, 1, 1, 0, 0, 0, 0]",1
30,1,87,"[4, 4, 4, 3, 1, 3, 1, 2, 3, 4]","[1, 0, 0, 0, 0, 0, 0, 1, 0, 1]",1
30,1,88,"[2, 2, 3, 3, 3, 3, 4, 3, 4, 4]","[0, 0, 0, 1, 1, 1, 1, 0, 0, 0]",1
30,1,89,"[5, 5, 5, 6, 5, 5, 5, 3, 5, 4]","[1, 0, 0, 1, 1, 0, 0, 0, 1, 0]",1
30,1,90,"[6, 6, 6, 6, 5, 6, 6, 6, 6, 6]","[0, 0, 0, 0, 0, 0, 0, 0, 1, 0]",1
30,1,91,"[4, 2, 3, 2, 4, 3, 5, 3, 4, 8]","[0, 1, 0, 0, 0, 0, 0, 0, 0, 1]",1
30,1,92,"[8, 6, 5, 2, 2, 2, 5, 2, 2, 5]","[0, 0, 1, 0, 0, 0, 0, 0, 0, 0]",1
30,1,93,"[3, 3, 8, 1, 2, 3, 1, 4, 3, 4]","[0, 0, 1, 1, 0, 1, 0, 0, 0, 1]",1
30,1,94,"[3, 8, 4, 9, 4, 3, 4, 8, 8, 7]","[0, 1, 1, 1, 0, 0, 0, 1, 1, 1]",1
30,1,95,"[6, 5, 4, 4, 4, 5, 4, 4, 4, 3]","[0, 0, 0, 0, 0, 0, 0, 1, 1, 0]",1
30,1,96,"[6, 4, 5, 4, 9, 5, 3, 5, 4, 5]","[0, 0, 1, 0, 0, 0, 0, 1, 0, 1]",1
30,1,97,"[5, 5, 2, 5, 4, 5, 4, 4, 4, 4]","[0, 0, 0, 1, 1, 0, 0, 0, 0, 0]",1
30,1,98,"[9, 7, 8, 3, 9, 9, 9, 7, 3, 3]","[0, 0, 0, 0, 0, 1, 1, 0, 0, 0]",1
30,1,99,"[2, 2, 3, 1, 2, 1, 2, 7, 2, 9]","[0, 0, 0, 0, 0, 0, 0, 1, 0, 1]",1
30,1,100,"[4, 3, 3, 3, 3, 3, 3, 2, 3, 3]","[0, 0, 0, 0, 0, 0, 0, 0, 1, 0]",1
30,1,101,"[8, 4, 6, 4, 4, 6, 1, 5, 1, 5]","[0, 0, 1, 0, 0, 0, 0, 0, 0, 0]",1
30,1,102,"[5, 5, 4, 1, 5, 1, 1, 4, 1, 2]","[0, 1, 0, 0, 0, 0, 0, 0, 0, 0]",1
30,1,103,"[2, 3, 2, 2, 2, 2, 2, 2, 2, 2]","[0, 0, 0, 0, 0, 0, 0, 0, 0, 0]",1
30,1,104,"[8, 7, 9, 9, 8, 8, 8, 8, 9, 9]","[1, 1, 1, 1, 1, 1, 1, 1, 0, 1]",1
30,1,105,"[5, 6, 2, 4, 5, 4, 9, 5, 4, 7]","[0, 0, 0, 0, 0, 0, 1, 0, 0, 1]",1
30,1,106,"[5, 5, 1, 4, 4, 4, 4, 4, 9, 4]","[0, 0, 0, 0, 0, 0, 0, 0, 1, 1]",1
30,1,107,"[3, 3, 3, 1, 5, 9, 3, 3, 4, 4]","[0, 0, 0, 0, 0, 0, 0, 0, 0, 0]",1
30,1,108,"[4, 4, 4, 3, 1, 5, 3, 4, 5, 5]","[0, 0, 0, 1, 0, 0, 0, 1, 1, 0]",1
30,1,109,"[5, 5, 2, 4, 6, 4, 9, 6, 4, 6]","[0, 0, 0, 0, 0, 0, 1, 0, 1, 1]",1
30,1,110,"[4, 4, 4, 2, 4, 6, 4, 4, 3, 5]","[0, 0, 0, 0, 0, 0, 0, 1, 0, 0]",1
30,1,111,"[5, 6, 5, 8, 6, 7, 4, 4, 5, 4]","[0, 1, 1, 1, 1, 0, 1, 0, 0, 0]",1
30,1,112,"[5, 5, 4, 5, 5, 6, 5, 4, 5, 5]","[1, 0, 1, 0, 0, 1, 0, 0, 0, 1]",1
30,1,113,"[6, 5, 5, 6, 5, 5, 5, 5, 5, 4]","[0, 0, 0, 0, 0, 0, 0, 1, 0, 1]",1
30,1,114,"[4, 3, 3, 3, 2, 2, 4, 5, 5, 3]","[0, 0, 0, 0, 0, 1, 1, 1, 0, 0]",1
30,1,115,"[5, 5, 4, 6, 5, 5, 8, 4, 5, 5]","[1, 0, 1, 1, 0, 0, 0, 1, 0, 0]",1
30,1,116,"[5, 4, 6, 5, 3, 4, 8, 5, 5, 5]","[0, 1, 1, 0, 0, 0, 1, 0, 1, 0]",1
30,1,117,"[3, 3, 3, 2, 3, 3, 2, 8, 3, 3]","[0, 1, 0, 0, 0, 0, 0, 1, 0, 0]",1
30,1,118,"[5, 6, 7, 5, 7, 7, 6, 6, 6, 4]","[0, 0, 1, 0, 0, 1, 1, 0, 1, 0]",1
30,1,119,"[9, 5, 5, 5, 4, 5, 6, 4, 6, 4]","[1, 0, 0, 1, 1, 0, 0, 0, 1, 0]",1
30,1,120,"[7, 2, 7, 8, 5, 6, 5, 5, 5, 6]","[1, 0, 0, 0, 0, 0, 0, 1, 0, 1]",1
30,1,121,"[5, 4, 5, 5, 5, 5, 4, 5, 5, 9]","[0, 0, 0, 0, 1, 0, 0, 0, 0, 1]",1
30,1,122,"[8, 4, 4, 5, 4, 4, 4, 4, 5, 4]","[1, 0, 0, 0, 1, 0, 0, 0, 0, 0]",1
30,1,123,"[3, 1, 4, 6, 4, 7, 3, 1, 3, 3]","[0, 0, 0, 0, 0, 0, 1, 0, 0, 1]",1
30,1,124,"[4, 4, 4, 4, 5, 5, 5, 4, 3, 4]","[0, 0, 1, 0, 1, 0, 0, 0, 1, 1]",1
30,1,125,"[5, 5, 5, 5, 5, 5, 5, 4, 5, 5]","[0, 1, 1, 0, 0, 0, 1, 0, 1, 0]",1
30,1,126,"[1, 3, 3, 3, 3, 4, 3, 1, 3, 3]","[0, 0, 0, 0, 0, 0, 0, 0, 0, 1]",1
30,1,127,"[3, 2, 3, 2, 3, 3, 4, 2, 6, 3]","[0, 0, 0, 0, 0, 0, 0, 0, 0, 0]",1
30,1,128,"[6, 8, 6, 4, 5, 5, 6, 7, 6, 6]","[1, 1, 0, 0, 1, 0, 0, 0, 1, 0]",1
30,1,129,"[6, 2, 6, 2, 3, 6, 3, 3, 5, 4]","[0, 0, 0, 0, 0, 1, 1, 0, 0, 0]",1
30,1,130,"[6, 5, 8, 7, 5, 3, 5, 5, 2, 7]","[0, 0, 0, 1, 0, 0, 1, 0, 0, 0]",1
30,1,131,"[3, 5, 1, 1, 1, 7, 7, 5, 4, 7]","[1, 1, 0, 0, 0, 1, 1, 0, 1, 1]",1
30,1,132,"[3, 2, 3, 4, 2, 4, 5, 6, 4, 5]","[0, 0, 0, 0, 0, 0, 0, 0, 0, 0]",1
30,1,133,"[5, 3, 3, 4, 4, 5, 4, 4, 3, 5]","[1, 0, 0, 0, 0, 0, 0, 0, 1, 0]",1
30,1,134,"[4, 5, 5, 1, 5, 5, 4, 5, 5, 6]","[1, 0, 0, 0, 0, 0, 0, 0, 0, 1]",1
30,1,135,"[5, 6, 3, 6, 4, 5, 2, 6, 6, 4]","[1, 1, 0, 1, 1, 0, 0, 1, 0, 0]",1
30,1,136,"[5, 5, 6, 6, 6, 6, 5, 7, 4, 7]","[1, 0, 1, 1, 0, 0, 0, 0, 0, 0]",1
30,1,137,"[4, 1, 2, 2, 1, 2, 3, 4, 2, 2]","[1, 0, 1, 0, 0, 0, 0, 0, 1, 0]",1
30,1,138,"[3, 3, 2, 3, 3, 4, 3, 4, 3, 4]","[0, 0, 0, 0, 0, 1, 0, 0, 0, 1]",1
30,1,139,"[6, 4, 5, 5, 5, 6, 2, 5, 4, 7]","[0, 0, 0, 0, 0, 0, 0, 0, 0, 0]",1
30,1,140,"[7, 4, 5, 4, 6, 5, 6, 7, 5, 7]","[1, 1, 1, 1, 0, 0, 0, 0, 0, 1]",1
30,1,141,"[3, 2, 3, 3, 4, 3, 2, 4, 4, 4]","[0, 0, 0, 0, 0, 0, 0, 0, 0, 0]",1
30,1,142,"[8, 3, 3, 4, 3, 7, 1, 2, 8, 1]","[0, 0, 1, 0, 0, 0, 0, 0, 0, 0]",1
30,1,143,"[3, 3, 3, 1, 5, 3, 3, 3, 4, 3]","[0, 0, 0, 0, 0, 1, 0, 0, 0, 0]",1
30,1,144,"[4, 4, 3, 5, 1, 4, 4, 4, 6, 4]","[0, 1, 1, 1, 0, 0, 1, 1, 1, 1]",1
30,1,145,"[5, 5, 5, 4, 5, 9, 6, 5, 4, 5]","[0, 0, 0, 0, 0, 0, 1, 1, 0, 1]",1
30,1,146,"[5, 5, 5, 5, 5, 5, 5, 5, 5, 5]","[1, 1, 0, 1, 1, 0, 0, 1, 0, 0]",1
30,1,147,"[7, 4, 5, 3, 5, 5, 4, 5, 4, 5]","[1, 1, 0, 0, 1, 0, 1, 1, 0, 0]",1
30,1,148,"[7, 1, 6, 4, 5, 5, 4, 4, 5, 5]","[0, 0, 1, 0, 0, 0, 0, 0, 0, 1]",1
30,1,149,"[2, 5, 3, 4, 5, 3, 3, 3, 3, 4]","[0, 0, 0, 0, 0, 0, 1, 0, 0, 0]",1
30,1,150,"[4, 4, 2, 2, 2, 5, 1, 5, 4, 2]","[0, 0, 0, 0, 0, 0, 0, 0, 0, 0]",1
30,1,151,"[4, 4, 3, 7, 3, 3, 3, 4, 3, 3]","[0, 1, 1, 0, 0, 1, 0, 0, 0, 0]",1
30,1,152,"[3, 1, 3, 3, 4, 4, 4, 7, 2, 4]","[0, 0, 0, 0, 0, 0, 0, 0, 0, 0]",1
30,1,153,"[4, 3, 6, 2, 3, 4, 4, 4, 9, 7]","[0, 1, 0, 0, 0, 0, 0, 0, 0, 1]",1
30,1,154,"[4, 4, 3, 3, 3, 5, 6, 4, 3, 4]","[0, 0, 0, 0, 0, 0, 1, 0, 0, 0]",1
30,1,155,"[5, 4, 7, 3, 4, 4, 4, 3, 5, 5]","[0, 0, 1, 0, 0, 0, 0, 0, 0, 0]",1
30,1,156,"[3, 4, 4, 6, 4, 4, 4, 3, 9, 2]","[0, 0, 0, 1, 0, 0, 0, 0, 0, 0]",1
30,1,157,"[5, 4, 4, 4, 5, 4, 4, 3, 4, 4]","[0, 1, 1, 0, 1, 0, 0, 1, 0, 0]",1
30,1,158,"[3, 2, 8, 2, 4, 6, 2, 3, 2, 7]","[0, 0, 1, 0, 0, 0, 0, 0, 0, 1]",1
30,1,159,"[7, 6, 7, 5, 1, 6, 6, 7, 5, 5]","[0, 0, 1, 0, 0, 0, 1, 0, 1, 1]",1
30,1,160,"[5, 7, 3, 5, 8, 4, 5, 1, 4, 5]","[0, 1, 0, 0, 1, 1, 0, 1, 1, 1]",1
30,1,161,"[5, 5, 5, 4, 4, 5, 5, 5, 4, 3]","[0, 1, 1, 0, 0, 1, 1, 1, 0, 1]",1
30,1,162,"[6, 8, 6, 7, 6, 2, 8, 7, 6, 6]","[0, 0, 0, 0, 0, 0, 0, 0, 0, 0]",1
30,1,163,"[4, 1, 5, 3, 3, 3, 2, 3, 3, 3]","[0, 0, 0, 0, 0, 0, 0, 0, 0, 0]",1
30,1,164,"[9, 3, 7, 8, 9, 6, 8, 5, 9, 9]","[1, 0, 1, 1, 1, 1, 1, 1, 1, 1]",1
30,1,165,"[3, 3, 2, 3, 2, 3, 4, 3, 3, 3]","[1, 0, 0, 0, 0, 0, 0, 0, 0, 1]",1
30,1,166,"[8, 3, 5, 4, 4, 3, 1, 5, 2, 1]","[1, 1, 1, 0, 1, 0, 0, 0, 0, 0]",1
30,1,167,"[9, 9, 9, 9, 9, 9, 9, 8, 9, 9]","[0, 0, 1, 0, 0, 1, 0, 1, 0, 0]",1
30,1,168,"[4, 3, 1, 7, 2, 4, 6, 3, 5, 7]","[0, 1, 1, 1, 0, 0, 0, 0, 0, 0]",1
30,1,169,"[4, 4, 7, 7, 6, 5, 4, 5, 4, 4]","[0, 0, 0, 0, 0, 0, 1, 0, 0, 0]",1
30,1,170,"[5, 5, 3, 3, 2, 5, 2, 5, 6, 5]","[0, 1, 0, 0, 0, 0, 0, 1, 0, 0]",1
30,1,171,"[7, 5, 6, 9, 2, 2, 8, 4, 3, 7]","[0, 1, 1, 1, 0, 1, 1, 0, 0, 1]",1
30,1,172,"[4, 5, 5, 3, 3, 4, 4, 4, 2, 4]","[0, 0, 1, 0, 0, 1, 0, 0, 1, 0]",1
30,1,173,"[2, 2, 3, 4, 4, 3, 2, 4, 4, 2]","[0, 0, 0, 0, 0, 0, 0, 0, 0, 0]",1
30,1,174,"[5, 8, 5, 6, 7, 5, 5, 1, 5, 6]","[1, 0, 1, 0, 0, 1, 0, 1, 1, 0]",1
30,1,175,"[3, 1, 1, 1, 2, 2, 1, 3, 1, 2]","[0, 0, 0, 0, 0, 0, 0, 1, 0, 0]",1
30,1,176,"[9, 3, 8, 4, 8, 5, 5, 8, 7, 5]","[1, 0, 0, 1, 0, 0, 0, 0, 0, 1]",1
30,1,177,"[2, 2, 3, 2, 3, 3, 2, 2, 3, 3]","[0, 0, 0, 0, 1, 0, 0, 0, 0, 1]",1
30,1,178,"[3, 2, 6, 5, 6, 5, 6, 6, 1, 5]","[1, 0, 1, 1, 1, 1, 0, 1, 0, 0]",1
30,1,179,"[6, 4, 3, 2, 3, 1, 3, 7, 3, 3]","[0, 0, 0, 1, 0, 0, 0, 0, 0, 0]",1
30,1,180,"[3, 2, 3, 3, 3, 4, 3, 4, 3, 3]","[0, 1, 0, 0, 1, 0, 0, 0, 0, 0]",1
30,1,181,"[1, 4, 5, 3, 7, 4, 7, 1, 8, 6]","[0, 0, 0, 0, 0, 0, 1, 0, 0, 0]",1
30,1,182,"[5, 7, 8, 8, 7, 8, 1, 4, 6, 7]","[1, 0, 1, 1, 1, 0, 1, 0, 0, 1]",1
30,1,183,"[4, 6, 5, 5, 4, 5, 5, 5, 6, 4]","[0, 1, 0, 1, 0, 0, 0, 1, 1, 0]",1
30,1,184,"[3, 3, 3, 4, 3, 4, 3, 1, 4, 4]","[1, 0, 0, 0, 0, 0, 0, 0, 1, 0]",1
30,1,185,"[7, 7, 3, 3, 6, 8, 4, 8, 7, 6]","[0, 0, 0, 0, 1, 0, 1, 1, 1, 0]",1
30,1,186,"[2, 6, 4, 4, 4, 3, 6, 4, 5, 3]","[0, 0, 0, 0, 1, 1, 0, 1, 0, 0]",1
30,1,187,"[4, 4, 6, 4, 4, 5, 4, 5, 1, 6]","[0, 0, 0, 0, 1, 0, 0, 1, 0, 0]",1
30,1,188,"[3, 4, 6, 4, 5, 4, 6, 3, 4, 3]","[0, 0, 1, 0, 0, 0, 0, 0, 0, 0]",1
30,1,189,"[4, 4, 6, 3, 7, 7, 5, 7, 6, 7]","[0, 0, 1, 0, 0, 1, 1, 0, 0, 1]",1
30,1,190,"[4, 7, 5, 6, 2, 3, 6, 3, 7, 3]","[0, 1, 0, 1, 0, 0, 0, 0, 1, 0]",1
30,1,191,"[4, 4, 5, 4, 4, 3, 4, 3, 4, 4]","[1, 0, 0, 0, 0, 0, 0, 0, 0, 1]",1
30,1,192,"[5, 5, 8, 5, 6, 4, 5, 6, 4, 5]","[1, 0, 0, 0, 1, 1, 0, 0, 0, 1]",1
30,1,193,"[6, 6, 6, 6, 6, 7, 5, 4, 6, 5]","[1, 1, 0, 1, 0, 1, 0, 0, 1, 0]",1
30,1,194,"[4, 3, 4, 3, 7, 4, 5, 6, 3, 4]","[0, 0, 0, 0, 0, 0, 1, 0, 1, 1]",1
30,1,195,"[1, 4, 6, 2, 1, 5, 1, 1, 3, 1]","[0, 1, 0, 1, 0, 0, 0, 0, 0, 0]",1
30,1,196,"[4, 7, 4, 9, 9, 3, 3, 3, 3, 3]","[0, 1, 0, 0, 0, 1, 0, 0, 0, 0]",1
30,1,197,"[6, 5, 5, 4, 5, 6, 5, 5, 5, 5]","[1, 0, 1, 0, 0, 1, 1, 1, 1, 0]",1
30,1,198,"[3, 3, 5, 3, 5, 3, 2, 4, 6, 4]","[0, 0, 0, 0, 0, 0, 0, 0, 0, 0]",1
30,1,199,"[2, 2, 2, 8, 2, 2, 2, 2, 2, 2]","[0, 0, 0, 1, 0, 0, 0, 0, 0, 0]",1
30,1,200,"[2, 3, 2, 1, 2, 2, 2, 2, 2, 3]","[0, 0, 0, 0, 0, 0, 0, 0, 0, 1]",1
30,1,201,"[4, 3, 4, 4, 4, 7, 3, 1, 8, 4]","[0, 0, 1, 0, 0, 0, 0, 0, 0, 1]",1
30,1,202,"[6, 5, 4, 4, 5, 6, 1, 4, 4, 5]","[0, 0, 0, 0, 0, 0, 0, 0, 0, 0]",1
30,1,203,"[4, 3, 4, 4, 2, 1, 4, 5, 4, 3]","[0, 0, 0, 0, 0, 0, 0, 0, 0, 0]",1
30,1,204,"[2, 2, 2, 2, 2, 2, 4, 3, 1, 2]","[0, 0, 0, 0, 0, 0, 0, 0, 0, 0]",1
30,1,205,"[9, 9, 9, 8, 9, 9, 8, 9, 7, 9]","[0, 1, 0, 0, 0, 1, 1, 0, 0, 0]",1
30,1,206,"[7, 2, 7, 2, 2, 3, 2, 2, 7, 2]","[0, 0, 1, 0, 0, 0, 0, 0, 1, 0]",1
30,1,207,"[2, 1, 3, 2, 2, 3, 3, 2, 2, 2]","[0, 0, 0, 0, 0, 0, 0, 0, 0, 0]",1
30,1,208,"[3, 4, 6, 4, 5, 4, 4, 5, 6, 5]","[0, 1, 0, 0, 0, 0, 0, 0, 0, 0]",1
30,1,209,"[1, 6, 4, 3, 4, 3, 3, 6, 5, 2]","[0, 0, 0, 0, 0, 0, 0, 0, 0, 0]",1
